1  -1.284567  -1.284567  -0.006195
2  -1.281426  -1.284567  10.039993
3  -1.278284  -1.284567  -10.211243
4  -1.275143  -1.284567  10.167877
5  -1.272001  -1.284536  -10.166107
6  -1.268860  -1.284473  10.195755
7  -1.265719  -1.284473  -10.187790
8  -1.262578  -1.284473  10.182480
9  -1.259437  -1.284442  -10.177612
10  -1.256297  -1.284410  10.172302
11  -1.253157  -1.284379  -10.182480
12  -1.250017  -1.284379  10.179825
13  -1.246877  -1.284348  -10.187790
14  -1.243738  -1.284348  10.158585
15  -1.240599  -1.284348  -10.172745
16  -1.237461  -1.284348  10.170975
17  -1.234323  -1.284316  -10.180710
18  -1.231186  -1.284316  10.176285
19  -1.228049  -1.284316  -10.186462
20  -1.224913  -1.284316  10.163452
21  -1.221777  -1.284316  -10.184250
22  -1.218642  -1.284285  10.182037
23  -1.215507  -1.284285  -10.170975
24  -1.212374  -1.284285  10.173630
25  -1.209241  -1.284285  -10.161682
26  -1.206108  -1.284285  10.176727
27  -1.202977  -1.284285  -10.166550
28  -1.199846  -1.284285  10.186462
29  -1.196716  -1.284285  -10.162125
30  -1.193587  -1.284285  10.161240
31  -1.190459  -1.284285  -10.180267
32  -1.187332  -1.284285  10.167877
33  -1.184206  -1.284285  -10.148849
34  -1.181081  -1.284285  10.162567
35  -1.177956  -1.284285  -10.192215
36  -1.174833  -1.284285  10.170975
37  -1.171711  -1.284285  -10.184692
38  -1.168590  -1.284285  10.210800
39  -1.165470  -1.284285  -10.186020
40  -1.162352  -1.284285  10.198853
41  -1.159234  -1.284285  -10.154602
42  -1.156118  -1.284316  10.230713
43  -1.153003  -1.284316  -10.166992
44  -1.149889  -1.284379  10.163895
45  -1.146777  -1.284379  -10.176285
46  -1.143666  -1.284379  10.219208
47  -1.140557  -1.284379  -10.183365
48  -1.137449  -1.284379  10.340897
49  -1.134342  -1.284379  -10.172745
50  -1.131237  -1.284410  10.185577
51  -1.128133  -1.284410  -10.176727
52  -1.125031  -1.284442  10.179382
53  -1.121930  -1.284442  -10.182037
54  -1.118831  -1.284442  10.167435
55  -1.115734  -1.284473  -10.161682
56  -1.112638  -1.284473  10.182037
57  -1.109544  -1.284473  -10.113007
58  -1.106452  -1.284505  10.195312
59  -1.103362  -1.284505  -10.214340
60  -1.100273  -1.284505  10.151062
61  -1.097186  -1.284505  -10.272308
62  -1.094101  -1.284505  10.173187
63  -1.091018  -1.284505  -10.197968
64  -1.087937  -1.284536  10.211685
65  -1.084857  -1.284536  -10.211243
66  -1.081780  -1.284536  10.220093
67  -1.078705  -1.284536  -10.218323
68  -1.075632  -1.284536  10.209030
69  -1.072560  -1.284536  -10.214340
70  -1.069491  -1.284536  10.200623
71  -1.066424  -1.284536  -10.215668
72  -1.063359  -1.284536  10.212128
73  -1.060297  -1.284536  -10.190445
74  -1.057236  -1.284536  10.183365
75  -1.054178  -1.284536  -10.183365
76  -1.051122  -1.284536  10.201065
77  -1.048069  -1.284536  -10.186905
78  -1.045017  -1.284536  10.210358
79  -1.041968  -1.284536  -10.197083
80  -1.038922  -1.284536  10.187790
81  -1.035878  -1.284536  -10.182480
82  -1.032836  -1.284536  10.211685
83  -1.029797  -1.284536  -10.219208
84  -1.026760  -1.284536  10.197525
85  -1.023726  -1.284536  -10.195312
86  -1.020694  -1.284536  10.194427
87  -1.017666  -1.284536  -10.204163
88  -1.014639  -1.284536  10.198853
89  -1.011616  -1.284536  -10.192215
90  -1.008595  -1.284536  10.208145
91  -1.005576  -1.284536  -10.206375
92  -1.002561  -1.284536  10.196640
93  -0.999548  -1.284536  -10.197083
94  -0.996538  -1.284536  10.208588
95  -0.993531  -1.284536  -10.179382
96  -0.990527  -1.284536  10.196640
97  -0.987526  -1.284536  -10.222748
98  -0.984528  -1.284536  10.155487
99  -0.981532  -1.284536  -10.198410
100  -0.978540  -1.284536  10.159912
101  -0.975550  -1.284536  -10.173187
102  -0.972564  -1.284536  10.190887
103  -0.969581  -1.284536  -10.197525
104  -0.966601  -1.284536  10.207703
105  -0.963624  -1.284536  -10.869247
106  -0.960650  -1.284536  10.110352
107  -0.957679  -1.284536  -10.214783
108  -0.954712  -1.284536  10.195755
109  -0.951748  -1.284536  -10.199738
110  -0.948787  -1.284536  10.948456
111  -0.945830  -1.284536  -10.096634
112  -0.942875  -1.284536  10.202835
113  -0.939925  -1.284536  -10.235138
114  -0.936977  -1.284536  10.205048
115  -0.934033  -1.284536  -10.903320
116  -0.931093  -1.284536  10.112122
117  -0.928156  -1.284536  -10.287354
118  -0.925222  -1.284536  10.170090
119  -0.922292  -1.284536  -10.219650
120  -0.919366  -1.284536  10.208145
121  -0.916443  -1.284536  -10.220978
122  -0.913524  -1.284536  10.173630
123  -0.910608  -1.284536  -10.190887
124  -0.907696  -1.284536  10.187347
125  -0.904788  -1.284536  -10.190887
126  -0.901884  -1.284536  10.206375
127  -0.898983  -1.284536  -10.179382
128  -0.896087  -1.284536  10.170532
129  -0.893194  -1.284536  -10.195312
130  -0.890305  -1.284536  10.185135
131  -0.887420  -1.284536  -10.189117
132  -0.884538  -1.284536  10.173630
133  -0.881661  -1.284536  -10.188675
134  -0.878788  -1.284536  10.194427
135  -0.875918  -1.284536  -10.179825
136  -0.873053  -1.284536  10.205933
137  -0.870192  -1.284536  -10.195755
138  -0.867335  -1.284536  10.186905
139  -0.864482  -1.284536  -10.186462
140  -0.861633  -1.284536  10.832520
141  -0.858788  -1.284536  -10.077606
142  -0.855948  -1.284536  10.186020
143  -0.853111  -1.284536  -10.182480
144  -0.850279  -1.284536  10.165665
145  -0.847452  -1.284536  -10.168320
146  -0.844628  -1.284536  10.166107
147  -0.841809  -1.284536  -10.167877
148  -0.838995  -1.284536  10.186020
149  -0.836184  -1.284536  -10.182922
150  -0.833378  -1.284536  10.187790
151  -0.830577  -1.284536  -10.178940
152  -0.827780  -1.284536  10.182037
153  -0.824988  -1.284536  -10.176727
154  -0.822200  -1.284536  10.190002
155  -0.819416  -1.284536  -10.177612
156  -0.816638  -1.284536  10.167877
157  -0.813864  -1.284536  -10.166107
158  -0.811094  -1.284536  10.194870
159  -0.808329  -1.284536  -10.174072
160  -0.805569  -1.284536  10.193542
161  -0.802814  -1.284536  -10.170975
162  -0.800063  -1.284536  10.822784
163  -0.797317  -1.284536  -10.071854
164  -0.794576  -1.284536  10.185577
165  -0.791840  -1.284536  -10.166550
166  -0.789109  -1.284536  10.160355
167  -0.786382  -1.284536  -10.190002
168  -0.783661  -1.284536  10.199295
169  -0.780944  -1.284536  -10.168762
170  -0.778233  -1.284536  10.163452
171  -0.775526  -1.284536  -10.190887
172  -0.772824  -1.284536  10.155045
173  -0.770128  -1.284536  -10.174957
174  -0.767436  -1.284536  10.205933
175  -0.764750  -1.284536  -10.176285
176  -0.762069  -1.284536  10.166107
177  -0.759393  -1.284536  -10.854202
178  -0.756722  -1.284536  10.085129
179  -0.754056  -1.284536  -10.257263
180  -0.751396  -1.284536  10.172745
181  -0.748741  -1.284536  -10.180267
182  -0.746091  -1.284536  10.179382
183  -0.743446  -1.284536  -10.084686
184  -0.740807  -1.284536  10.163895
185  -0.738173  -1.284536  -10.151062
186  -0.735545  -1.284536  10.159912
187  -0.732922  -1.284536  -10.195312
188  -0.730304  -1.284536  10.179382
189  -0.727692  -1.284536  -10.175842
190  -0.725085  -1.284536  10.110794
191  -0.722484  -1.284536  -10.196640
192  -0.719889  -1.284536  10.175400
193  -0.717299  -1.284536  -10.174072
194  -0.714714  -1.284536  10.200180
195  -0.712135  -1.284536  -10.144424
196  -0.709562  -1.284536  10.168320
197  -0.706995  -1.284536  -10.167435
198  -0.704433  -1.284536  10.197083
199  -0.701877  -1.284536  -10.167877
200  -0.699327  -1.284536  10.177612
201  -0.696782  -1.284536  -10.201508
202  -0.694243  -1.284536  10.161682
203  -0.691711  -1.284536  -10.202393
204  -0.689184  -1.284536  10.200180
205  -0.686662  -1.284536  -10.147079
206  -0.684147  -1.284536  10.157700
207  -0.681638  -1.284536  -10.167877
208  -0.679135  -1.284536  10.197968
209  -0.676637  -1.284536  -10.155930
210  -0.674146  -1.284536  10.184692
211  -0.671660  -1.284536  -10.240891
212  -0.669181  -1.284536  10.163452
213  -0.666708  -1.284536  -10.187347
214  -0.664241  -1.284536  10.208588
215  -0.661780  -1.284536  -10.209473
216  -0.659325  -1.284536  10.174515
217  -0.656876  -1.284536  -10.188675
218  -0.654434  -1.284536  10.170532
219  -0.651997  -1.284536  -10.166107
220  -0.649567  -1.284536  10.168320
221  -0.647143  -1.284536  -10.183807
222  -0.644726  -1.284536  10.177170
223  -0.642315  -1.284536  -10.184692
224  -0.639910  -1.284536  10.170532
225  -0.637511  -1.284536  -10.180710
226  -0.635119  -1.284536  10.159470
227  -0.632734  -1.284536  -10.150620
228  -0.630354  -1.284536  10.178940
229  -0.627982  -1.284536  -10.159027
230  -0.625615  -1.284536  10.193542
231  -0.623256  -1.284536  -10.183365
232  -0.620902  -1.284536  10.170532
233  -0.618556  -1.284536  -10.158142
234  -0.616215  -1.284536  10.173630
235  -0.613882  -1.284536  -10.185577
236  -0.611555  -1.284536  10.171417
237  -0.609235  -1.284536  -10.161682
238  -0.606921  -1.284536  10.174515
239  -0.604614  -1.284536  -10.184250
240  -0.602314  -1.284536  10.171417
241  -0.600020  -1.284536  -10.173630
242  -0.597734  -1.284536  10.182037
243  -0.595454  -1.284536  -10.166992
244  -0.593180  -1.284536  10.183807
245  -0.590914  -1.284536  -10.178940
246  -0.588655  -1.284536  10.285141
247  -0.586402  -1.284536  -10.151062
248  -0.584156  -1.284536  10.192657
249  -0.581917  -1.284536  -10.190002
250  -0.579686  -1.284536  10.147522
251  -0.577461  -1.284536  -10.182480
252  -0.575243  -1.284536  10.174515
253  -0.573032  -1.284536  -10.245316
254  -0.570828  -1.284536  10.211243
255  -0.568631  -1.284536  -10.181152
256  -0.566441  -1.284536  10.296204
257  -0.564258  -1.284536  -10.194870
258  -0.562083  -1.284536  10.216553
259  -0.559914  -1.284536  -10.222748
260  -0.557753  -1.284536  10.217438
261  -0.555599  -1.284536  -10.240448
262  -0.553452  -1.284536  10.212570
263  -0.551312  -1.284536  -11.033859
264  -0.549180  -1.284536  10.091324
265  -0.547054  -1.284536  -10.204163
266  -0.544936  -1.284536  10.195755
267  -0.542826  -1.284536  -10.205048
268  -0.540722  -1.284536  10.195755
269  -0.538626  -1.284536  -10.302399
270  -0.536538  -1.284536  10.159470
271  -0.534456  -1.284536  -10.210800
272  -0.532382  -1.284536  10.207703
273  -0.530316  -1.284536  -10.180710
274  -0.528257  -1.284536  10.209473
275  -0.526206  -1.284536  -10.201950
276  -0.524161  -1.284536  10.198853
277  -0.522125  -1.284536  -10.205933
278  -0.520096  -1.284536  10.202393
279  -0.518074  -1.284536  -10.220535
280  -0.516061  -1.284536  10.262573
281  -0.514054  -1.284536  -10.208145
282  -0.512055  -1.284536  10.194427
283  -0.510064  -1.284536  -10.205490
284  -0.508081  -1.284536  10.196198
285  -0.506105  -1.284536  -10.212570
286  -0.504137  -1.284536  10.216553
287  -0.502177  -1.284536  -10.165222
288  -0.500224  -1.284536  10.209915
289  -0.498279  -1.284536  -10.217438
290  -0.496342  -1.284536  10.201508
291  -0.494412  -1.284536  -10.207260
292  -0.492491  -1.284536  10.242218
293  -0.490577  -1.284536  -10.182922
294  -0.488671  -1.284536  10.190887
295  -0.486773  -1.284536  -10.196640
296  -0.484883  -1.284536  10.197083
297  -0.483000  -1.284536  -10.186020
298  -0.481126  -1.284536  10.181152
299  -0.479260  -1.284536  -10.209473
300  -0.477401  -1.284536  10.208145
301  -0.475550  -1.284536  -10.216995
302  -0.473708  -1.284536  10.193100
303  -0.471873  -1.284536  -10.936951
304  -0.470047  -1.284536  10.077164
305  -0.468228  -1.284536  -10.203278
306  -0.466418  -1.284536  10.189117
307  -0.464615  -1.284536  -10.247528
308  -0.462821  -1.284536  10.203278
309  -0.461035  -1.284536  -10.203720
310  -0.459257  -1.284536  10.186905
311  -0.457487  -1.284536  -10.188232
312  -0.455725  -1.284536  10.190002
313  -0.453972  -1.284536  -10.220093
314  -0.452226  -1.284536  10.193985
315  -0.450489  -1.284536  -10.180267
316  -0.448760  -1.284536  10.210358
317  -0.447039  -1.284536  -10.915710
318  -0.445327  -1.284536  10.117432
319  -0.443623  -1.284536  -10.213898
320  -0.441927  -1.284536  10.192657
321  -0.440240  -1.284536  -10.227615
322  -0.438560  -1.284536  10.209473
323  -0.436889  -1.284536  -10.197083
324  -0.435227  -1.284536  10.181152
325  -0.433573  -1.284536  -10.194870
326  -0.431927  -1.284536  10.188232
327  -0.430290  -1.284536  -10.182480
328  -0.428661  -1.284536  10.190445
329  -0.427041  -1.284536  -10.197968
330  -0.425429  -1.284536  10.183365
331  -0.423825  -1.284536  -10.133804
332  -0.422230  -1.284536  10.174515
333  -0.420644  -1.284536  -10.191330
334  -0.419066  -1.284536  10.176285
335  -0.417497  -1.284536  -10.151505
336  -0.415936  -1.284536  10.186905
337  -0.414384  -1.284536  -10.170975
338  -0.412840  -1.284536  10.166992
339  -0.411305  -1.284536  -10.186905
340  -0.409779  -1.284536  10.187347
341  -0.408261  -1.284536  -10.174072
342  -0.406752  -1.284536  10.238235
343  -0.405251  -1.284536  -10.195755
344  -0.403759  -1.284536  10.157257
345  -0.402276  -1.284536  -10.176727
346  -0.400802  -1.284536  10.242218
347  -0.399336  -1.284536  -10.190002
348  -0.397879  -1.284536  10.169647
349  -0.396431  -1.284536  -10.161682
350  -0.394992  -1.284536  10.259918
351  -0.393561  -1.284536  -10.172302
352  -0.392139  -1.284536  10.076279
353  -0.390726  -1.284536  -10.180267
354  -0.389322  -1.284536  10.186462
355  -0.387926  -1.284536  -10.176727
356  -0.386540  -1.284536  10.908188
357  -0.385162  -1.284536  -10.080704
358  -0.383793  -1.284536  10.175400
359  -0.382434  -1.284536  -10.166107
360  -0.381082  -1.284536  10.195312
361  -0.379740  -1.284536  -10.164780
362  -0.378407  -1.284536  10.192215
363  -0.377083  -1.284536  -10.254608
364  -0.375768  -1.284536  10.171860
365  -0.374461  -1.284536  -10.180267
366  -0.373164  -1.284536  10.187347
367  -0.371876  -1.284536  -10.179825
368  -0.370597  -1.284536  10.177170
369  -0.369326  -1.284536  -10.174515
370  -0.368065  -1.284536  10.175842
371  -0.366813  -1.284536  -10.169647
372  -0.365570  -1.284536  10.188675
373  -0.364336  -1.284536  -10.193985
374  -0.363111  -1.284536  10.195312
375  -0.361895  -1.284536  -10.166992
376  -0.360688  -1.284536  10.185135
377  -0.359490  -1.284536  -10.167435
378  -0.358302  -1.284536  10.151947
379  -0.357122  -1.284536  -10.171860
380  -0.355952  -1.284536  10.164780
381  -0.354791  -1.284536  -10.166107
382  -0.353639  -1.284536  10.182037
383  -0.352496  -1.284536  -10.188232
384  -0.351363  -1.284536  10.171417
385  -0.350239  -1.284536  -10.167435
386  -0.349123  -1.284536  10.185135
387  -0.348018  -1.284536  -10.177170
388  -0.346921  -1.284536  10.194870
389  -0.345834  -1.284536  -10.213013
390  -0.344756  -1.284536  10.180710
391  -0.343687  -1.284536  -10.208588
392  -0.342627  -1.284536  10.181152
393  -0.341577  -1.284536  -10.206375
394  -0.340536  -1.284536  10.183807
395  -0.339504  -1.284536  -10.176727
396  -0.338482  -1.284536  10.185577
397  -0.337469  -1.284536  -10.170975
398  -0.336466  -1.284536  10.179825
399  -0.335471  -1.284536  -10.177612
400  -0.334486  -1.284536  10.191772
401  -0.333511  -1.284536  -10.176285
402  -0.332545  -1.284536  10.178055
403  -0.331588  -1.284536  -10.184692
404  -0.330641  -1.284536  10.150177
405  -0.329703  -1.284536  -10.190445
406  -0.328774  -1.284536  10.220978
407  -0.327855  -1.284536  -10.171417
408  -0.326946  -1.284536  10.160355
409  -0.326046  -1.284536  -10.159470
410  -0.325155  -1.284536  10.163895
411  -0.324274  -1.284536  -10.192215
412  -0.323402  -1.284536  10.176727
413  -0.322540  -1.284536  -10.184250
414  -0.321687  -1.284536  10.173630
415  -0.320844  -1.284536  -10.179825
416  -0.320010  -1.284536  10.173630
417  -0.319186  -1.284536  -10.146194
418  -0.318371  -1.284536  10.191772
419  -0.317566  -1.284536  -10.166550
420  -0.316770  -1.284536  10.190887
421  -0.315984  -1.284536  -10.153275
422  -0.315208  -1.284536  10.166107
423  -0.314441  -1.284536  -10.188232
424  -0.313684  -1.284536  10.169647
425  -0.312936  -1.284536  -10.187790
426  -0.312198  -1.284536  10.151505
427  -0.311469  -1.284536  -10.171417
428  -0.310750  -1.284536  10.197083
429  -0.310041  -1.284536  -10.224960
430  -0.309341  -1.284536  10.130707
431  -0.308651  -1.284536  -10.171417
432  -0.307970  -1.284536  10.144867
433  -0.307299  -1.284536  -10.193542
434  -0.306638  -1.284536  10.171417
435  -0.305987  -1.284536  -10.269653
436  -0.305345  -1.284536  10.161682
437  -0.304712  -1.284536  -10.287796
438  -0.304090  -1.284536  10.292664
439  -0.303477  -1.284536  -10.158142
440  -0.302874  -1.284536  10.175842
441  -0.302280  -1.284536  -10.145752
442  -0.301696  -1.284536  10.271866
443  -0.301122  -1.284536  -10.296204
444  -0.300558  -1.284536  10.137344
445  -0.300003  -1.284536  -10.297089
446  -0.299458  -1.284536  10.861282
447  -0.298923  -1.284536  -10.195755
448  -0.298397  -1.284536  10.296646
449  -0.297882  -1.284536  -10.182480
450  -0.297375  -1.284536  10.189117
451  -0.296879  -1.284536  -10.198853
452  -0.296393  -1.284536  10.199295
453  -0.295916  -1.284536  -10.206375
454  -0.295449  -1.284536  10.225403
455  -0.294991  -1.284505  -10.225845
456  -0.294544  -1.284505  10.192657
457  -0.294106  -1.284505  -10.197968
458  -0.293678  -1.284505  10.187790
459  -0.293260  -1.284505  -10.174515
460  -0.292851  -1.284505  10.181595
461  -0.292453  -1.284505  -10.183807
462  -0.292064  -1.284505  10.189117
463  -0.291685  -1.284505  -10.194427
464  -0.291316  -1.284505  10.203720
465  -0.290956  -1.284505  -10.186905
466  -0.290606  -1.284505  10.201950
467  -0.290267  -1.284505  -10.227173
468  -0.289937  -1.284505  10.182037
469  -0.289616  -1.284505  -10.201065
470  -0.289306  -1.284505  10.201065
471  -0.289006  -1.284505  -10.194870
472  -0.288715  -1.284505  10.182480
473  -0.288434  -1.284505  -10.206818
474  -0.288163  -1.284505  10.187347
475  -0.287902  -1.284505  -10.184692
476  -0.287650  -1.284505  10.194427
477  -0.287409  -1.284505  -10.183807
478  -0.287177  -1.284505  10.218323
479  -0.286955  -1.284505  -10.192215
480  -0.286743  -1.284505  10.195755
481  -0.286541  -1.284505  -10.188232
482  -0.286348  -1.284505  10.201508
483  -0.286166  -1.284505  -10.233810
484  -0.285993  -1.284505  10.204163
485  -0.285831  -1.284505  -10.193985
486  -0.285678  -1.284505  10.185577
487  -0.285535  -1.284505  -10.199738
488  -0.285401  -1.284505  10.183807
489  -0.285278  -1.284505  -10.193100
490  -0.285165  -1.284505  10.216110
491  -0.285061  -1.284505  -10.191772
492  -0.284967  -1.284505  10.196198
493  -0.284883  -1.284505  -10.194870
494  -0.284809  -1.284505  10.210800
495  -0.284745  -1.284505  -10.187347
496  -0.284691  -1.284505  10.197525
497  -0.284646  -1.284505  -10.221863
498  -0.284612  -1.284505  10.182480
499  -0.284587  -1.284505  -10.184692
500  -0.284572  -1.284505  10.173630
501  -0.284567  -1.284505  -10.228943
502  -0.284572  -1.284505  10.227173
503  -0.284587  -1.284505  -10.209915
504  -0.284612  -1.284505  10.202835
505  -0.284646  -1.284505  -10.183807
506  -0.284691  -1.284505  10.193985
507  -0.284745  -1.284505  -10.208145
508  -0.284809  -1.284505  10.176285
509  -0.284883  -1.284505  -10.200623
510  -0.284967  -1.284505  10.197968
511  -0.285061  -1.284505  -10.203720
512  -0.285165  -1.284505  10.201508
513  -0.285278  -1.284505  -10.092209
514  -0.285401  -1.284505  10.192215
515  -0.285535  -1.284505  -10.116547
516  -0.285678  -1.284505  10.204605
517  -0.285831  -1.284505  -10.187347
518  -0.285993  -1.284505  10.198853
519  -0.286166  -1.284505  -10.181595
520  -0.286348  -1.284505  10.200623
521  -0.286541  -1.284505  -10.210358
522  -0.286743  -1.284505  10.172745
523  -0.286955  -1.284505  -10.181152
524  -0.287177  -1.284505  10.194870
525  -0.287409  -1.284505  -10.189117
526  -0.287650  -1.284505  10.163010
527  -0.287902  -1.284505  -10.157700
528  -0.288163  -1.284505  10.193542
529  -0.288434  -1.284505  -10.183365
530  -0.288715  -1.284505  10.165665
531  -0.289006  -1.284505  -10.175400
532  -0.289306  -1.284505  10.184692
533  -0.289616  -1.284505  -10.171417
534  -0.289937  -1.284505  10.174072
535  -0.290267  -1.284505  -10.179825
536  -0.290607  -1.284505  10.179382
537  -0.290956  -1.284505  -10.169647
538  -0.291316  -1.284505  10.178055
539  -0.291685  -1.284505  -10.167877
540  -0.292064  -1.284505  10.169647
541  -0.292453  -1.284505  -10.183365
542  -0.292851  -1.284505  10.186905
543  -0.293260  -1.284505  -10.182922
544  -0.293678  -1.284505  10.186462
545  -0.294106  -1.284505  -10.206818
546  -0.294544  -1.284505  10.175842
547  -0.294991  -1.284505  -10.159027
548  -0.295449  -1.284505  10.166107
549  -0.295916  -1.284505  -10.177612
550  -0.296393  -1.284505  10.177170
551  -0.296879  -1.284505  -10.176727
552  -0.297375  -1.284505  10.199295
553  -0.297882  -1.284505  -10.201065
554  -0.298397  -1.284505  10.172302
555  -0.298923  -1.284505  -10.196640
556  -0.299458  -1.284505  10.159027
557  -0.300003  -1.284505  -10.161682
558  -0.300558  -1.284505  10.120972
559  -0.301122  -1.284505  -10.187347
560  -0.301696  -1.284505  10.185135
561  -0.302280  -1.284505  -10.163010
562  -0.302874  -1.284505  10.163895
563  -0.303477  -1.284505  -10.201950
564  -0.304090  -1.284505  10.170975
565  -0.304712  -1.284505  -10.194870
566  -0.305345  -1.284505  10.182037
567  -0.305987  -1.284505  -10.172302
568  -0.306638  -1.284505  10.161682
569  -0.307299  -1.284505  -10.222748
570  -0.307970  -1.284505  10.194427
571  -0.308651  -1.284505  -10.167877
572  -0.309341  -1.284505  10.188232
573  -0.310041  -1.284505  -10.299301
574  -0.310750  -1.284505  10.184250
575  -0.311469  -1.284505  -10.178497
576  -0.312198  -1.284505  10.174957
577  -0.312936  -1.284505  -10.171417
578  -0.313684  -1.284505  10.197083
579  -0.314441  -1.284505  -10.180710
580  -0.315208  -1.284505  10.189117
581  -0.315984  -1.284505  -10.138229
582  -0.316770  -1.284505  10.870132
583  -0.317566  -1.284505  -10.096191
584  -0.318371  -1.284505  10.193542
585  -0.319186  -1.284505  -10.187347
586  -0.320010  -1.284505  10.173630
587  -0.320844  -1.284505  -10.164780
588  -0.321687  -1.284505  10.166107
589  -0.322540  -1.284505  -10.174515
590  -0.323402  -1.284505  10.181595
591  -0.324274  -1.284505  -10.140442
592  -0.325155  -1.284505  10.156815
593  -0.326046  -1.284505  -10.165222
594  -0.326946  -1.284505  10.857742
595  -0.327855  -1.284505  -10.091766
596  -0.328774  -1.284505  10.235138
597  -0.329703  -1.284505  -10.170975
598  -0.330641  -1.284505  10.151505
599  -0.331588  -1.284505  -10.187347
600  -0.332545  -1.284505  10.175842
601  -0.333511  -1.284505  -10.171860
602  -0.334486  -1.284505  10.178055
603  -0.335471  -1.284505  -10.162567
604  -0.336466  -1.284505  10.178055
605  -0.337469  -1.284505  -10.212128
606  -0.338482  -1.284505  10.168320
607  -0.339504  -1.284505  -10.173630
608  -0.340536  -1.284505  10.177612
609  -0.341577  -1.284505  -10.176285
610  -0.342627  -1.284505  10.168762
611  -0.343687  -1.284505  -10.174957
612  -0.344756  -1.284505  10.186020
613  -0.345834  -1.284505  -10.155930
614  -0.346921  -1.284505  10.181595
615  -0.348018  -1.284505  -10.181595
616  -0.349123  -1.284505  10.183807
617  -0.350239  -1.284505  -10.159912
618  -0.351363  -1.284505  10.166107
619  -0.352496  -1.284505  -10.155487
620  -0.353639  -1.284505  10.155487
621  -0.354791  -1.284505  -10.163895
622  -0.355952  -1.284505  10.184250
623  -0.357122  -1.284505  -10.185577
624  -0.358302  -1.284505  10.167877
625  -0.359490  -1.284505  -10.197083
626  -0.360688  -1.284505  10.181595
627  -0.361895  -1.284505  -10.183365
628  -0.363111  -1.284505  10.184692
629  -0.364336  -1.284505  -10.280273
630  -0.365570  -1.284505  10.249298
631  -0.366813  -1.284505  -10.248856
632  -0.368065  -1.284505  10.166550
633  -0.369326  -1.284505  -10.190002
634  -0.370597  -1.284505  10.279388
635  -0.371876  -1.284505  -10.268326
636  -0.373164  -1.284505  10.134689
637  -0.374462  -1.284505  -10.301514
638  -0.375768  -1.284505  10.153275
639  -0.377083  -1.284505  -10.310364
640  -0.378407  -1.284505  10.161682
641  -0.379740  -1.284505  -10.208588
642  -0.381083  -1.284505  10.223190
643  -0.382434  -1.284505  -10.201065
644  -0.383793  -1.284505  10.210358
645  -0.385162  -1.284505  -10.202393
646  -0.386540  -1.284505  10.210358
647  -0.387926  -1.284505  -10.211243
648  -0.389322  -1.284505  10.200180
649  -0.390726  -1.284505  -10.193985
650  -0.392139  -1.284505  10.105484
651  -0.393561  -1.284473  -10.203278
652  -0.394992  -1.284473  10.205933
653  -0.396431  -1.284473  -10.184692
654  -0.397879  -1.284473  10.088226
655  -0.399336  -1.284473  -10.182037
656  -0.400802  -1.284473  10.197083
657  -0.402276  -1.284473  -10.200623
658  -0.403759  -1.284473  10.184692
659  -0.405251  -1.284473  -10.202835
660  -0.406752  -1.284473  10.178940
661  -0.408261  -1.284473  -10.185135
662  -0.409779  -1.284473  10.189117
663  -0.411305  -1.284473  -10.165222
664  -0.412840  -1.284473  10.202393
665  -0.414384  -1.284473  -10.281601
666  -0.415936  -1.284473  10.202835
667  -0.417497  -1.284473  -10.106369
668  -0.419066  -1.284473  10.205490
669  -0.420644  -1.284473  -10.201950
670  -0.422231  -1.284473  10.178055
671  -0.423826  -1.284473  -10.194870
672  -0.425429  -1.284473  10.197083
673  -0.427041  -1.284473  -10.189560
674  -0.428661  -1.284473  10.175400
675  -0.430290  -1.284473  -10.192657
676  -0.431927  -1.284473  10.218765
677  -0.433573  -1.284473  -10.205048
678  -0.435227  -1.284473  10.193542
679  -0.436890  -1.284473  -10.198410
680  -0.438560  -1.284473  10.202393
681  -0.440240  -1.284473  -10.199738
682  -0.441927  -1.284473  10.186020
683  -0.443623  -1.284473  -10.183807
684  -0.445327  -1.284473  10.194427
685  -0.447039  -1.284473  -10.206375
686  -0.448760  -1.284473  10.200623
687  -0.450489  -1.284473  -10.183807
688  -0.452226  -1.284505  10.189117
689  -0.453972  -1.284505  -10.181595
690  -0.455725  -1.284505  10.195755
691  -0.457487  -1.284505  -10.209473
692  -0.459257  -1.284505  10.216995
693  -0.461035  -1.284505  -10.226288
694  -0.462821  -1.284505  10.180710
695  -0.464615  -1.284505  -10.188675
696  -0.466418  -1.284505  10.218323
697  -0.468228  -1.284505  -10.200180
698  -0.470047  -1.284505  10.183365
699  -0.471873  -1.284505  -10.207703
700  -0.473708  -1.284505  10.192215
701  -0.475551  -1.284505  -10.203720
702  -0.477401  -1.284505  10.173187
703  -0.479260  -1.284505  -10.225845
704  -0.481126  -1.284505  10.174957
705  -0.483001  -1.284505  -10.186020
706  -0.484883  -1.284505  10.191330
707  -0.486773  -1.284505  -10.179825
708  -0.488671  -1.284505  10.163452
709  -0.490577  -1.284505  -10.223633
710  -0.492491  -1.284505  10.203278
711  -0.494413  -1.284505  -10.186462
712  -0.496342  -1.284505  10.211243
713  -0.498279  -1.284505  -10.192215
714  -0.500224  -1.284505  10.163010
715  -0.502177  -1.284505  -10.191330
716  -0.504137  -1.284505  10.179382
717  -0.506105  -1.284505  -10.191330
718  -0.508081  -1.284505  10.824554
719  -0.510064  -1.284505  -10.105927
720  -0.512056  -1.284505  10.194427
721  -0.514054  -1.284505  -10.222748
722  -0.516061  -1.284505  10.182037
723  -0.518075  -1.284505  -10.173187
724  -0.520096  -1.284505  10.182922
725  -0.522125  -1.284505  -10.136017
726  -0.524162  -1.284505  10.155045
727  -0.526206  -1.284505  -10.195755
728  -0.528257  -1.284505  10.185577
729  -0.530316  -1.284505  -10.161682
730  -0.532383  -1.284505  10.183365
731  -0.534456  -1.284505  -10.185135
732  -0.536538  -1.284505  10.189560
733  -0.538626  -1.284505  -10.193100
734  -0.540722  -1.284505  10.167877
735  -0.542826  -1.284505  -10.174957
736  -0.544936  -1.284505  10.123184
737  -0.547054  -1.284505  -10.185135
738  -0.549180  -1.284505  10.184692
739  -0.551312  -1.284505  -10.171860
740  -0.553452  -1.284505  10.183807
741  -0.555599  -1.284505  -10.178055
742  -0.557753  -1.284505  10.174515
743  -0.559914  -1.284505  -10.178940
744  -0.562083  -1.284505  10.185577
745  -0.564259  -1.284505  -10.177612
746  -0.566441  -1.284505  10.181152
747  -0.568631  -1.284505  -10.173630
748  -0.570828  -1.284505  10.245758
749  -0.573032  -1.284505  -10.166992
750  -0.575243  -1.284505  10.172745
751  -0.577461  -1.284505  -10.164337
