0.000000  0.101361  0.118435
1.000000  0.202697  0.114632
2.000000  0.299513  0.125867
3.000000  0.392659  0.139581
4.000000  0.508976  0.150632
5.000000  0.598650  0.149811
6.000000  0.702010  0.162388
7.000000  0.798351  0.170109
8.000000  0.904973  0.182690
9.000000  1.002642  0.188841
10.000000  1.101487  0.200528
11.000000  1.195487  0.208540
12.000000  1.302184  0.216119
13.000000  1.400769  0.224932
14.000000  1.496873  0.239128
15.000000  1.604608  0.244055
16.000000  1.704226  0.254512
17.000000  1.802492  0.262028
18.000000  1.902853  0.272261
19.000000  2.000040  0.280243
20.000000  2.400777  0.315875
21.000000  2.801620  0.351181
22.000000  3.202580  0.385992
24.000000  3.999769  0.455019
25.000000  4.402085  0.489474
26.000000  4.799384  0.523842
27.000000  5.199420  0.557116
28.000000  5.599195  0.589874
29.000000  6.000617  0.622902
30.000000  6.400640  0.655413
32.000000  7.200760  0.723339
33.000000  7.599718  0.757095
34.000000  7.999787  0.789321
35.000000  8.398523  0.822123
36.000000  8.799086  0.856366
37.000000  9.200597  0.889225
38.000000  9.601535  0.923102
40.000000  9.600245  0.923312
41.000000  9.201772  0.888110
42.000000  8.799210  0.854295
43.000000  8.399898  0.821123
44.000000  8.000213  0.787305
45.000000  7.601207  0.754255
46.000000  7.199843  0.720743
48.000000  6.400657  0.655240
49.000000  5.999063  0.622583
50.000000  5.600466  0.588660
51.000000  5.201268  0.554632
52.000000  4.799391  0.521326
53.000000  4.400337  0.488110
54.000000  3.999362  0.454460
55.000000  3.599835  0.419985
56.000000  3.197804  0.386935
57.000000  2.800573  0.351437
58.000000  2.403230  0.313471
59.000000  1.996895  0.280691
60.000000  1.901176  0.272623
61.000000  1.800532  0.261990
62.000000  1.697850  0.254657
63.000000  1.600908  0.243884
64.000000  1.492521  0.238743
65.000000  1.403813  0.226525
66.000000  1.300370  0.215713
67.000000  1.207532  0.205885
68.000000  1.091333  0.201663
69.000000  0.995724  0.190416
70.000000  0.893941  0.180615
71.000000  0.796507  0.171927
72.000000  0.701145  0.166770
73.000000  0.601737  0.147448
74.000000  0.498955  0.138894
75.000000  0.397657  0.128956
76.000000  0.298839  0.117484
77.000000  0.201288  0.130858
78.000000  0.094005  0.114228
79.000000  0.014554  0.048325
80.000000  -0.100791  -0.122188
81.000000  -0.197293  -0.142392
82.000000  -0.287577  -0.136458
83.000000  -0.389227  -0.136367
84.000000  -0.505183  -0.145695
85.000000  -0.596560  -0.159351
86.000000  -0.703511  -0.168844
87.000000  -0.791846  -0.180377
88.000000  -0.904449  -0.190971
89.000000  -1.006068  -0.197525
90.000000  -1.102888  -0.208182
91.000000  -1.194513  -0.227703
92.000000  -1.298396  -0.233069
93.000000  -1.400580  -0.243944
94.000000  -1.496783  -0.251417
95.000000  -1.604141  -0.263904
96.000000  -1.706198  -0.275515
97.000000  -1.802848  -0.284646
98.000000  -1.901715  -0.299289
99.000000  -2.002404  -0.311123
100.000000  -2.400801  -0.356821
101.000000  -2.799287  -0.403869
102.000000  -3.200794  -0.452026
103.000000  -3.596700  -0.501067
104.000000  -3.999872  -0.552702
105.000000  -4.398083  -0.607612
106.000000  -4.799445  -0.659264
107.000000  -5.200444  -0.714953
108.000000  -5.601659  -0.775011
109.000000  -5.999707  -0.838713
110.000000  -6.400450  -0.901745
111.000000  -6.799348  -0.966906
112.000000  -7.198771  -1.039208
113.000000  -7.599313  -1.110385
114.000000  -7.999333  -1.189211
115.000000  -8.401926  -1.269796
116.000000  -8.801218  -1.354733
117.000000  -9.199814  -1.447570
118.000000  -9.600437  -1.544101
119.000000  -9.999629  -1.654183
120.000000  -9.601582  -1.543053
121.000000  -9.198397  -1.444679
122.000000  -8.799129  -1.353996
123.000000  -8.399354  -1.266685
124.000000  -8.001127  -1.185762
125.000000  -7.599178  -1.108577
126.000000  -7.198972  -1.035570
127.000000  -6.799109  -0.965395
128.000000  -6.399787  -0.898331
129.000000  -6.001840  -0.833833
130.000000  -5.600298  -0.773031
131.000000  -5.198905  -0.715909
132.000000  -4.801006  -0.657427
133.000000  -4.402530  -0.602413
134.000000  -3.999384  -0.550513
135.000000  -3.605336  -0.497355
136.000000  -3.196362  -0.449338
137.000000  -2.802141  -0.400053
138.000000  -2.400614  -0.352998
139.000000  -2.003117  -0.307838
140.000000  -1.899769  -0.298363
141.000000  -1.804402  -0.285039
142.000000  -1.696643  -0.276077
143.000000  -1.603948  -0.260215
144.000000  -1.504512  -0.252822
145.000000  -1.400759  -0.242098
146.000000  -1.296869  -0.231713
147.000000  -1.196885  -0.217343
148.000000  -1.096559  -0.209178
149.000000  -0.997560  -0.201316
150.000000  -0.890725  -0.189563
151.000000  -0.797247  -0.180147
152.000000  -0.704996  -0.164167
153.000000  -0.599145  -0.157131
154.000000  -0.512659  -0.148265
155.000000  -0.402507  -0.133326
156.000000  -0.295082  -0.127978
157.000000  -0.199245  -0.118263
158.000000  -0.086072  -0.118488
159.000000  -0.000415  -0.099986
