0.146608  0  0
0.146608  0  0
0.146608  0  0
0.146608  0  0
0.146608  0  0
0.146608  0  0
0.146608  0  0
0.146608  0  0
0.146608  0  0
0.146608  0  0
0.146608  0  0
0.146608  0  0
0.146608  0  0
0.146608  0  0
0.146608  0  0
0.146608  0  0
0.146608  0  0
0.146608  0  0
0.146608  0  0
0.146608  0  0
0.146608  0  0
0.146608  0  0
0.146608  0  0
0.146608  0  0
0.146608  0  0
0.146608  0  0
0.146608  0  0
0.146608  0  0
0.146608  0  0
0.146608  0  0
0.146608  0  0
0.146608  0  0
0.146608  0  0
0.146608  0  0
0.146608  0  0
0.146608  0  0
0.146608  0  0
0.146608  0  0
0.146608  0  0
0.146608  0  0
0.146608  0  0
0.146608  0  0
0.146608  0  0
0.146649  0  0
0.146649  0  0
0.146649  0  0
0.146649  0  0
0.146649  0  0
0.146649  0  0
0.146649  0  0
0.146649  0  0
0.146649  0  0
0.146689  0  0
0.146689  0  0
0.146689  0  0
0.146689  0  0
0.146730  0  0
0.146730  0  0
0.146730  0  0
0.146730  0  0
0.146730  0  0
0.146730  0  0
0.146771  0  0
0.146771  0  0
0.146771  0  0
0.146771  0  0
0.146771  0  0
0.146771  0  0
0.146812  0  0
0.146812  0  0
0.146812  0  0
0.146812  0  0
0.146812  0  0
0.146812  0  0
0.146853  0  0
0.146853  0  0
0.146853  0  0
0.146853  0  0
0.146853  0  0
0.146894  0  0
0.146894  0  0
0.146894  0  0
0.146894  0  0
0.146894  0  0
0.146894  0  0
0.146935  0  0
0.146935  0  0
0.146935  0  0
0.146935  0  0
0.146935  0  0
0.146976  0  0
0.146976  0  0
0.146976  0  0
0.146976  0  0
0.146976  0  0
0.147017  0  0
0.147017  0  0
0.147017  0  0
0.147058  0  0
0.147058  0  0
0.147058  0  0
0.147058  0  0
0.147099  0  0
0.147099  0  0
0.147099  0  0
0.147099  0  0
0.147099  0  0
0.147099  0  0
0.147139  0  0
0.147139  0  0
0.147139  0  0
0.147180  0  0
0.147180  0  0
0.147180  0  0
0.147180  0  0
0.147221  0  0
0.147221  0  0
0.147262  0  0
0.147262  0  0
0.147262  0  0
0.147262  0  0
0.147303  0  0
0.147303  0  0
0.147344  0  0
0.147344  0  0
0.147344  0  0
0.147385  0  0
0.147385  0  0
0.147385  0  0
0.147426  0  0
0.147426  0  0
0.147467  0  0
0.147467  0  0
0.147467  0  0
0.147508  0  0
0.147548  0  0
0.147548  0  0
0.147548  0  0
0.147589  0  0
0.147589  0  0
0.147630  0  0
0.147671  0  0
0.147671  0  0
0.147712  0  0
0.147753  0  0
0.147753  0  0
0.147753  0  0
0.147794  0  0
0.147835  0  0
0.147876  0  0
0.147876  0  0
0.147958  0  0
0.147958  0  0
0.147998  0  0
0.148039  0  0
0.148080  0  0
0.148121  0  0
0.148162  0  0
0.148203  0  0
0.148244  0  0
0.148285  0  0
0.148367  0  0
0.148367  0  0
0.148448  0  0
0.148489  0  0
0.148530  0  0
0.148612  0  0
0.148653  0  0
0.148735  0  0
0.148817  0  0
0.148858  0  0
0.148898  0  0
0.148980  0  0
0.149062  0  0
0.149144  0  0
0.149267  0  0
0.149348  0  0
0.149430  0  0
0.149512  0  0
0.149594  0  0
0.149717  0  0
0.149839  0  0
0.149962  0  0
0.150044  0  0
0.150166  0  0
0.150289  0  0
0.150412  0  0
0.150535  0  0
0.150657  0  0
0.150821  0  0
0.150944  0  0
0.151066  0  0
0.151189  0  0
0.151353  0  0
0.151475  0  0
0.151639  0  0
0.151762  0  0
0.151885  0  0
0.152007  0  0
0.152130  0  0
0.152294  0  0
0.152375  0  0
0.152498  0  0
0.152580  0  0
0.152703  0  0
0.152784  0  0
0.152866  0  0
0.152948  0  0
0.153030  0  0
0.153112  0  0
0.153153  0  0
0.153234  0  0
0.153316  0  0
0.153357  0  0
0.153439  0  0
0.153439  0  0
0.153521  0  0
0.153562  0  0
0.153644  0  0
0.153644  0  0
0.153725  0  0
0.153766  0  0
0.153766  0  0
0.153807  0  0
0.153889  0  0
0.153889  0  0
0.153930  0  0
0.153971  0  0
0.154012  0  0
0.154053  0  0
0.154093  0  0
0.154093  0  0
0.154175  0  0
0.154175  0  0
0.154216  0  0
0.154257  0  0
0.154257  0  0
0.154298  0  0
0.154339  0  0
0.154339  0  0
0.154380  0  0
0.154421  0  0
0.154462  0  0
0.154462  0  0
0.154503  0  0
0.154503  0  0
0.154543  0  0
0.154543  0  0
0.154584  0  0
0.154584  0  0
0.154625  0  0
0.154625  0  0
0.154625  0  0
0.154666  0  0
0.154666  0  0
0.154666  0  0
0.154707  0  0
0.154707  0  0
0.154748  0  0
0.154748  0  0
0.154748  0  0
0.154748  0  0
0.154789  0  0
0.154789  0  0
0.154789  0  0
0.154830  0  0
0.154830  0  0
0.154830  0  0
0.154830  0  0
0.154830  0  0
0.154830  0  0
0.154871  0  0
0.154871  0  0
0.154871  0  0
0.154871  0  0
0.154912  0  0
0.154912  0  0
0.154912  0  0
0.154912  0  0
0.154912  0  0
0.154912  0  0
0.154912  0  0
0.154912  0  0
0.154912  0  0
0.154912  0  0
0.154953  0  0
0.154953  0  0
0.154953  0  0
0.154953  0  0
0.154953  0  0
0.154953  0  0
0.154953  0  0
0.154953  0  0
0.154953  0  0
0.154953  0  0
0.154953  0  0
0.154953  0  0
0.154953  0  0
0.154953  1  0
0.154953  1  0
0.154789  1  0
0.154584  1  0
0.154380  1  0
0.154134  1  0
0.153889  1  0
0.153684  1  0
0.153480  1  0
0.153316  1  0
0.153194  1  0
0.153112  1  0
0.153030  1  0
0.152989  1  0
0.152989  1  0
0.152989  1  0
0.152989  1  0
0.152989  1  0
0.152989  1  0
0.152989  1  0
0.152989  1  0
0.152989  1  0
0.152989  1  0
0.152989  1  0
0.152989  1  0
0.152989  1  0
0.152989  1  0
0.152989  1  0
0.152989  1  0
0.152989  1  0
0.152989  1  0
0.152989  1  0
0.152989  1  0
0.152989  1  0
0.152989  1  0
0.152989  1  0
0.152989  1  0
0.152989  1  0
0.152989  1  0
0.152989  1  0
0.152989  1  0
0.152989  1  0
0.152989  1  0
0.152989  1  0
0.152989  1  0
0.152989  1  0
0.152989  1  0
0.152989  1  0
0.152989  1  0
0.152989  1  0
0.152989  1  0
0.152989  1  0
0.152989  1  0
0.152989  1  0
0.152989  1  0
0.152989  1  0
0.152989  1  0
0.152989  1  0
0.152989  1  0
0.152989  1  0
0.152989  1  0
0.152989  1  0
0.152989  1  0
0.152989  1  0
0.152989  1  0
0.152989  1  0
0.152989  1  0
0.152989  1  0
0.152989  1  0
0.152989  1  0
0.152989  1  0
0.152989  1  0
0.152989  1  0
0.152989  1  0
0.152989  1  0
0.152989  1  0
0.152989  1  0
0.152989  1  0
0.152989  1  0
0.152989  1  0
0.152989  1  0
0.152989  1  0
0.152989  1  0
0.152989  1  0
0.152989  1  0
0.152989  1  0
0.152989  1  0
0.152989  1  0
0.152989  1  0
0.152989  1  0
0.152989  1  0
0.152989  1  0
0.152989  1  0
0.152989  1  0
0.152989  1  0
0.152989  1  0
0.152989  1  0
0.152989  1  0
0.152989  1  0
0.152989  1  0
0.152989  1  0
0.152989  1  0
0.152989  1  0
0.152989  1  0
0.152989  1  0
0.152989  1  0
0.152989  1  0
0.152989  1  0
0.152989  1  0
0.152989  1  0
0.152989  1  0
0.152989  1  0
0.152989  1  0
0.152989  1  0
0.152989  1  0
0.152989  1  0
0.152989  1  0
0.152989  1  0
0.152989  1  0
0.152989  1  0
0.152989  1  0
0.152989  1  0
0.152989  1  0
0.152989  1  0
0.152989  1  0
0.152989  1  0
0.152989  1  0
0.152989  1  0
0.152989  1  0
0.152989  1  0
0.152989  1  0
0.152989  1  0
0.152989  1  0
0.152989  1  0
0.152989  1  0
0.152989  1  0
0.152989  1  0
0.152989  1  0
0.152989  1  0
0.152989  1  0
0.152989  1  0
0.152989  1  0
0.152989  1  0
0.152989  1  0
0.152989  1  0
0.152989  1  0
0.152989  1  0
0.152989  1  0
0.152989  1  0
0.152989  1  0
0.152989  1  0
0.152989  1  0
0.152989  1  0
0.152989  1  0
0.152989  1  0
0.152989  1  0
0.152989  1  0
0.152989  1  0
0.152989  1  0
0.152989  1  0
0.152989  1  0
0.152989  1  0
0.152989  1  0
0.152989  1  0
0.152989  1  0
0.152989  1  0
0.152989  1  0
0.152989  1  0
0.152989  1  0
0.152989  1  0
0.152989  1  0
0.152989  1  0
0.152989  1  0
0.152989  1  0
0.152989  1  0
0.152989  1  0
0.152989  1  0
0.152989  1  0
0.152989  1  0
0.152989  1  0
0.152989  1  0
0.152989  1  0
0.152989  1  0
0.152989  1  0
0.152989  1  0
0.152989  1  0
0.152989  1  0
0.152989  1  0
0.152989  1  0
0.152989  1  0
0.152989  1  0
0.152989  1  0
0.152989  1  0
0.152989  1  0
0.152989  1  0
0.152989  1  0
0.152989  1  0
0.152989  1  0
0.152989  1  0
0.152989  1  0
0.152989  1  0
0.152989  1  0
0.152989  1  0
0.152989  1  0
0.152989  1  0
0.152989  1  0
0.152989  1  0
0.152989  1  0
0.152989  1  0
0.152989  1  0
0.152989  1  0
0.152989  1  0
0.152989  1  0
0.152989  1  0
0.152989  1  0
0.152989  1  0
0.152989  1  0
0.152989  1  0
0.152989  1  0
0.152989  1  0
0.152989  1  0
0.152989  1  0
0.152989  1  0
0.152989  1  0
0.152989  1  0
0.152989  1  0
0.152989  1  0
0.152989  1  0
0.152989  1  0
0.152989  1  0
0.152989  1  0
0.152989  1  0
0.152989  1  0
0.152989  1  0
0.152989  1  0
0.152989  1  0
0.152989  1  0
0.152989  1  0
0.152989  1  0
0.152989  1  0
0.152989  1  0
0.152989  1  0
0.152989  1  0
0.152989  1  0
0.152989  1  0
0.152989  1  0
0.152989  1  0
0.152989  1  0
0.152989  1  0
0.152989  1  0
0.152989  1  0
0.152989  1  0
0.152989  1  0
0.152989  1  0
0.152989  1  0
0.152989  1  0
0.152989  1  0
0.152989  1  0
0.152989  1  0
0.152989  1  0
0.152989  1  0
0.152989  1  0
0.152989  1  0
0.152989  1  0
0.152989  1  0
0.152989  1  0
0.152989  1  0
0.152989  1  0
0.152989  1  0
0.152989  1  0
0.152989  1  0
0.152989  1  0
0.152989  1  0
0.152989  1  0
0.152989  1  0
0.152989  1  0
0.152989  1  0
0.152989  1  0
0.152989  1  0
0.152989  1  0
0.152989  1  0
0.152989  1  0
0.152989  1  0
0.152989  1  0
0.152989  1  0
0.152989  1  0
0.152989  1  0
0.152989  1  0
0.152989  1  0
0.152989  1  0
0.152989  1  0
0.152989  1  0
0.152989  1  0
0.152989  1  0
0.152989  1  0
0.152989  1  0
0.152989  1  0
0.152989  1  0
0.152989  1  0
0.152989  1  0
0.152989  2  0
0.152989  2  0
0.152907  2  0
0.152825  2  0
0.152703  2  0
0.152539  2  0
0.152375  2  0
0.152294  2  0
0.152171  2  0
0.152048  2  0
0.151925  2  0
0.151844  2  0
0.151721  2  0
0.151639  2  0
0.151598  2  0
0.151516  2  0
0.151435  2  0
0.151394  2  0
0.151353  2  0
0.151271  2  0
0.151230  2  0
0.151189  2  0
0.151148  2  0
0.151107  2  0
0.151066  2  0
0.151026  2  0
0.151026  2  0
0.150985  2  0
0.150944  2  0
0.150903  2  0
0.150862  2  0
0.150862  2  0
0.150821  2  0
0.150821  2  0
0.150780  2  0
0.150780  2  0
0.150739  2  0
0.150739  2  0
0.150698  2  0
0.150657  2  0
0.150657  2  0
0.150657  2  0
0.150657  2  0
0.150616  2  0
0.150616  2  0
0.150576  2  0
0.150576  2  0
0.150576  2  0
0.150576  2  0
0.150535  2  0
0.150494  2  0
0.150494  2  0
0.150453  2  0
0.150453  2  0
0.150453  2  0
0.150453  2  0
0.150453  2  0
0.150412  2  0
0.150412  2  0
0.150371  2  0
0.150371  2  0
0.150371  2  0
0.150371  2  0
0.150371  2  0
0.150330  2  0
0.150330  2  0
0.150330  2  0
0.150330  2  0
0.150330  2  0
0.150289  2  0
0.150289  2  0
0.150289  2  0
0.150248  2  0
0.150248  2  0
0.150248  2  0
0.150248  2  0
0.150248  2  0
0.150248  2  0
0.150248  2  0
0.150248  2  0
0.150207  2  0
0.150207  2  0
0.150207  2  0
0.150166  2  0
0.150166  2  0
0.150166  2  0
0.150166  2  0
0.150166  2  0
0.150166  2  0
0.150166  2  0
0.150166  2  0
0.150166  2  0
0.150126  2  0
0.150126  2  0
0.150126  2  0
0.150126  2  0
0.150126  2  0
0.150126  2  0
0.150126  2  0
0.150126  2  0
0.150085  2  0
0.150085  2  0
0.150085  2  0
0.150085  2  0
0.150085  2  0
0.150085  2  0
0.150085  2  0
0.150085  2  0
0.150085  2  0
0.150085  2  0
0.150085  2  0
0.150085  2  0
0.150085  2  0
0.150085  2  0
0.150085  2  0
0.150085  2  0
0.150085  2  0
0.150085  2  0
0.150085  2  0
0.150085  2  0
0.150085  2  0
0.150085  2  0
0.150085  2  0
0.150085  2  0
0.150085  2  0
0.150085  2  0
0.150085  2  0
0.150085  2  0
0.150085  2  0
0.150085  2  0
0.150085  2  0
0.150044  2  0
0.150044  2  0
0.150044  2  0
0.150044  2  0
0.150044  2  0
0.150044  2  0
0.150044  2  0
0.150044  2  0
0.150044  2  0
0.150044  2  0
0.150044  2  0
0.150044  2  0
0.150044  2  0
0.150044  2  0
0.150044  2  0
0.150044  2  0
0.150044  2  0
0.150044  2  0
0.150044  2  0
0.150044  2  0
0.150044  2  0
0.150044  2  0
0.150044  2  0
0.150044  2  0
0.150044  2  0
0.150044  2  0
0.150044  2  0
0.150044  2  0
0.150044  2  0
0.150044  2  0
0.150044  2  0
0.150044  2  0
0.150044  2  0
0.150044  2  0
0.150044  2  0
0.150044  2  0
0.150044  2  0
0.150044  2  0
0.150044  2  0
0.150044  2  0
0.150044  2  0
0.150044  2  0
0.150044  2  0
0.150044  2  0
0.150044  2  0
0.150044  2  0
0.150044  2  0
0.150044  2  0
0.150044  2  0
0.150044  2  0
0.150044  2  0
0.150044  2  0
0.150044  2  0
0.150044  2  0
0.150044  2  0
0.150044  2  0
0.150044  2  0
0.150044  2  0
0.150044  2  0
0.150044  2  0
0.150044  2  0
0.150044  2  0
0.150044  2  0
0.150044  2  0
0.150044  2  0
0.150044  2  0
0.150044  2  0
0.150044  2  0
0.150044  2  0
0.150044  2  0
0.150044  2  0
0.150044  2  0
0.150044  2  0
0.150044  2  0
0.150044  2  0
0.150044  2  0
0.150044  2  0
0.150044  2  0
0.150044  2  0
0.150044  2  0
0.150044  2  0
0.150044  2  0
0.150044  2  0
0.150044  2  0
0.150044  2  0
0.150044  2  0
0.150044  2  0
0.150044  2  0
0.150044  2  0
0.150044  2  0
0.150044  2  0
0.150044  2  0
0.150044  2  0
0.150044  2  0
0.150044  2  0
0.150044  2  0
0.150044  2  0
0.150044  2  0
0.150044  2  0
0.150044  2  0
0.150044  2  0
0.150044  2  0
0.150044  2  0
0.150044  2  0
0.150044  2  0
0.150044  2  0
0.150044  2  0
0.150044  2  0
0.150044  2  0
0.150044  2  0
0.150044  2  0
0.150044  2  0
0.150044  2  0
0.150044  2  0
0.150044  2  0
0.150044  2  0
0.150044  2  0
0.150044  2  0
0.150044  2  0
0.150044  2  0
0.150044  2  0
0.150044  2  0
0.150044  2  0
0.150044  2  0
0.150044  2  0
0.150044  2  0
0.150044  2  0
0.150044  2  0
0.150044  2  0
0.150044  2  0
0.150044  2  0
0.150044  2  0
0.150044  2  0
0.150044  2  0
0.150044  2  0
0.150044  2  0
0.150044  2  0
0.150044  2  0
0.150044  2  0
0.150044  2  0
0.150044  2  0
0.150044  2  0
0.150044  2  0
0.150044  2  0
0.150044  2  0
0.150044  2  0
0.150044  2  0
0.150044  2  0
0.150044  2  0
0.150044  2  0
0.150044  2  0
0.150044  2  0
0.150044  2  0
0.150044  2  0
0.150044  2  0
0.150044  2  0
0.150044  2  0
0.150044  2  0
0.150044  2  0
0.150044  2  0
0.150044  2  0
0.150044  2  0
0.150044  2  0
0.150044  2  0
0.150044  2  0
0.150044  2  0
0.150044  2  0
0.150044  2  0
0.150044  2  0
0.150044  3  0
0.149962  3  0
0.149798  3  0
0.149553  3  0
0.149267  3  0
0.148939  3  0
0.148571  3  0
0.148203  3  0
0.147794  3  0
0.147385  3  0
0.147017  3  0
0.146608  3  0
0.146240  3  0
0.145953  3  0
0.145667  3  0
0.145462  3  0
0.145340  3  0
0.145217  3  0
0.145217  3  0
0.145217  3  0
0.145217  3  0
0.145217  3  0
0.145258  3  0
0.145299  3  0
0.145340  3  0
0.145380  3  0
0.145380  3  0
0.145421  3  0
0.145421  3  0
0.145421  3  0
0.145421  3  0
0.145421  3  0
0.145421  3  0
0.145421  3  0
0.145421  3  0
0.145421  3  0
0.145421  3  0
0.145421  3  0
0.145421  3  0
0.145421  3  0
0.145421  3  0
0.145421  3  0
0.145421  3  0
0.145421  3  0
0.145421  3  0
0.145421  3  0
0.145421  3  0
0.145421  3  0
0.145421  3  0
0.145421  3  0
0.145421  3  0
0.145421  3  0
0.145421  3  0
0.145421  3  0
0.145421  3  0
0.145421  3  0
0.145421  3  0
0.145421  3  0
0.145421  3  0
0.145421  3  0
0.145421  3  0
0.145421  3  0
0.145421  3  0
0.145421  3  0
0.145421  3  0
0.145421  3  0
0.145421  3  0
0.145421  3  0
0.145421  3  0
0.145421  3  0
0.145421  3  0
0.145421  3  0
0.145421  3  0
0.145421  3  0
0.145421  3  0
0.145421  3  0
0.145421  3  0
0.145421  3  0
0.145421  3  0
0.145421  3  0
0.145421  3  0
0.145421  3  0
0.145421  3  0
0.145421  3  0
0.145421  3  0
0.145421  3  0
0.145421  3  0
0.145421  3  0
0.145421  3  0
0.145421  3  0
0.145421  3  0
0.145421  3  0
0.145421  3  0
0.145421  3  0
0.145421  3  0
0.145421  3  0
0.145421  3  0
0.145421  3  0
0.145421  3  0
0.145421  3  0
0.145421  3  0
0.145421  3  0
0.145421  3  0
0.145421  3  0
0.145421  3  0
0.145421  3  0
0.145421  3  0
0.145421  3  0
0.145421  3  0
0.145421  3  0
0.145421  3  0
0.145421  3  0
0.145421  3  0
0.145421  3  0
0.145421  3  0
0.145421  3  0
0.145421  3  0
0.145421  3  0
0.145421  3  0
0.145421  3  0
0.145421  3  0
0.145421  3  0
0.145421  3  0
0.145421  3  0
0.145421  3  0
0.145421  3  0
0.145421  3  0
0.145421  3  0
0.145421  3  0
0.145421  3  0
0.145421  3  0
0.145421  3  0
0.145421  3  0
0.145421  3  0
0.145421  3  0
0.145421  3  0
0.145421  3  0
0.145421  3  0
0.145421  3  0
0.145421  3  0
0.145421  3  0
0.145421  3  0
0.145421  3  0
0.145421  3  0
0.145421  3  0
0.145421  3  0
0.145421  3  0
0.145421  3  0
0.145421  3  0
0.145421  3  0
0.145421  3  0
0.145421  3  0
0.145421  3  0
0.145421  3  0
0.145421  3  0
0.145421  3  0
0.145421  3  0
0.145421  3  0
0.145421  3  0
0.145421  3  0
0.145421  3  0
0.145421  3  0
0.145421  3  0
0.145421  3  0
0.145421  3  0
0.145421  3  0
0.145421  3  0
0.145421  3  0
0.145421  3  0
0.145421  3  0
0.145421  3  0
0.145421  3  0
0.145421  3  0
0.145421  3  0
0.145421  3  0
0.145421  3  0
0.145421  3  0
0.145421  3  0
0.145421  3  0
0.145421  3  0
0.145421  3  0
0.145421  3  0
0.145421  3  0
0.145421  3  0
0.145421  3  0
0.145421  3  0
0.145421  3  0
0.145421  3  0
0.145421  3  0
0.145421  3  0
0.145421  3  0
0.145421  3  0
0.145421  3  0
0.145421  3  0
0.145421  3  0
0.145421  3  0
0.145421  3  0
0.145421  3  0
0.145421  3  0
0.145421  3  0
0.145421  3  0
0.145421  3  0
0.145421  3  0
0.145421  3  0
0.145421  3  0
0.145421  3  0
0.145421  3  0
0.145421  3  0
0.145421  3  0
0.145421  3  0
0.145421  3  0
0.145421  3  0
0.145421  3  0
0.145421  3  0
0.145421  3  0
0.145421  3  0
0.145421  3  0
0.145421  3  0
0.145421  3  0
0.145421  3  0
0.145421  3  0
0.145421  3  0
0.145421  3  0
0.145421  3  0
0.145421  3  0
0.145421  3  0
0.145421  3  0
0.145421  3  0
0.145421  3  0
0.145421  3  0
0.145421  3  0
0.145421  3  0
0.145421  3  0
0.145421  3  0
0.145421  3  0
0.145421  3  0
0.145421  3  0
0.145421  3  0
0.145421  3  0
0.145421  3  0
0.145421  3  0
0.145421  3  0
0.145421  3  0
0.145421  3  0
0.145421  3  0
0.145421  3  0
0.145421  3  0
0.145421  3  0
0.145421  3  0
0.145421  3  0
0.145421  3  0
0.145421  3  0
0.145421  3  0
0.145421  3  0
0.145421  3  0
0.145421  3  0
0.145421  3  0
0.145421  3  0
0.145421  3  0
0.145421  3  0
0.145421  3  0
0.145421  3  0
0.145421  3  0
0.145421  3  0
0.145421  3  0
0.145421  3  0
0.145421  3  0
0.145421  3  0
0.145421  3  0
0.145421  3  0
0.145421  3  0
0.145421  3  0
0.145421  3  0
0.145421  3  0
0.145421  3  0
0.145421  3  0
0.145421  3  0
0.145421  3  0
0.145421  3  0
0.145421  3  0
0.145421  3  0
0.145421  3  0
0.145421  3  0
0.145421  3  0
0.145421  3  0
0.145421  3  0
0.145421  3  0
0.145421  3  0
0.145421  3  0
0.145421  3  0
0.145421  3  0
0.145421  3  0
0.145421  3  0
0.145421  3  0
0.145421  3  0
0.145421  3  0
0.145421  3  0
0.145421  3  0
0.145421  3  0
0.145421  3  0
0.145421  4  0
0.145421  4  0
0.145380  4  0
0.145299  4  0
0.145217  4  0
0.145094  4  0
0.144971  4  0
0.144849  4  0
0.144726  4  0
0.144603  4  0
0.144521  4  0
0.144399  4  0
0.144358  4  0
0.144276  4  0
0.144194  4  0
0.144112  4  0
0.144031  4  0
0.143949  4  0
0.143908  4  0
0.143826  4  0
0.143785  4  0
0.143744  4  0
0.143703  4  0
0.143622  4  0
0.143581  4  0
0.143540  4  0
0.143458  4  0
0.143458  4  0
0.143417  4  0
0.143335  4  0
0.143294  4  0
0.143294  4  0
0.143212  4  0
0.143172  4  0
0.143172  4  0
0.143090  4  0
0.143090  4  0
0.143049  4  0
0.143008  4  0
0.142967  4  0
0.142926  4  0
0.142926  4  0
0.142885  4  0
0.142844  4  0
0.142803  4  0
0.142803  4  0
0.142762  4  0
0.142681  4  0
0.142681  4  0
0.142640  4  0
0.142640  4  0
0.142599  4  0
0.142558  4  0
0.142517  4  0
0.142476  4  0
0.142435  4  0
0.142435  4  0
0.142435  4  0
0.142394  4  0
0.142353  4  0
0.142313  4  0
0.142272  4  0
0.142272  4  0
0.142231  4  0
0.142190  4  0
0.142190  4  0
0.142149  4  0
0.142108  4  0
0.142108  4  0
0.142067  4  0
0.142067  4  0
0.142026  4  0
0.142026  4  0
0.141985  4  0
0.141944  4  0
0.141944  4  0
0.141903  4  0
0.141863  4  0
0.141863  4  0
0.141822  4  0
0.141822  4  0
0.141781  4  0
0.141781  4  0
0.141740  4  0
0.141740  4  0
0.141699  4  0
0.141699  4  0
0.141699  4  0
0.141699  4  0
0.141658  4  0
0.141617  4  0
0.141617  4  0
0.141617  4  0
0.141617  4  0
0.141576  4  0
0.141576  4  0
0.141576  4  0
0.141535  4  0
0.141535  4  0
0.141494  4  0
0.141494  4  0
0.141494  4  0
0.141494  4  0
0.141494  4  0
0.141453  4  0
0.141453  4  0
0.141453  4  0
0.141453  4  0
0.141453  4  0
0.141413  4  0
0.141413  4  0
0.141413  4  0
0.141413  4  0
0.141413  4  0
0.141413  4  0
0.141372  4  0
0.141372  4  0
0.141372  4  0
0.141372  4  0
0.141372  4  0
0.141372  4  0
0.141372  4  0
0.141372  4  0
0.141372  4  0
0.141372  4  0
0.141372  4  0
0.141372  4  0
0.141372  4  0
0.141372  4  0
0.141372  4  0
0.141372  4  0
0.141372  4  0
0.141372  4  0
0.141372  4  0
0.141372  4  0
0.141372  4  0
0.141372  4  0
0.141372  4  0
0.141372  4  0
0.141372  4  0
0.141372  4  0
0.141372  4  0
0.141372  4  0
0.141372  4  0
0.141372  4  0
0.141372  4  0
0.141372  4  0
0.141372  4  0
0.141372  4  0
0.141372  4  0
0.141372  4  0
0.141372  4  0
0.141372  4  0
0.141372  4  0
0.141331  4  0
0.141331  4  0
0.141331  4  0
0.141331  4  0
0.141331  4  0
0.141331  4  0
0.141331  4  0
0.141331  4  0
0.141331  4  0
0.141331  4  0
0.141331  4  0
0.141331  4  0
0.141331  4  0
0.141331  4  0
0.141331  4  0
0.141331  4  0
0.141331  4  0
0.141331  4  0
0.141331  4  0
0.141331  4  0
0.141331  4  0
0.141331  4  0
0.141331  4  0
0.141331  4  0
0.141331  4  0
0.141331  4  0
0.141331  4  0
0.141331  4  0
0.141331  4  0
0.141331  4  0
0.141331  4  0
0.141331  4  0
0.141331  4  0
0.141331  4  0
0.141331  4  0
0.141331  4  0
0.141331  4  0
0.141331  4  0
0.141331  4  0
0.141331  4  0
0.141331  4  0
0.141331  4  0
0.141331  4  0
0.141331  4  0
0.141331  4  0
0.141331  4  0
0.141331  4  0
0.141331  4  0
0.141331  4  0
0.141331  4  0
0.141331  4  0
0.141331  4  0
0.141331  4  0
0.141331  4  0
0.141331  4  0
0.141331  4  0
0.141331  4  0
0.141331  4  0
0.141331  4  0
0.141331  4  0
0.141331  4  0
0.141331  4  0
0.141331  4  0
0.141331  4  0
0.141331  4  0
0.141331  4  0
0.141331  4  0
0.141331  4  0
0.141331  4  0
0.141331  4  0
0.141331  4  0
0.141331  4  0
0.141331  4  0
0.141331  4  0
0.141331  4  0
0.141331  4  0
0.141331  4  0
0.141331  4  0
0.141331  4  0
0.141331  4  0
0.141331  4  0
0.141331  4  0
0.141331  4  0
0.141331  4  0
0.141331  4  0
0.141331  4  0
0.141331  4  0
0.141331  4  0
0.141331  4  0
0.141331  4  0
0.141331  4  0
0.141331  4  0
0.141331  4  0
0.141331  4  0
0.141331  4  0
0.141331  4  0
0.141331  4  0
0.141331  4  0
0.141331  4  0
0.141331  4  0
0.141331  4  0
0.141331  4  0
0.141331  4  0
0.141331  4  0
0.141331  4  0
0.141331  4  0
0.141331  4  0
0.141331  4  0
0.141331  4  0
0.141331  4  0
0.141331  4  0
0.141331  4  0
0.141331  4  0
0.141331  4  0
0.141331  4  0
0.141331  4  0
0.141331  4  0
0.141331  4  0
0.141331  4  0
0.141331  4  0
0.141331  4  0
0.141331  4  0
0.141331  4  0
0.141331  4  0
0.141331  4  0
0.141331  4  0
0.141331  4  0
0.141331  4  0
0.141331  4  0
0.141331  4  0
0.141331  4  0
0.141331  4  0
0.141331  4  0
0.141331  4  0
0.141331  4  0
0.141331  4  0
0.141331  4  0
0.141331  4  0
0.141331  4  0
0.141331  4  0
0.141331  4  0
0.141331  4  0
0.141331  4  0
0.141331  4  0
0.141331  4  0
0.141331  4  0
0.141331  5  0
0.141208  5  0
0.141044  5  0
0.140758  5  0
0.140472  5  0
0.140104  5  0
0.139735  5  0
0.139326  5  0
0.138917  5  0
0.138467  5  0
0.138099  5  0
0.137731  5  0
0.137404  5  0
0.137158  5  0
0.136995  5  0
0.136872  5  0
0.136831  5  0
0.136790  5  0
0.136790  5  0
0.136831  5  0
0.136831  5  0
0.136913  5  0
0.136954  5  0
0.136995  5  0
0.137036  5  0
0.137077  5  0
0.137117  5  0
0.137117  5  0
0.137117  5  0
0.137117  5  0
0.137117  5  0
0.137117  5  0
0.137117  5  0
0.137117  5  0
0.137117  5  0
0.137117  5  0
0.137117  5  0
0.137117  5  0
0.137117  5  0
0.137117  5  0
0.137117  5  0
0.137117  5  0
0.137117  5  0
0.137117  5  0
0.137117  5  0
0.137117  5  0
0.137117  5  0
0.137117  5  0
0.137117  5  0
0.137117  5  0
0.137117  5  0
0.137117  5  0
0.137117  5  0
0.137117  5  0
0.137117  5  0
0.137117  5  0
0.137117  5  0
0.137117  5  0
0.137117  5  0
0.137117  5  0
0.137117  5  0
0.137117  5  0
0.137117  5  0
0.137117  5  0
0.137117  5  0
0.137117  5  0
0.137117  5  0
0.137117  5  0
0.137117  5  0
0.137117  5  0
0.137117  5  0
0.137117  5  0
0.137117  5  0
0.137117  5  0
0.137117  5  0
0.137117  5  0
0.137117  5  0
0.137117  5  0
0.137117  5  0
0.137117  5  0
0.137117  5  0
0.137117  5  0
0.137117  5  0
0.137117  5  0
0.137117  5  0
0.137117  5  0
0.137117  5  0
0.137117  5  0
0.137117  5  0
0.137117  5  0
0.137117  5  0
0.137117  5  0
0.137117  5  0
0.137117  5  0
0.137117  5  0
0.137117  5  0
0.137117  5  0
0.137117  5  0
0.137117  5  0
0.137117  5  0
0.137117  5  0
0.137117  5  0
0.137117  5  0
0.137117  5  0
0.137117  5  0
0.137117  5  0
0.137117  5  0
0.137117  5  0
0.137117  5  0
0.137117  5  0
0.137117  5  0
0.137117  5  0
0.137117  5  0
0.137117  5  0
0.137117  5  0
0.137117  5  0
0.137117  5  0
0.137117  5  0
0.137117  5  0
0.137117  5  0
0.137117  5  0
0.137117  5  0
0.137117  5  0
0.137117  5  0
0.137117  5  0
0.137117  5  0
0.137117  5  0
0.137117  5  0
0.137117  5  0
0.137117  5  0
0.137117  5  0
0.137117  5  0
0.137117  5  0
0.137117  5  0
0.137117  5  0
0.137117  5  0
0.137117  5  0
0.137117  5  0
0.137117  5  0
0.137117  5  0
0.137117  5  0
0.137117  5  0
0.137117  5  0
0.137117  5  0
0.137117  5  0
0.137117  5  0
0.137117  5  0
0.137117  5  0
0.137117  5  0
0.137117  5  0
0.137117  5  0
0.137117  5  0
0.137117  5  0
0.137117  5  0
0.137117  5  0
0.137117  5  0
0.137117  5  0
0.137117  5  0
0.137117  5  0
0.137117  5  0
0.137117  5  0
0.137117  5  0
0.137117  5  0
0.137117  5  0
0.137117  5  0
0.137117  5  0
0.137117  5  0
0.137117  5  0
0.137117  5  0
0.137117  5  0
0.137117  5  0
0.137117  5  0
0.137117  5  0
0.137117  5  0
0.137117  5  0
0.137117  5  0
0.137117  5  0
0.137117  5  0
0.137117  5  0
0.137117  5  0
0.137117  5  0
0.137117  5  0
0.137117  5  0
0.137117  5  0
0.137117  5  0
0.137117  5  0
0.137117  5  0
0.137117  5  0
0.137117  5  0
0.137117  5  0
0.137117  5  0
0.137117  5  0
0.137117  5  0
0.137117  5  0
0.137117  5  0
0.137117  5  0
0.137117  5  0
0.137117  5  0
0.137117  5  0
0.137117  5  0
0.137117  5  0
0.137117  5  0
0.137117  5  0
0.137117  5  0
0.137117  5  0
0.137117  5  0
0.137117  5  0
0.137117  5  0
0.137117  5  0
0.137117  5  0
0.137117  5  0
0.137117  5  0
0.137117  5  0
0.137117  5  0
0.137117  5  0
0.137117  5  0
0.137117  5  0
0.137117  5  0
0.137117  5  0
0.137117  5  0
0.137117  5  0
0.137117  5  0
0.137117  5  0
0.137117  5  0
0.137117  5  0
0.137117  5  0
0.137117  5  0
0.137117  5  0
0.137117  5  0
0.137117  5  0
0.137117  5  0
0.137117  5  0
0.137117  5  0
0.137117  5  0
0.137117  5  0
0.137117  5  0
0.137117  5  0
0.137117  5  0
0.137117  5  0
0.137117  5  0
0.137117  5  0
0.137117  5  0
0.137117  5  0
0.137117  5  0
0.137117  5  0
0.137117  5  0
0.137117  5  0
0.137117  5  0
0.137117  5  0
0.137117  5  0
0.137117  5  0
0.137117  5  0
0.137117  5  0
0.137117  5  0
0.137117  5  0
0.137117  5  0
0.137117  5  0
0.137117  5  0
0.137117  5  0
0.137117  5  0
0.137117  5  0
0.137117  5  0
0.137117  5  0
0.137117  5  0
0.137117  5  0
0.137117  5  0
0.137117  5  0
0.137117  5  0
0.137117  5  0
0.137117  5  0
0.137117  5  0
0.137117  5  0
0.137117  5  0
0.137117  5  0
0.137117  5  0
0.137117  5  0
0.137117  5  0
0.137117  5  0
0.137117  5  0
0.137117  5  0
0.137117  5  0
0.137117  5  0
0.137117  5  0
0.137117  5  0
0.137117  5  0
0.137117  5  0
0.137117  5  0
0.137117  5  0
0.137117  5  0
0.137117  5  0
0.137117  5  0
0.137117  5  0
0.137117  5  0
0.137117  5  0
0.137117  5  0
0.137117  5  0
0.137117  5  0
0.137117  5  0
0.137117  5  0
0.137117  5  0
0.137117  0  0
0.137117  0  0
0.137036  0  0
0.136954  0  0
0.136831  0  0
0.136749  0  0
0.136586  0  0
0.136504  0  0
0.136340  0  0
0.136299  0  0
0.136177  0  0
0.136095  0  0
0.136013  0  0
0.135972  0  0
0.135890  0  0
0.135849  0  0
0.135768  0  0
0.135727  0  0
0.135686  0  0
0.135604  0  0
0.135563  0  0
0.135522  0  0
0.135481  0  0
0.135481  0  0
0.135399  0  0
0.135358  0  0
0.135358  0  0
0.135318  0  0
0.135277  0  0
0.135236  0  0
0.135236  0  0
0.135195  0  0
0.135154  0  0
0.135154  0  0
0.135113  0  0
0.135072  0  0
0.135072  0  0
0.135031  0  0
0.135031  0  0
0.134990  0  0
0.134949  0  0
0.134949  0  0
0.134908  0  0
0.134908  0  0
0.134868  0  0
0.134868  0  0
0.134868  0  0
0.134827  0  0
0.134827  0  0
0.134786  0  0
0.134786  0  0
0.134745  0  0
0.134745  0  0
0.134745  0  0
0.134704  0  0
0.134704  0  0
0.134704  0  0
0.134663  0  0
0.134622  0  0
0.134622  0  0
0.134622  0  0
0.134581  0  0
0.134581  0  0
0.134581  0  0
0.134581  0  0
0.134540  0  0
0.134540  0  0
0.134540  0  0
0.134499  0  0
0.134499  0  0
0.134499  0  0
0.134459  0  0
0.134459  0  0
0.134418  0  0
0.134418  0  0
0.134418  0  0
0.134418  0  0
0.134377  0  0
0.134377  0  0
0.134336  0  0
0.134336  0  0
0.134336  0  0
0.134336  0  0
0.134295  0  0
0.134295  0  0
0.134295  0  0
0.134295  0  0
0.134295  0  0
0.134254  0  0
0.134254  0  0
0.134254  0  0
0.134254  0  0
0.134254  0  0
0.134254  0  0
0.134254  0  0
0.134213  0  0
0.134213  0  0
0.134213  0  0
0.134213  0  0
0.134213  0  0
0.134213  0  0
0.134213  0  0
0.134213  0  0
0.134172  0  0
0.134172  0  0
0.134172  0  0
0.134172  0  0
0.134172  0  0
0.134172  0  0
0.134172  0  0
0.134172  0  0
0.134172  0  0
0.134172  0  0
0.134172  0  0
0.134172  0  0
0.134172  0  0
0.134172  0  0
0.134172  0  0
0.134172  0  0
0.134172  0  0
0.134131  0  0
0.134131  0  0
0.134131  0  0
0.134131  0  0
0.134131  0  0
0.134131  0  0
0.134131  0  0
0.134131  0  0
0.134131  0  0
0.134131  0  0
0.134131  0  0
0.134131  0  0
0.134131  0  0
0.134131  0  0
0.134131  0  0
0.134131  0  0
0.134131  0  0
0.134131  0  0
0.134131  0  0
0.134131  0  0
0.134131  0  0
0.134131  0  0
0.134131  0  0
0.134131  0  0
0.134131  0  0
0.134131  0  0
0.134131  0  0
0.134131  0  0
0.134131  0  0
0.134131  0  0
0.134131  0  0
0.134131  0  0
0.134131  0  0
0.134131  0  0
0.134131  0  0
0.134131  0  0
0.134131  0  0
0.134131  0  0
0.134131  0  0
0.134131  0  0
0.134131  0  0
0.134131  0  0
0.134131  0  0
0.134131  0  0
0.134131  0  0
0.134131  0  0
0.134131  0  0
0.134131  0  0
0.134131  0  0
0.134131  0  0
0.134131  0  0
0.134131  0  0
0.134131  0  0
0.134131  0  0
0.134131  0  0
0.134131  0  0
0.134131  0  0
0.134131  0  0
0.134131  0  0
0.134131  0  0
0.134131  0  0
0.134131  0  0
0.134131  0  0
0.134131  0  0
0.134131  0  0
0.134131  0  0
0.134131  0  0
0.134131  0  0
0.134131  0  0
0.134131  0  0
0.134131  0  0
0.134131  0  0
0.134131  0  0
0.134131  0  0
0.134131  0  0
0.134131  0  0
0.134131  0  0
0.134131  0  0
0.134131  0  0
0.134131  0  0
0.134131  0  0
0.134131  0  0
0.134131  0  0
0.134131  0  0
0.134131  0  0
0.134131  0  0
0.134131  0  0
0.134131  0  0
0.134131  0  0
0.134131  0  0
0.134131  0  0
0.134131  0  0
0.134131  0  0
0.134131  0  0
0.134131  0  0
0.134131  0  0
0.134131  0  0
0.134131  0  0
0.134131  0  0
0.134131  0  0
0.134131  0  0
0.134131  0  0
0.134131  0  0
0.134131  0  0
0.134131  0  0
0.134131  0  0
0.134131  0  0
0.134131  0  0
0.134131  0  0
0.134131  0  0
0.134131  0  0
0.134131  0  0
0.134131  0  0
0.134131  0  0
0.134131  0  0
0.134131  0  0
0.134131  0  0
0.134131  0  0
0.134131  0  0
0.134131  0  0
0.134131  0  0
0.134131  0  0
0.134131  0  0
0.134131  0  0
0.134131  0  0
0.134131  0  0
0.134131  0  0
0.134131  0  0
0.134131  0  0
0.134131  0  0
0.134131  0  0
0.134131  0  0
0.134131  0  0
0.134131  0  0
0.134131  0  0
0.134131  0  0
0.134131  0  0
0.134131  0  0
0.134131  0  0
0.134131  0  0
0.134131  0  0
0.134131  0  0
0.134131  0  0
0.134131  0  0
0.134131  0  0
0.134131  0  0
0.134131  0  0
0.134131  0  0
0.134131  0  0
0.134131  0  0
0.134131  0  0
0.134131  0  0
0.134131  0  0
0.134131  0  0
0.134131  0  0
0.134131  0  0
0.134131  0  0
0.134131  0  0
0.134131  0  0
0.134131  0  0
0.134131  0  0
0.134131  0  0
0.134131  0  0
0.134131  0  0
0.134131  0  0
0.134131  0  0
0.134131  0  0
0.134131  0  0
0.134131  0  0
0.134131  0  0
0.134131  0  0
0.134131  0  0
0.134131  0  0
0.134131  0  0
0.134131  0  0
0.134131  0  0
0.134131  0  0
0.134131  0  0
0.134131  0  0
0.134131  0  0
0.134131  1  0
0.134049  1  0
0.133886  1  0
0.133640  1  0
0.133395  1  0
0.133068  1  0
0.132740  1  0
0.132372  1  0
0.131963  1  0
0.131595  1  0
0.131186  1  0
0.130818  1  0
0.130450  1  0
0.130122  1  0
0.129795  1  0
0.129550  1  0
0.129345  1  0
0.129223  1  0
0.129100  1  0
0.129018  1  0
0.128977  1  0
0.128977  1  0
0.128977  1  0
0.128977  1  0
0.128977  1  0
0.129018  1  0
0.129018  1  0
0.129018  1  0
0.129018  1  0
0.129059  1  0
0.129059  1  0
0.129059  1  0
0.129059  1  0
0.129059  1  0
0.129059  1  0
0.129059  1  0
0.129059  1  0
0.129059  1  0
0.129059  1  0
0.129059  1  0
0.129059  1  0
0.129059  1  0
0.129059  1  0
0.129059  1  0
0.129059  1  0
0.129059  1  0
0.129059  1  0
0.129059  1  0
0.129059  1  0
0.129059  1  0
0.129059  1  0
0.129059  1  0
0.129059  1  0
0.129059  1  0
0.129059  1  0
0.129059  1  0
0.129059  1  0
0.129059  1  0
0.129059  1  0
0.129059  1  0
0.129059  1  0
0.129059  1  0
0.129059  1  0
0.129059  1  0
0.129059  1  0
0.129059  1  0
0.129059  1  0
0.129059  1  0
0.129059  1  0
0.129059  1  0
0.129059  1  0
0.129059  1  0
0.129059  1  0
0.129059  1  0
0.129059  1  0
0.129059  1  0
0.129059  1  0
0.129059  1  0
0.129059  1  0
0.129059  1  0
0.129059  1  0
0.129059  1  0
0.129059  1  0
0.129059  1  0
0.129059  1  0
0.129059  1  0
0.129059  1  0
0.129059  1  0
0.129059  1  0
0.129059  1  0
0.129059  1  0
0.129059  1  0
0.129059  1  0
0.129059  1  0
0.129059  1  0
0.129059  1  0
0.129059  1  0
0.129059  1  0
0.129059  1  0
0.129059  1  0
0.129059  1  0
0.129059  1  0
0.129059  1  0
0.129059  1  0
0.129059  1  0
0.129059  1  0
0.129059  1  0
0.129059  1  0
0.129059  1  0
0.129059  1  0
0.129059  1  0
0.129059  1  0
0.129059  1  0
0.129059  1  0
0.129059  1  0
0.129059  1  0
0.129059  1  0
0.129059  1  0
0.129059  1  0
0.129059  1  0
0.129059  1  0
0.129059  1  0
0.129059  1  0
0.129059  1  0
0.129059  1  0
0.129059  1  0
0.129059  1  0
0.129059  1  0
0.129059  1  0
0.129059  1  0
0.129059  1  0
0.129059  1  0
0.129059  1  0
0.129059  1  0
0.129059  1  0
0.129059  1  0
0.129059  1  0
0.129059  1  0
0.129059  1  0
0.129059  1  0
0.129059  1  0
0.129059  1  0
0.129059  1  0
0.129059  1  0
0.129059  1  0
0.129059  1  0
0.129059  1  0
0.129059  1  0
0.129059  1  0
0.129059  1  0
0.129059  1  0
0.129059  1  0
0.129059  1  0
0.129059  1  0
0.129059  1  0
0.129059  1  0
0.129059  1  0
0.129059  1  0
0.129059  1  0
0.129059  1  0
0.129059  1  0
0.129059  1  0
0.129059  1  0
0.129059  1  0
0.129059  1  0
0.129059  1  0
0.129059  1  0
0.129059  1  0
0.129059  1  0
0.129059  1  0
0.129059  1  0
0.129059  1  0
0.129059  1  0
0.129059  1  0
0.129059  1  0
0.129059  1  0
0.129059  1  0
0.129059  1  0
0.129059  1  0
0.129059  1  0
0.129059  1  0
0.129059  1  0
0.129059  1  0
0.129059  1  0
0.129059  1  0
0.129059  1  0
0.129059  1  0
0.129059  1  0
0.129059  1  0
0.129059  1  0
0.129059  1  0
0.129059  1  0
0.129059  1  0
0.129059  1  0
0.129059  1  0
0.129059  1  0
0.129059  1  0
0.129059  1  0
0.129059  1  0
0.129059  1  0
0.129059  1  0
0.129059  1  0
0.129059  1  0
0.129059  1  0
0.129059  1  0
0.129059  1  0
0.129059  1  0
0.129059  1  0
0.129059  1  0
0.129059  1  0
0.129059  1  0
0.129059  1  0
0.129059  1  0
0.129059  1  0
0.129059  1  0
0.129059  1  0
0.129059  1  0
0.129059  1  0
0.129059  1  0
0.129059  1  0
0.129059  1  0
0.129059  1  0
0.129059  1  0
0.129059  1  0
0.129059  1  0
0.129059  1  0
0.129059  1  0
0.129059  1  0
0.129059  1  0
0.129059  1  0
0.129059  1  0
0.129059  1  0
0.129059  1  0
0.129059  1  0
0.129059  1  0
0.129059  1  0
0.129059  1  0
0.129059  1  0
0.129059  1  0
0.129059  1  0
0.129059  1  0
0.129059  1  0
0.129059  1  0
0.129059  1  0
0.129059  1  0
0.129059  1  0
0.129059  1  0
0.129059  1  0
0.129059  1  0
0.129059  1  0
0.129059  1  0
0.129059  1  0
0.129059  1  0
0.129059  1  0
0.129059  1  0
0.129059  1  0
0.129059  1  0
0.129059  1  0
0.129059  1  0
0.129059  1  0
0.129059  1  0
0.129059  1  0
0.129059  1  0
0.129059  1  0
0.129059  1  0
0.129059  1  0
0.129059  1  0
0.129059  1  0
0.129059  1  0
0.129059  1  0
0.129059  1  0
0.129059  1  0
0.129059  1  0
0.129059  1  0
0.129059  1  0
0.129059  1  0
0.129059  1  0
0.129059  1  0
0.129059  1  0
0.129059  1  0
0.129059  1  0
0.129059  1  0
0.129059  1  0
0.129059  1  0
0.129059  1  0
0.129059  1  0
0.129059  1  0
0.129059  1  0
0.129059  1  0
0.129059  1  0
0.129059  1  0
0.129059  1  0
0.129059  1  0
0.129059  1  0
0.129059  1  0
0.129059  1  0
0.129059  1  0
0.129059  1  0
0.129059  1  0
0.129059  1  0
0.129059  2  0
0.129059  2  0
0.128977  2  0
0.128895  2  0
0.128773  2  0
0.128609  2  0
0.128486  2  0
0.128364  2  0
0.128241  2  0
0.128118  2  0
0.127995  2  0
0.127832  2  0
0.127750  2  0
0.127668  2  0
0.127545  2  0
0.127464  2  0
0.127382  2  0
0.127341  2  0
0.127259  2  0
0.127177  2  0
0.127095  2  0
0.127055  2  0
0.126973  2  0
0.126932  2  0
0.126891  2  0
0.126850  2  0
0.126768  2  0
0.126727  2  0
0.126727  2  0
0.126645  2  0
0.126605  2  0
0.126605  2  0
0.126523  2  0
0.126523  2  0
0.126482  2  0
0.126441  2  0
0.126441  2  0
0.126400  2  0
0.126359  2  0
0.126359  2  0
0.126318  2  0
0.126318  2  0
0.126277  2  0
0.126277  2  0
0.126236  2  0
0.126236  2  0
0.126195  2  0
0.126195  2  0
0.126155  2  0
0.126155  2  0
0.126155  2  0
0.126155  2  0
0.126114  2  0
0.126114  2  0
0.126114  2  0
0.126114  2  0
0.126073  2  0
0.126073  2  0
0.126073  2  0
0.126073  2  0
0.126032  2  0
0.126032  2  0
0.126032  2  0
0.125991  2  0
0.125991  2  0
0.125991  2  0
0.125950  2  0
0.125950  2  0
0.125950  2  0
0.125909  2  0
0.125909  2  0
0.125909  2  0
0.125909  2  0
0.125909  2  0
0.125909  2  0
0.125868  2  0
0.125868  2  0
0.125868  2  0
0.125827  2  0
0.125827  2  0
0.125827  2  0
0.125827  2  0
0.125827  2  0
0.125786  2  0
0.125786  2  0
0.125786  2  0
0.125786  2  0
0.125786  2  0
0.125746  2  0
0.125746  2  0
0.125746  2  0
0.125746  2  0
0.125705  2  0
0.125705  2  0
0.125705  2  0
0.125705  2  0
0.125705  2  0
0.125664  2  0
0.125664  2  0
0.125664  2  0
0.125664  2  0
0.125664  2  0
0.125664  2  0
0.125664  2  0
0.125664  2  0
0.125623  2  0
0.125623  2  0
0.125623  2  0
0.125623  2  0
0.125623  2  0
0.125623  2  0
0.125623  2  0
0.125623  2  0
0.125623  2  0
0.125623  2  0
0.125623  2  0
0.125582  2  0
0.125582  2  0
0.125582  2  0
0.125582  2  0
0.125582  2  0
0.125582  2  0
0.125582  2  0
0.125582  2  0
0.125582  2  0
0.125582  2  0
0.125582  2  0
0.125582  2  0
0.125582  2  0
0.125582  2  0
0.125582  2  0
0.125582  2  0
0.125582  2  0
0.125582  2  0
0.125582  2  0
0.125582  2  0
0.125582  2  0
0.125582  2  0
0.125582  2  0
0.125582  2  0
0.125582  2  0
0.125582  2  0
0.125582  2  0
0.125582  2  0
0.125582  2  0
0.125582  2  0
0.125582  2  0
0.125582  2  0
0.125582  2  0
0.125582  2  0
0.125582  2  0
0.125582  2  0
0.125582  2  0
0.125582  2  0
0.125582  2  0
0.125582  2  0
0.125582  2  0
0.125582  2  0
0.125582  2  0
0.125582  2  0
0.125582  2  0
0.125582  2  0
0.125582  2  0
0.125582  2  0
0.125582  2  0
0.125582  2  0
0.125582  2  0
0.125582  2  0
0.125582  2  0
0.125582  2  0
0.125582  2  0
0.125582  2  0
0.125582  2  0
0.125582  2  0
0.125582  2  0
0.125582  2  0
0.125582  2  0
0.125582  2  0
0.125582  2  0
0.125582  2  0
0.125582  2  0
0.125582  2  0
0.125582  2  0
0.125582  2  0
0.125582  2  0
0.125582  2  0
0.125582  2  0
0.125582  2  0
0.125582  2  0
0.125582  2  0
0.125582  2  0
0.125582  2  0
0.125582  2  0
0.125582  2  0
0.125582  2  0
0.125582  2  0
0.125582  2  0
0.125582  2  0
0.125582  2  0
0.125582  2  0
0.125582  2  0
0.125582  2  0
0.125582  2  0
0.125582  2  0
0.125582  2  0
0.125582  2  0
0.125582  2  0
0.125582  2  0
0.125582  2  0
0.125582  2  0
0.125582  2  0
0.125582  2  0
0.125582  2  0
0.125582  2  0
0.125582  2  0
0.125582  2  0
0.125582  2  0
0.125582  2  0
0.125582  2  0
0.125582  2  0
0.125582  2  0
0.125582  2  0
0.125582  2  0
0.125582  2  0
0.125582  2  0
0.125582  2  0
0.125582  2  0
0.125582  2  0
0.125582  2  0
0.125582  2  0
0.125582  2  0
0.125582  2  0
0.125582  2  0
0.125582  2  0
0.125582  2  0
0.125582  2  0
0.125582  2  0
0.125582  2  0
0.125582  2  0
0.125582  2  0
0.125582  2  0
0.125582  2  0
0.125582  2  0
0.125582  2  0
0.125582  2  0
0.125582  2  0
0.125582  2  0
0.125582  2  0
0.125582  2  0
0.125582  2  0
0.125582  2  0
0.125582  2  0
0.125582  2  0
0.125582  2  0
0.125582  2  0
0.125582  2  0
0.125582  2  0
0.125582  2  0
0.125582  2  0
0.125582  2  0
0.125582  2  0
0.125582  2  0
0.125582  2  0
0.125582  2  0
0.125582  2  0
0.125582  2  0
0.125582  2  0
0.125582  2  0
0.125582  2  0
0.125582  2  0
0.125582  2  0
0.125582  2  0
0.125582  2  0
0.125582  2  0
0.125582  2  0
0.125582  2  0
0.125582  2  0
0.125582  2  0
0.125582  2  0
0.125582  2  0
0.125582  2  0
0.125582  2  0
0.125582  2  0
0.125582  2  0
0.125582  2  0
0.125582  2  0
0.125582  2  0
0.125582  2  0
0.125582  2  0
0.125582  2  0
0.125582  2  0
0.125582  2  0
0.125582  2  0
0.125582  2  0
0.125582  2  0
0.125582  2  0
0.125582  2  0
0.125582  2  0
0.125582  2  0
0.125582  3  0
0.125582  3  0
0.125459  3  0
0.125296  3  0
0.125050  3  0
0.124723  3  0
0.124396  3  0
0.124068  3  0
0.123700  3  0
0.123332  3  0
0.122964  3  0
0.122596  3  0
0.122268  3  0
0.121982  3  0
0.121778  3  0
0.121573  3  0
0.121409  3  0
0.121328  3  0
0.121287  3  0
0.121287  3  0
0.121287  3  0
0.121287  3  0
0.121287  3  0
0.121328  3  0
0.121369  3  0
0.121409  3  0
0.121409  3  0
0.121450  3  0
0.121450  3  0
0.121450  3  0
0.121450  3  0
0.121450  3  0
0.121450  3  0
0.121450  3  0
0.121450  3  0
0.121450  3  0
0.121450  3  0
0.121450  3  0
0.121450  3  0
0.121450  3  0
0.121450  3  0
0.121450  3  0
0.121450  3  0
0.121450  3  0
0.121450  3  0
0.121450  3  0
0.121450  3  0
0.121450  3  0
0.121450  3  0
0.121450  3  0
0.121450  3  0
0.121450  3  0
0.121450  3  0
0.121450  3  0
0.121450  3  0
0.121450  3  0
0.121450  3  0
0.121450  3  0
0.121450  3  0
0.121450  3  0
0.121450  3  0
0.121450  3  0
0.121450  3  0
0.121450  3  0
0.121450  3  0
0.121450  3  0
0.121450  3  0
0.121450  3  0
0.121450  3  0
0.121450  3  0
0.121450  0  0
