0.000000  0.007616  0.258279
1.000000  1.199297  0.106615
2.000000  1.538533  0.122295
3.000000  1.961765  0.162615
5.000000  2.848434  0.301606
7.000000  3.891275  0.421914
8.000000  4.388193  0.486008
9.000000  4.892276  0.548111
10.000000  5.354293  0.623487
11.000000  5.897730  0.677174
12.000000  6.373919  0.748083
13.000000  6.878970  0.807587
14.000000  7.387520  0.869190
15.000000  7.867251  0.943115
16.000000  8.403206  0.999308
17.000000  8.887697  1.061441
18.000000  9.388521  1.124586
19.000000  9.891854  1.189708
20.000000  15.829438  1.937061
21.000000  22.578091  2.767176
22.000000  29.524912  3.606939
23.000000  36.514275  4.452797
24.000000  43.533894  5.281374
25.000000  50.529095  6.117660
26.000000  57.548691  6.942958
27.000000  64.544434  7.772165
28.000000  71.552788  8.598490
29.000000  78.553917  9.423492
30.000000  85.563080  10.247355
31.000000  92.560143  11.068079
32.000000  99.560143  11.891267
33.000000  106.574028  12.704507
34.000000  113.578064  13.519808
35.000000  120.567223  14.336946
36.000000  127.578453  15.151948
37.000000  134.581589  15.959254
38.000000  141.587540  16.766184
39.000000  148.603943  17.574451
40.000000  143.697723  17.000475
41.000000  137.216446  16.255625
42.000000  130.393768  15.452490
43.000000  123.423187  14.645042
44.000000  116.450150  13.822456
45.000000  109.454170  12.998046
46.000000  102.444008  12.179115
47.000000  95.441399  11.359406
48.000000  88.462296  10.533581
50.000000  74.444908  8.893966
52.000000  60.462063  7.235885
54.000000  46.472790  5.571560
56.000000  32.468273  3.909151
58.000000  18.505663  2.227824
59.000000  11.519611  1.370966
60.000000  9.991656  1.182064
61.000000  9.219687  1.083587
62.000000  8.637500  1.010940
63.000000  8.123644  0.946413
64.000000  7.623794  0.883075
65.000000  7.095776  0.823684
66.000000  6.598134  0.763783
67.000000  6.110648  0.697891
68.000000  5.608427  0.634376
69.000000  5.090759  0.575338
70.000000  4.631980  0.501961
71.000000  4.106566  0.447574
72.000000  3.604220  0.380882
73.000000  3.104122  0.317698
74.000000  2.623796  0.245958
75.000000  2.115739  0.181179
76.000000  1.593223  0.117821
77.000000  1.011586  0.092949
78.000000  0.121171  0.281669
79.000000  0.000000  0.199119
80.000000  -0.006447  -0.059458
81.000000  -1.074830  -0.131994
82.000000  -1.486340  -0.119867
83.000000  -1.832067  -0.208057
84.000000  -2.433369  -0.248635
85.000000  -2.877080  -0.307013
86.000000  -3.379233  -0.366975
87.000000  -3.890607  -0.426142
88.000000  -4.387781  -0.489112
89.000000  -4.892249  -0.550875
90.000000  -5.376150  -0.622784
91.000000  -5.891604  -0.682311
92.000000  -6.392464  -0.747969
93.000000  -6.877033  -0.817546
94.000000  -7.393760  -0.876289
95.000000  -7.895643  -0.934855
96.000000  -8.377948  -1.004407
97.000000  -8.893199  -1.065363
98.000000  -9.386988  -1.126270
99.000000  -9.896233  -1.184483
101.000000  -22.599024  -2.745187
103.000000  -36.541801  -4.401543
104.000000  -43.543312  -5.233648
105.000000  -50.531647  -6.067199
106.000000  -57.521465  -6.908550
107.000000  -64.536736  -7.738619
108.000000  -71.544319  -8.566784
109.000000  -78.555840  -9.390006
110.000000  -85.567635  -10.207762
111.000000  -92.555984  -11.031970
112.000000  -99.581322  -11.841667
113.000000  -106.577591  -12.653009
114.000000  -113.582024  -13.466524
115.000000  -120.564545  -14.279059
116.000000  -127.578011  -15.086276
117.000000  -134.587112  -15.889680
118.000000  -141.590271  -16.693361
119.000000  -148.587540  -17.498829
120.000000  -143.689117  -16.931269
121.000000  -137.218689  -16.184832
122.000000  -130.398193  -15.392249
123.000000  -123.410698  -14.592831
124.000000  -116.442467  -13.775229
125.000000  -109.445534  -12.954962
126.000000  -102.436523  -12.138246
127.000000  -95.453445  -11.315745
128.000000  -88.439369  -10.499878
129.000000  -81.436996  -9.683317
130.000000  -74.454559  -8.858010
131.000000  -67.465080  -8.030788
132.000000  -60.456463  -7.209252
133.000000  -53.464260  -6.380147
134.000000  -46.475376  -5.550554
135.000000  -39.473221  -4.716744
136.000000  -32.478203  -3.883899
137.000000  -25.475443  -3.050046
138.000000  -18.473188  -2.220699
139.000000  -11.511809  -1.371731
140.000000  -9.982857  -1.186200
141.000000  -9.208553  -1.088719
142.000000  -8.646979  -1.015562
143.000000  -8.110951  -0.953322
144.000000  -7.613355  -0.890871
145.000000  -7.122076  -0.823467
146.000000  -6.604917  -0.763929
148.000000  -5.608218  -0.638853
150.000000  -4.604062  -0.509551
151.000000  -4.103735  -0.448011
152.000000  -3.616051  -0.383153
153.000000  -3.074006  -0.333981
154.000000  -2.625881  -0.258495
155.000000  -2.090590  -0.198494
156.000000  -1.615282  -0.125330
157.000000  -1.087052  -0.074295
158.000000  -0.011748  -0.345456
159.000000  -0.000000  -0.315459
