0.000000  0.502457  0.542231
1.000000  0.995083  0.520011
3.000000  2.001558  0.502875
4.000000  2.497261  0.492354
5.000000  3.002689  0.441392
6.000000  3.505288  0.405783
7.000000  3.999091  0.415643
8.000000  4.500546  0.388012
9.000000  5.004428  0.370319
10.000000  5.501886  0.378841
11.000000  6.000875  0.384916
12.000000  6.501595  0.365413
13.000000  7.000327  0.368629
14.000000  7.499744  0.361866
15.000000  8.001233  0.362405
16.000000  8.499157  0.355442
18.000000  9.503123  0.340725
19.000000  9.999432  0.345716
20.000000  14.505152  0.322006
21.000000  19.004683  0.300264
22.000000  23.505281  0.267806
23.000000  28.004671  0.238408
24.000000  32.505280  0.198768
25.000000  37.003292  0.157522
26.000000  41.501251  0.115132
27.000000  46.011055  0.043649
28.000000  50.499111  0.012804
29.000000  55.002419  -0.048125
30.000000  59.501606  -0.105909
31.000000  64.000343  -0.175812
34.000000  77.503395  -0.385128
35.000000  82.001686  -0.463157
36.000000  86.515968  -0.587202
37.000000  90.997261  -0.614788
38.000000  95.502884  -0.733632
39.000000  100.013947  -0.806716
40.000000  95.493118  -0.749663
41.000000  90.995049  -0.686841
42.000000  86.490028  -0.605628
43.000000  81.989510  -0.561395
44.000000  77.488922  -0.435039
45.000000  73.002365  -0.383059
46.000000  68.490280  -0.264414
50.000000  50.494186  -0.013271
51.000000  45.997730  0.023753
52.000000  41.494579  0.086366
53.000000  36.997414  0.125747
54.000000  32.499676  0.164778
55.000000  27.993914  0.219422
56.000000  23.497080  0.249023
57.000000  18.996422  0.285988
58.000000  14.497577  0.305556
59.000000  9.995882  0.345783
60.000000  9.499180  0.338658
61.000000  8.997434  0.351564
64.000000  7.499431  0.358454
65.000000  6.998796  0.362505
66.000000  6.499711  0.362510
67.000000  6.000772  0.359390
68.000000  5.500312  0.380833
69.000000  5.002772  0.368242
70.000000  4.502690  0.389723
71.000000  3.998758  0.409386
72.000000  3.501343  0.397759
73.000000  2.997005  0.456512
74.000000  2.500265  0.480678
75.000000  1.999107  0.479103
76.000000  1.497728  0.517623
78.000000  0.501460  0.573093
79.000000  0.008448  -0.074064
80.000000  -0.498844  -0.540750
81.000000  -1.000525  -0.513775
82.000000  -1.504010  -0.458486
83.000000  -1.994202  -0.505501
84.000000  -2.503478  -0.502570
85.000000  -2.998352  -0.432132
86.000000  -3.503414  -0.428178
87.000000  -3.999682  -0.392658
88.000000  -4.505261  -0.370176
89.000000  -5.000500  -0.396974
90.000000  -5.503023  -0.388445
91.000000  -6.000120  -0.374129
92.000000  -6.499221  -0.375658
95.000000  -8.000135  -0.352626
96.000000  -8.499663  -0.353496
97.000000  -8.999353  -0.347083
98.000000  -9.499928  -0.344897
99.000000  -10.000749  -0.336918
100.000000  -14.505272  -0.314956
101.000000  -19.003693  -0.290646
102.000000  -23.504631  -0.260087
103.000000  -28.004532  -0.221227
104.000000  -32.506378  -0.177109
105.000000  -37.007057  -0.135349
106.000000  -41.503834  -0.098830
107.000000  -46.002220  -0.051038
108.000000  -50.503101  0.014155
110.000000  -59.499714  0.113487
111.000000  -64.002686  0.180413
112.000000  -68.500839  0.249973
113.000000  -73.008682  0.359358
114.000000  -77.511948  0.432512
115.000000  -82.005936  0.553367
116.000000  -86.499413  0.570350
117.000000  -91.012558  0.683899
118.000000  -95.488991  0.749448
119.000000  -100.017380  0.818812
120.000000  -95.490715  0.738656
121.000000  -90.989616  0.676195
122.000000  -86.502785  0.629250
125.000000  -72.995682  0.368730
126.000000  -68.500603  0.305649
127.000000  -63.982475  0.191933
128.000000  -59.493774  0.140715
129.000000  -54.994694  0.083970
130.000000  -50.494411  0.010586
131.000000  -45.996170  -0.030861
132.000000  -41.497364  -0.077986
133.000000  -36.995869  -0.128730
134.000000  -32.495682  -0.177330
135.000000  -27.996212  -0.222429
136.000000  -23.493448  -0.257913
137.000000  -18.996105  -0.284199
138.000000  -14.496181  -0.314774
139.000000  -9.997006  -0.338746
140.000000  -9.503134  -0.332664
141.000000  -8.998898  -0.350806
142.000000  -8.500462  -0.347402
143.000000  -8.000425  -0.347460
144.000000  -7.500615  -0.354654
145.000000  -6.999282  -0.361816
146.000000  -6.500069  -0.365789
147.000000  -6.000167  -0.366422
148.000000  -5.503660  -0.367424
149.000000  -4.999204  -0.391263
150.000000  -4.497053  -0.406256
151.000000  -3.998224  -0.390031
152.000000  -3.501444  -0.424616
153.000000  -2.999609  -0.454710
155.000000  -2.002500  -0.452426
156.000000  -1.497602  -0.496572
157.000000  -0.996112  -0.541879
158.000000  -0.517696  -0.480199
159.000000  -0.000959  -0.111746
