-0.12059244
-0.12085699
-0.1211214
-0.12138568
-0.12164982
-0.12191382
-0.12217769
-0.12244143
-0.12270503
-0.1229685
-0.12323183
-0.12349502
-0.12375808
-0.124021
-0.12428379
-0.12454645
-0.12480897
-0.12507135
-0.1253336
-0.12559572
-0.1258577
-0.12611954
-0.12638126
-0.12664283
-0.12690427
-0.12716558
-0.12742675
-0.12768779
-0.12794869
-0.12820946
-0.1284701
-0.12873059
-0.12899096
-0.12925119
-0.12951129
-0.12977125
-0.13003108
-0.13029077
-0.13055033
-0.13080976
-0.13106905
-0.1313282
-0.13158723
-0.13184612
-0.13210487
-0.13236349
-0.13262198
-0.13288033
-0.13313855
-0.13339663
-0.13365459
-0.1339124
-0.13417009
-0.13442764
-0.13468505
-0.13494234
-0.13519949
-0.1354565
-0.13571338
-0.13597013
-0.13622675
-0.13648323
-0.13673958
-0.13699579
-0.13725187
-0.13750782
-0.13776364
-0.13801932
-0.13827487
-0.13853028
-0.13878556
-0.13904071
-0.13929573
-0.13955061
-0.13980536
-0.14005998
-0.14031446
-0.14056881
-0.14082303
-0.14107711
-0.14133107
-0.14158489
-0.14183857
-0.14209213
-0.14234555
-0.14259884
-0.14285199
-0.14310502
-0.14335791
-0.14361066
-0.14386329
-0.14411578
-0.14436814
-0.14462037
-0.14487247
-0.14512443
-0.14537626
-0.14562796
-0.14587953
-0.14613097
-0.14638227
-0.14663344
-0.14688448
-0.14713538
-0.14738616
-0.1476368
-0.14788731
-0.14813769
-0.14838794
-0.14863805
-0.14888803
-0.14913788
-0.1493876
-0.14963719
-0.14988665
-0.15013597
-0.15038516
-0.15063422
-0.15088315
-0.15113195
-0.15138062
-0.15162915
-0.15187756
-0.15212583
-0.15237397
-0.15262198
-0.15286986
-0.1531176
-0.15336522
-0.1536127
-0.15386005
-0.15410728
-0.15435437
-0.15460133
-0.15484816
-0.15509485
-0.15534142
-0.15558786
-0.15583416
-0.15608034
-0.15632638
-0.15657229
-0.15681807
-0.15706372
-0.15730924
-0.15755463
-0.15779989
-0.15804502
-0.15829002
-0.15853488
-0.15877962
-0.15902423
-0.1592687
-0.15951305
-0.15975726
-0.16000135
-0.1602453
-0.16048912
-0.16073282
-0.16097638
-0.16121982
-0.16146312
-0.16170629
-0.16194933
-0.16219225
-0.16243503
-0.16267768
-0.16292021
-0.1631626
-0.16340486
-0.16364699
-0.163889
-0.16413087
-0.16437262
-0.16461423
-0.16485571
-0.16509707
-0.16533829
-0.16557939
-0.16582036
-0.16606119
-0.1663019
-0.16654248
-0.16678293
-0.16702324
-0.16726343
-0.16750349
-0.16774343
-0.16798323
-0.1682229
-0.16846244
-0.16870186
-0.16894114
-0.1691803
-0.16941932
-0.16965822
-0.16989699
-0.17013563
-0.17037414
-0.17061252
-0.17085078
-0.1710889
-0.1713269
-0.17156476
-0.1718025
-0.17204011
-0.17227759
-0.17251494
-0.17275217
-0.17298926
-0.17322623
-0.17346307
-0.17369977
-0.17393636
-0.17417281
-0.17440913
-0.17464533
-0.1748814
-0.17511733
-0.17535315
-0.17558883
-0.17582438
-0.17605981
-0.17629511
-0.17653028
-0.17676532
-0.17700024
-0.17723502
-0.17746968
-0.17770421
-0.17793861
-0.17817289
-0.17840704
-0.17864106
-0.17887495
-0.17910871
-0.17934235
-0.17957586
-0.17980924
-0.18004249
-0.18027562
-0.18050861
-0.18074149
-0.18097423
-0.18120685
-0.18143933
-0.1816717
-0.18190393
-0.18213604
-0.18236802
-0.18259987
-0.18283159
-0.18306319
-0.18329466
-0.18352601
-0.18375722
-0.18398831
-0.18421928
-0.18445011
-0.18468082
-0.1849114
-0.18514186
-0.18537219
-0.18560239
-0.18583246
-0.18606241
-0.18629223
-0.18652193
-0.1867515
-0.18698094
-0.18721025
-0.18743944
-0.1876685
-0.18789744
-0.18812625
-0.18835493
-0.18858349
-0.18881192
-0.18904022
-0.1892684
-0.18949645
-0.18972438
-0.18995218
-0.19017985
-0.1904074
-0.19063482
-0.19086211
-0.19108928
-0.19131632
-0.19154324
-0.19177003
-0.1919967
-0.19222324
-0.19244965
-0.19267594
-0.1929021
-0.19312814
-0.19335405
-0.19357984
-0.1938055
-0.19403103
-0.19425644
-0.19448172
-0.19470688
-0.19493191
-0.19515682
-0.1953816
-0.19560626
-0.19583079
-0.19605519
-0.19627947
-0.19650363
-0.19672766
-0.19695156
-0.19717534
-0.197399
-0.19762253
-0.19784593
-0.19806921
-0.19829237
-0.1985154
-0.1987383
-0.19896109
-0.19918374
-0.19940627
-0.19962868
-0.19985096
-0.20007312
-0.20029515
-0.20051706
-0.20073884
-0.2009605
-0.20118203
-0.20140344
-0.20162473
-0.20184589
-0.20206692
-0.20228784
-0.20250862
-0.20272929
-0.20294983
-0.20317024
-0.20339053
-0.2036107
-0.20383074
-0.20405066
-0.20427046
-0.20449013
-0.20470967
-0.2049291
-0.20514839
-0.20536757
-0.20558662
-0.20580555
-0.20602435
-0.20624303
-0.20646159
-0.20668002
-0.20689833
-0.20711651
-0.20733458
-0.20755251
-0.20777033
-0.20798802
-0.20820559
-0.20842303
-0.20864035
-0.20885755
-0.20907462
-0.20929157
-0.2095084
-0.20972511
-0.20994169
-0.21015815
-0.21037448
-0.21059069
-0.21080678
-0.21102275
-0.21123859
-0.21145431
-0.21166991
-0.21188538
-0.21210074
-0.21231596
-0.21253107
-0.21274605
-0.21296091
-0.21317565
-0.21339027
-0.21360476
-0.21381913
-0.21403338
-0.2142475
-0.2144615
-0.21467538
-0.21488914
-0.21510278
-0.21531629
-0.21552968
-0.21574295
-0.21595609
-0.21616912
-0.21638202
-0.2165948
-0.21680746
-0.21701999
-0.21723241
-0.2174447
-0.21765687
-0.21786891
-0.21808084
-0.21829264
-0.21850432
-0.21871588
-0.21892732
-0.21913864
-0.21934983
-0.21956091
-0.21977186
-0.21998269
-0.2201934
-0.22040398
-0.22061445
-0.22082479
-0.22103501
-0.22124511
-0.22145509
-0.22166495
-0.22187469
-0.2220843
-0.2222938
-0.22250317
-0.22271242
-0.22292155
-0.22313056
-0.22333945
-0.22354822
-0.22375686
-0.22396539
-0.22417379
-0.22438208
-0.22459024
-0.22479828
-0.2250062
-0.225214
-0.22542168
-0.22562924
-0.22583668
-0.22604399
-0.22625119
-0.22645827
-0.22666522
-0.22687206
-0.22707877
-0.22728536
-0.22749184
-0.22769819
-0.22790442
-0.22811054
-0.22831653
-0.2285224
-0.22872815
-0.22893378
-0.22913929
-0.22934468
-0.22954996
-0.22975511
-0.22996014
-0.23016505
-0.23036984
-0.23057451
-0.23077906
-0.23098349
-0.2311878
-0.231392
-0.23159607
-0.23180002
-0.23200385
-0.23220757
-0.23241116
-0.23261463
-0.23281799
-0.23302122
-0.23322434
-0.23342733
-0.23363021
-0.23383296
-0.2340356
-0.23423812
-0.23444052
-0.2346428
-0.23484496
-0.235047
-0.23524892
-0.23545072
-0.23565241
-0.23585397
-0.23605542
-0.23625674
-0.23645795
-0.23665904
-0.23686001
-0.23706086
-0.23726159
-0.2374622
-0.2376627
-0.23786307
-0.23806333
-0.23826347
-0.23846349
-0.23866339
-0.23886317
-0.23906284
-0.23926238
-0.23946181
-0.23966112
-0.23986031
-0.24005938
-0.24025833
-0.24045717
-0.24065588
-0.24085448
-0.24105296
-0.24125132
-0.24144957
-0.24164769
-0.2418457
-0.24204359
-0.24224136
-0.24243902
-0.24263655
-0.24283397
-0.24303127
-0.24322845
-0.24342552
-0.24362246
-0.24381929
-0.244016
-0.24421259
-0.24440907
-0.24460543
-0.24480167
-0.24499779
-0.2451938
-0.24538969
-0.24558546
-0.24578111
-0.24597664
-0.24617206
-0.24636736
-0.24656255
-0.24675761
-0.24695256
-0.2471474
-0.24734211
-0.24753671
-0.24773119
-0.24792555
-0.2481198
-0.24831393
-0.24850794
-0.24870184
-0.24889562
-0.24908928
-0.24928282
-0.24947625
-0.24966956
-0.24986276
-0.25005584
-0.2502488
-0.25044164
-0.25063437
-0.25082698
-0.25101948
-0.25121186
-0.25140412
-0.25159627
-0.2517883
-0.25198021
-0.25217201
-0.25236369
-0.25255525
-0.2527467
-0.25293803
-0.25312925
-0.25332035
-0.25351133
-0.2537022
-0.25389295
-0.25408358
-0.2542741
-0.25446451
-0.25465479
-0.25484497
-0.25503502
-0.25522496
-0.25541479
-0.25560449
-0.25579409
-0.25598356
-0.25617293
-0.25636217
-0.2565513
-0.25674032
-0.25692922
-0.257118
-0.25730667
-0.25749522
-0.25768366
-0.25787198
-0.25806019
-0.25824828
-0.25843626
-0.25862412
-0.25881187
-0.2589995
-0.25918701
-0.25937441
-0.2595617
-0.25974887
-0.25993593
-0.26012287
-0.26030969
-0.2604964
-0.260683
-0.26086948
-0.26105585
-0.2612421
-0.26142824
-0.26161426
-0.26180017
-0.26198596
-0.26217164
-0.26235721
-0.26254266
-0.26272799
-0.26291321
-0.26309832
-0.26328331
-0.26346819
-0.26365295
-0.2638376
-0.26402214
-0.26420656
-0.26439086
-0.26457506
-0.26475913
-0.2649431
-0.26512695
-0.26531068
-0.26549431
-0.26567782
-0.26586121
-0.26604449
-0.26622766
-0.26641071
-0.26659365
-0.26677647
-0.26695919
-0.26714178
-0.26732427
-0.26750664
-0.26768889
-0.26787104
-0.26805307
-0.26823498
-0.26841679
-0.26859848
-0.26878005
-0.26896152
-0.26914287
-0.2693241
-0.26950523
-0.26968623
-0.26986713
-0.27004791
-0.27022859
-0.27040914
-0.27058959
-0.27076992
-0.27095014
-0.27113024
-0.27131023
-0.27149011
-0.27166988
-0.27184953
-0.27202907
-0.2722085
-0.27238782
-0.27256702
-0.27274611
-0.27292509
-0.27310395
-0.27328271
-0.27346135
-0.27363987
-0.27381829
-0.27399659
-0.27417478
-0.27435286
-0.27453082
-0.27470868
-0.27488642
-0.27506405
-0.27524156
-0.27541897
-0.27559626
-0.27577344
-0.27595051
-0.27612746
-0.27630431
-0.27648104
-0.27665766
-0.27683417
-0.27701056
-0.27718685
-0.27736302
-0.27753908
-0.27771503
-0.27789087
-0.27806659
-0.27824221
-0.27841771
-0.2785931
-0.27876838
-0.27894355
-0.27911861
-0.27929355
-0.27946839
-0.27964311
-0.27981772
-0.27999222
-0.28016661
-0.28034088
-0.28051505
-0.2806891
-0.28086305
-0.28103688
-0.2812106
-0.28138421
-0.28155771
-0.2817311
-0.28190438
-0.28207755
-0.2822506
-0.28242355
-0.28259638
-0.2827691
-0.28294172
-0.28311422
-0.28328661
-0.28345889
-0.28363106
-0.28380312
-0.28397507
-0.28414691
-0.28431864
-0.28449025
-0.28466176
-0.28483316
-0.28500444
-0.28517562
-0.28534668
-0.28551764
-0.28568849
-0.28585922
-0.28602985
-0.28620036
-0.28637077
-0.28654106
-0.28671125
-0.28688132
-0.28705128
-0.28722114
-0.28739088
-0.28756052
-0.28773005
-0.28789946
-0.28806877
-0.28823796
-0.28840705
-0.28857603
-0.28874489
-0.28891365
-0.2890823
-0.28925084
-0.28941927
-0.28958759
-0.2897558
-0.2899239
-0.29009189
-0.29025977
-0.29042754
-0.29059521
-0.29076276
-0.29093021
-0.29109754
-0.29126477
-0.29143189
-0.2915989
-0.2917658
-0.29193259
-0.29209927
-0.29226584
-0.29243231
-0.29259866
-0.29276491
-0.29293105
-0.29309708
-0.293263
-0.29342881
-0.29359451
-0.2937601
-0.29392559
-0.29409097
-0.29425624
-0.2944214
-0.29458645
-0.29475139
-0.29491623
-0.29508095
-0.29524557
-0.29541008
-0.29557448
-0.29573877
-0.29590296
-0.29606704
-0.29623101
-0.29639487
-0.29655862
-0.29672226
-0.2968858
-0.29704923
-0.29721255
-0.29737576
-0.29753887
-0.29770186
-0.29786475
-0.29802754
-0.29819021
-0.29835278
-0.29851523
-0.29867758
-0.29883983
-0.29900196
-0.29916399
-0.29932591
-0.29948773
-0.29964943
-0.29981103
-0.29997252
-0.30013391
-0.30029518
-0.30045635
-0.30061741
-0.30077837
-0.30093922
-0.30109996
-0.30126059
-0.30142112
-0.30158153
-0.30174185
-0.30190205
-0.30206215
-0.30222214
-0.30238203
-0.3025418
-0.30270147
-0.30286104
-0.3030205
-0.30317985
-0.30333909
-0.30349823
-0.30365726
-0.30381618
-0.303975
-0.30413371
-0.30429232
-0.30445081
-0.30460921
-0.30476749
-0.30492567
-0.30508374
-0.30524171
-0.30539957
-0.30555733
-0.30571497
-0.30587251
-0.30602995
-0.30618728
-0.3063445
-0.30650162
-0.30665863
-0.30681554
-0.30697234
-0.30712903
-0.30728562
-0.3074421
-0.30759848
-0.30775475
-0.30791091
-0.30806697
-0.30822293
-0.30837877
-0.30853452
-0.30869015
-0.30884569
-0.30900111
-0.30915643
-0.30931165
-0.30946676
-0.30962176
-0.30977666
-0.30993145
-0.31008614
-0.31024073
-0.3103952
-0.31054958
-0.31070384
-0.31085801
-0.31101206
-0.31116602
-0.31131986
-0.31147361
-0.31162724
-0.31178078
-0.31193421
-0.31208753
-0.31224075
-0.31239386
-0.31254687
-0.31269977
-0.31285257
-0.31300527
-0.31315786
-0.31331035
-0.31346273
-0.313615
-0.31376718
-0.31391924
-0.31407121
-0.31422307
-0.31437482
-0.31452647
-0.31467802
-0.31482946
-0.3149808
-0.31513203
-0.31528316
-0.31543419
-0.31558511
-0.31573593
-0.31588664
-0.31603725
-0.31618775
-0.31633816
-0.31648845
-0.31663865
-0.31678874
-0.31693873
-0.31708861
-0.31723839
-0.31738806
-0.31753763
-0.3176871
-0.31783647
-0.31798573
-0.31813489
-0.31828394
-0.31843289
-0.31858174
-0.31873048
-0.31887912
-0.31902766
-0.31917609
-0.31932442
-0.31947265
-0.31962078
-0.3197688
-0.31991671
-0.32006453
-0.32021224
-0.32035985
-0.32050736
-0.32065476
-0.32080206
-0.32094926
-0.32109635
-0.32124334
-0.32139023
-0.32153702
-0.3216837
-0.32183028
-0.32197676
-0.32212314
-0.32226941
-0.32241558
-0.32256165
-0.32270762
-0.32285348
-0.32299924
-0.3231449
-0.32329045
-0.32343591
-0.32358126
-0.32372651
-0.32387165
-0.3240167
-0.32416164
-0.32430648
-0.32445122
-0.32459586
-0.32474039
-0.32488482
-0.32502915
-0.32517338
-0.32531751
-0.32546153
-0.32560546
-0.32574928
-0.325893
-0.32603662
-0.32618013
-0.32632355
-0.32646686
-0.32661007
-0.32675318
-0.32689619
-0.3270391
-0.3271819
-0.32732461
-0.32746721
-0.32760971
-0.32775211
-0.32789441
-0.3280366
-0.3281787
-0.3283207
-0.32846259
-0.32860438
-0.32874607
-0.32888766
-0.32902915
-0.32917054
-0.32931183
-0.32945302
-0.3295941
-0.32973509
-0.32987597
-0.33001675
-0.33015744
-0.33029802
-0.3304385
-0.33057888
-0.33071916
-0.33085934
-0.33099942
-0.3311394
-0.33127928
-0.33141905
-0.33155873
-0.33169831
-0.33183778
-0.33197716
-0.33211643
-0.33225561
-0.33239468
-0.33253366
-0.33267253
-0.33281131
-0.33294998
-0.33308856
-0.33322703
-0.33336541
-0.33350368
-0.33364185
-0.33377993
-0.3339179
-0.33405578
-0.33419355
-0.33433123
-0.3344688
-0.33460628
-0.33474366
-0.33488093
-0.33501811
-0.33515519
-0.33529217
-0.33542904
-0.33556582
-0.3357025
-0.33583908
-0.33597556
-0.33611195
-0.33624823
-0.33638441
-0.33652049
-0.33665648
-0.33679236
-0.33692815
-0.33706384
-0.33719943
-0.33733492
-0.33747031
-0.3376056
-0.33774079
-0.33787588
-0.33801088
-0.33814577
-0.33828057
-0.33841527
-0.33854987
-0.33868437
-0.33881877
-0.33895307
-0.33908728
-0.33922138
-0.33935539
-0.3394893
-0.33962311
-0.33975682
-0.33989043
-0.34002395
-0.34015737
-0.34029069
-0.34042391
-0.34055703
-0.34069005
-0.34082298
-0.34095581
-0.34108853
-0.34122117
-0.3413537
-0.34148614
-0.34161847
-0.34175071
-0.34188285
-0.3420149
-0.34214684
-0.34227869
-0.34241044
-0.34254209
-0.34267365
-0.34280511
-0.34293647
-0.34306773
-0.34319889
-0.34332996
-0.34346093
-0.3435918
-0.34372257
-0.34385325
-0.34398383
-0.34411431
-0.3442447
-0.34437498
-0.34450518
-0.34463527
-0.34476526
-0.34489516
-0.34502496
-0.34515467
-0.34528428
-0.34541379
-0.3455432
-0.34567252
-0.34580174
-0.34593086
-0.34605989
-0.34618882
-0.34631765
-0.34644638
-0.34657502
-0.34670356
-0.34683201
-0.34696036
-0.34708861
-0.34721677
-0.34734483
-0.34747279
-0.34760066
-0.34772843
-0.3478561
-0.34798368
-0.34811116
-0.34823854
-0.34836583
-0.34849302
-0.34862012
-0.34874712
-0.34887402
-0.34900083
-0.34912754
-0.34925416
-0.34938068
-0.3495071
-0.34963343
-0.34975966
-0.34988579
-0.35001183
-0.35013778
-0.35026363
-0.35038938
-0.35051504
-0.3506406
-0.35076606
-0.35089143
-0.35101671
-0.35114189
-0.35126697
-0.35139196
-0.35151685
-0.35164165
-0.35176635
-0.35189096
-0.35201547
-0.35213988
-0.35226421
-0.35238843
-0.35251256
-0.3526366
-0.35276054
-0.35288438
-0.35300813
-0.35313179
-0.35325535
-0.35337881
-0.35350218
-0.35362546
-0.35374864
-0.35387172
-0.35399472
-0.35411761
-0.35424041
-0.35436312
-0.35448573
-0.35460825
-0.35473067
-0.354853
-0.35497524
-0.35509738
-0.35521942
-0.35534137
-0.35546323
-0.35558499
-0.35570666
-0.35582823
-0.35594971
-0.3560711
-0.35619239
-0.35631358
-0.35643469
-0.35655569
-0.35667661
-0.35679743
-0.35691816
-0.35703879
-0.35715933
-0.35727977
-0.35740012
-0.35752038
-0.35764054
-0.35776061
-0.35788059
-0.35800047
-0.35812026
-0.35823996
-0.35835956
-0.35847906
-0.35859848
-0.3587178
-0.35883703
-0.35895616
-0.3590752
-0.35919415
-0.359313
-0.35943176
-0.35955043
-0.35966901
-0.35978749
-0.35990588
-0.36002417
-0.36014237
-0.36026048
-0.3603785
-0.36049642
-0.36061425
-0.36073199
-0.36084963
-0.36096718
-0.36108464
-0.361202
-0.36131928
-0.36143646
-0.36155354
-0.36167054
-0.36178744
-0.36190425
-0.36202097
-0.36213759
-0.36225412
-0.36237056
-0.36248691
-0.36260317
-0.36271933
-0.3628354
-0.36295138
-0.36306726
-0.36318305
-0.36329876
-0.36341436
-0.36352988
-0.36364531
-0.36376064
-0.36387588
-0.36399103
-0.36410608
-0.36422105
-0.36433592
-0.3644507
-0.36456539
-0.36467999
-0.3647945
-0.36490891
-0.36502323
-0.36513746
-0.3652516
-0.36536565
-0.3654796
-0.36559347
-0.36570724
-0.36582092
-0.36593451
-0.36604801
-0.36616142
-0.36627473
-0.36638796
-0.36650109
-0.36661413
-0.36672708
-0.36683994
-0.36695271
-0.36706539
-0.36717798
-0.36729047
-0.36740288
-0.36751519
-0.36762741
-0.36773954
-0.36785158
-0.36796353
-0.36807539
-0.36818716
-0.36829884
-0.36841042
-0.36852192
-0.36863333
-0.36874464
-0.36885587
-0.368967
-0.36907804
-0.369189
-0.36929986
-0.36941063
-0.36952131
-0.3696319
-0.3697424
-0.36985281
-0.36996314
-0.37007337
-0.37018351
-0.37029356
-0.37040352
-0.37051339
-0.37062316
-0.37073285
-0.37084245
-0.37095196
-0.37106138
-0.37117071
-0.37127995
-0.3713891
-0.37149817
-0.37160714
-0.37171602
-0.37182481
-0.37193351
-0.37204212
-0.37215065
-0.37225908
-0.37236742
-0.37247568
-0.37258384
-0.37269192
-0.3727999
-0.3729078
-0.37301561
-0.37312332
-0.37323095
-0.37333849
-0.37344594
-0.3735533
-0.37366058
-0.37376776
-0.37387485
-0.37398186
-0.37408877
-0.3741956
-0.37430234
-0.37440899
-0.37451555
-0.37462202
-0.3747284
-0.3748347
-0.3749409
-0.37504702
-0.37515305
-0.37525899
-0.37536484
-0.3754706
-0.37557627
-0.37568186
-0.37578736
-0.37589276
-0.37599808
-0.37610332
-0.37620846
-0.37631351
-0.37641848
-0.37652336
-0.37662815
-0.37673285
-0.37683747
-0.37694199
-0.37704643
-0.37715078
-0.37725504
-0.37735922
-0.3774633
-0.3775673
-0.37767121
-0.37777503
-0.37787877
-0.37798241
-0.37808597
-0.37818944
-0.37829283
-0.37839613
-0.37849933
-0.37860245
-0.37870549
-0.37880843
-0.37891129
-0.37901406
-0.37911675
-0.37921934
-0.37932185
-0.37942428
-0.37952661
-0.37962886
-0.37973102
-0.37983309
-0.37993508
-0.38003697
-0.38013879
-0.38024051
-0.38034215
-0.3804437
-0.38054516
-0.38064654
-0.38074783
-0.38084903
-0.38095015
-0.38105118
-0.38115212
-0.38125298
-0.38135375
-0.38145443
-0.38155503
-0.38165554
-0.38175596
-0.3818563
-0.38195655
-0.38205671
-0.38215679
-0.38225678
-0.38235668
-0.3824565
-0.38255623
-0.38265588
-0.38275544
-0.38285491
-0.3829543
-0.3830536
-0.38315282
-0.38325195
-0.38335099
-0.38344995
-0.38354882
-0.3836476
-0.3837463
-0.38384491
-0.38394344
-0.38404188
-0.38414024
-0.38423851
-0.3843367
-0.3844348
-0.38453281
-0.38463074
-0.38472858
-0.38482634
-0.38492401
-0.38502159
-0.38511909
-0.38521651
-0.38531384
-0.38541108
-0.38550824
-0.38560532
-0.38570231
-0.38579921
-0.38589603
-0.38599276
-0.38608941
-0.38618597
-0.38628245
-0.38637885
-0.38647515
-0.38657138
-0.38666752
-0.38676357
-0.38685954
-0.38695542
-0.38705122
-0.38714694
-0.38724257
-0.38733811
-0.38743357
-0.38752895
-0.38762424
-0.38771945
-0.38781457
-0.38790961
-0.38800456
-0.38809943
-0.38819422
-0.38828892
-0.38838354
-0.38847807
-0.38857252
-0.38866688
-0.38876116
-0.38885535
-0.38894947
-0.38904349
-0.38913744
-0.3892313
-0.38932507
-0.38941876
-0.38951237
-0.38960589
-0.38969933
-0.38979269
-0.38988596
-0.38997915
-0.39007226
-0.39016528
-0.39025821
-0.39035107
-0.39044384
-0.39053653
-0.39062913
-0.39072165
-0.39081409
-0.39090644
-0.39099871
-0.3910909
-0.391183
-0.39127502
-0.39136696
-0.39145881
-0.39155058
-0.39164227
-0.39173387
-0.39182539
-0.39191683
-0.39200819
-0.39209946
-0.39219065
-0.39228175
-0.39237278
-0.39246372
-0.39255457
-0.39264535
-0.39273604
-0.39282665
-0.39291718
-0.39300762
-0.39309798
-0.39318826
-0.39327846
-0.39336857
-0.39345861
-0.39354856
-0.39363842
-0.39372821
-0.39381791
-0.39390753
-0.39399707
-0.39408652
-0.39417589
-0.39426519
-0.39435439
-0.39444352
-0.39453257
-0.39462153
-0.39471041
-0.39479921
-0.39488792
-0.39497656
-0.39506511
-0.39515358
-0.39524197
-0.39533028
-0.39541851
-0.39550665
-0.39559471
-0.39568269
-0.39577059
-0.39585841
-0.39594614
-0.3960338
-0.39612137
-0.39620886
-0.39629627
-0.3963836
-0.39647085
-0.39655802
-0.3966451
-0.39673211
-0.39681903
-0.39690587
-0.39699263
-0.39707931
-0.39716591
-0.39725242
-0.39733886
-0.39742521
-0.39751149
-0.39759768
-0.39768379
-0.39776982
-0.39785577
-0.39794164
-0.39802743
-0.39811314
-0.39819877
-0.39828432
-0.39836978
-0.39845517
-0.39854047
-0.3986257
-0.39871084
-0.3987959
-0.39888089
-0.39896579
-0.39905061
-0.39913536
-0.39922002
-0.3993046
-0.3993891
-0.39947352
-0.39955786
-0.39964212
-0.39972631
-0.39981041
-0.39989443
-0.39997837
-0.40006223
-0.40014601
-0.40022971
-0.40031333
-0.40039687
-0.40048034
-0.40056372
-0.40064702
-0.40073024
-0.40081338
-0.40089645
-0.40097943
-0.40106234
-0.40114516
-0.40122791
-0.40131057
-0.40139316
-0.40147566
-0.40155809
-0.40164044
-0.40172271
-0.4018049
-0.40188701
-0.40196904
-0.40205099
-0.40213286
-0.40221466
-0.40229637
-0.40237801
-0.40245956
-0.40254104
-0.40262244
-0.40270376
-0.402785
-0.40286616
-0.40294725
-0.40302825
-0.40310918
-0.40319002
-0.40327079
-0.40335148
-0.40343209
-0.40351263
-0.40359308
-0.40367346
-0.40375375
-0.40383397
-0.40391411
-0.40399418
-0.40407416
-0.40415406
-0.40423389
-0.40431364
-0.40439331
-0.4044729
-0.40455242
-0.40463185
-0.40471121
-0.40479049
-0.40486969
-0.40494882
-0.40502787
-0.40510683
-0.40518572
-0.40526454
-0.40534327
-0.40542193
-0.40550051
-0.40557901
-0.40565743
-0.40573578
-0.40581405
-0.40589224
-0.40597035
-0.40604839
-0.40612635
-0.40620423
-0.40628203
-0.40635976
-0.40643741
-0.40651498
-0.40659248
-0.40666989
-0.40674723
-0.4068245
-0.40690168
-0.40697879
-0.40705582
-0.40713278
-0.40720965
-0.40728645
-0.40736318
-0.40743982
-0.40751639
-0.40759289
-0.4076693
-0.40774564
-0.4078219
-0.40789809
-0.4079742
-0.40805023
-0.40812619
-0.40820207
-0.40827787
-0.4083536
-0.40842925
-0.40850482
-0.40858032
-0.40865574
-0.40873108
-0.40880635
-0.40888154
-0.40895666
-0.40903169
-0.40910666
-0.40918154
-0.40925636
-0.40933109
-0.40940575
-0.40948033
-0.40955484
-0.40962927
-0.40970362
-0.4097779
-0.4098521
-0.40992623
-0.41000028
-0.41007426
-0.41014816
-0.41022198
-0.41029573
-0.4103694
-0.410443
-0.41051652
-0.41058997
-0.41066334
-0.41073663
-0.41080985
-0.410883
-0.41095607
-0.41102906
-0.41110198
-0.41117482
-0.41124759
-0.41132028
-0.4113929
-0.41146544
-0.41153791
-0.4116103
-0.41168262
-0.41175486
-0.41182703
-0.41189912
-0.41197114
-0.41204308
-0.41211495
-0.41218674
-0.41225846
-0.41233011
-0.41240168
-0.41247317
-0.41254459
-0.41261593
-0.4126872
-0.4127584
-0.41282952
-0.41290057
-0.41297154
-0.41304244
-0.41311326
-0.41318401
-0.41325469
-0.41332529
-0.41339582
-0.41346627
-0.41353665
-0.41360695
-0.41367718
-0.41374734
-0.41381742
-0.41388743
-0.41395736
-0.41402722
-0.41409701
-0.41416672
-0.41423636
-0.41430592
-0.41437541
-0.41444483
-0.41451417
-0.41458344
-0.41465264
-0.41472176
-0.41479081
-0.41485978
-0.41492869
-0.41499751
-0.41506627
-0.41513495
-0.41520356
-0.41527209
-0.41534056
-0.41540894
-0.41547726
-0.4155455
-0.41561367
-0.41568176
-0.41574979
-0.41581774
-0.41588561
-0.41595342
-0.41602115
-0.4160888
-0.41615639
-0.4162239
-0.41629134
-0.4163587
-0.416426
-0.41649322
-0.41656036
-0.41662744
-0.41669444
-0.41676137
-0.41682823
-0.41689501
-0.41696172
-0.41702836
-0.41709493
-0.41716143
-0.41722785
-0.4172942
-0.41736048
-0.41742668
-0.41749281
-0.41755888
-0.41762486
-0.41769078
-0.41775663
-0.4178224
-0.4178881
-0.41795373
-0.41801928
-0.41808477
-0.41815018
-0.41821552
-0.41828079
-0.41834599
-0.41841111
-0.41847616
-0.41854115
-0.41860606
-0.41867089
-0.41873566
-0.41880036
-0.41886498
-0.41892953
-0.41899401
-0.41905842
-0.41912276
-0.41918702
-0.41925122
-0.41931534
-0.41937939
-0.41944338
-0.41950729
-0.41957112
-0.41963489
-0.41969859
-0.41976221
-0.41982577
-0.41988925
-0.41995266
-0.420016
-0.42007927
-0.42014247
-0.4202056
-0.42026866
-0.42033165
-0.42039456
-0.42045741
-0.42052018
-0.42058289
-0.42064552
-0.42070808
-0.42077057
-0.420833
-0.42089535
-0.42095763
-0.42101984
-0.42108198
-0.42114405
-0.42120605
-0.42126798
-0.42132984
-0.42139162
-0.42145334
-0.42151499
-0.42157657
-0.42163808
-0.42169951
-0.42176088
-0.42182218
-0.42188341
-0.42194456
-0.42200565
-0.42206667
-0.42212762
-0.4221885
-0.42224931
-0.42231004
-0.42237071
-0.42243131
-0.42249184
-0.4225523
-0.42261269
-0.42267302
-0.42273327
-0.42279345
-0.42285356
-0.42291361
-0.42297358
-0.42303348
-0.42309332
-0.42315309
-0.42321278
-0.42327241
-0.42333197
-0.42339146
-0.42345088
-0.42351023
-0.42356951
-0.42362872
-0.42368787
-0.42374694
-0.42380595
-0.42386489
-0.42392376
-0.42398256
-0.42404129
-0.42409995
-0.42415854
-0.42421707
-0.42427552
-0.42433391
-0.42439223
-0.42445048
-0.42450866
-0.42456678
-0.42462482
-0.4246828
-0.4247407
-0.42479854
-0.42485632
-0.42491402
-0.42497165
-0.42502922
-0.42508672
-0.42514415
-0.42520151
-0.42525881
-0.42531603
-0.42537319
-0.42543028
-0.4254873
-0.42554426
-0.42560114
-0.42565796
-0.42571471
-0.4257714
-0.42582801
-0.42588456
-0.42594104
-0.42599745
-0.4260538
-0.42611007
-0.42616628
-0.42622242
-0.4262785
-0.42633451
-0.42639045
-0.42644632
-0.42650212
-0.42655786
-0.42661353
-0.42666913
-0.42672467
-0.42678014
-0.42683554
-0.42689087
-0.42694614
-0.42700134
-0.42705647
-0.42711154
-0.42716654
-0.42722147
-0.42727634
-0.42733113
-0.42738587
-0.42744053
-0.42749513
-0.42754966
-0.42760412
-0.42765852
-0.42771285
-0.42776712
-0.42782132
-0.42787545
-0.42792951
-0.42798351
-0.42803744
-0.42809131
-0.42814511
-0.42819884
-0.42825251
-0.42830611
-0.42835964
-0.42841311
-0.42846651
-0.42851985
-0.42857312
-0.42862632
-0.42867946
-0.42873253
-0.42878554
-0.42883848
-0.42889135
-0.42894416
-0.4289969
-0.42904958
-0.42910219
-0.42915473
-0.42920721
-0.42925963
-0.42931198
-0.42936426
-0.42941647
-0.42946863
-0.42952071
-0.42957273
-0.42962469
-0.42967658
-0.4297284
-0.42978016
-0.42983185
-0.42988348
-0.42993504
-0.42998654
-0.43003797
-0.43008934
-0.43014064
-0.43019188
-0.43024305
-0.43029416
-0.4303452
-0.43039618
-0.43044709
-0.43049794
-0.43054872
-0.43059944
-0.43065009
-0.43070068
-0.4307512
-0.43080166
-0.43085205
-0.43090238
-0.43095265
-0.43100285
-0.43105299
-0.43110306
-0.43115306
-0.43120301
-0.43125288
-0.4313027
-0.43135245
-0.43140213
-0.43145175
-0.43150131
-0.4315508
-0.43160023
-0.4316496
-0.4316989
-0.43174813
-0.43179731
-0.43184641
-0.43189546
-0.43194444
-0.43199335
-0.43204221
-0.432091
-0.43213972
-0.43218838
-0.43223698
-0.43228551
-0.43233398
-0.43238239
-0.43243073
-0.43247901
-0.43252723
-0.43257538
-0.43262347
-0.4326715
-0.43271946
-0.43276736
-0.43281519
-0.43286296
-0.43291067
-0.43295832
-0.4330059
-0.43305342
-0.43310088
-0.43314827
-0.4331956
-0.43324287
-0.43329007
-0.43333721
-0.43338429
-0.43343131
-0.43347826
-0.43352515
-0.43357198
-0.43361874
-0.43366544
-0.43371208
-0.43375866
-0.43380517
-0.43385162
-0.43389801
-0.43394433
-0.4339906
-0.4340368
-0.43408294
-0.43412901
-0.43417503
-0.43422098
-0.43426687
-0.43431269
-0.43435846
-0.43440416
-0.4344498
-0.43449538
-0.43454089
-0.43458635
-0.43463174
-0.43467707
-0.43472234
-0.43476754
-0.43481269
-0.43485777
-0.43490279
-0.43494775
-0.43499264
-0.43503748
-0.43508225
-0.43512696
-0.43517161
-0.4352162
-0.43526073
-0.43530519
-0.4353496
-0.43539394
-0.43543822
-0.43548244
-0.4355266
-0.43557069
-0.43561473
-0.4356587
-0.43570262
-0.43574647
-0.43579026
-0.43583399
-0.43587766
-0.43592126
-0.43596481
-0.4360083
-0.43605172
-0.43609508
-0.43613839
-0.43618163
-0.43622481
-0.43626793
-0.43631099
-0.43635398
-0.43639692
-0.4364398
-0.43648262
-0.43652537
-0.43656807
-0.4366107
-0.43665327
-0.43669579
-0.43673824
-0.43678063
-0.43682297
-0.43686524
-0.43690745
-0.4369496
-0.43699169
-0.43703372
-0.43707569
-0.4371176
-0.43715946
-0.43720125
-0.43724298
-0.43728465
-0.43732626
-0.43736781
-0.4374093
-0.43745073
-0.4374921
-0.43753341
-0.43757466
-0.43761585
-0.43765698
-0.43769806
-0.43773907
-0.43778002
-0.43782091
-0.43786175
-0.43790252
-0.43794324
-0.43798389
-0.43802449
-0.43806502
-0.4381055
-0.43814592
-0.43818628
-0.43822658
-0.43826682
-0.438307
-0.43834712
-0.43838718
-0.43842718
-0.43846713
-0.43850701
-0.43854684
-0.43858661
-0.43862632
-0.43866596
-0.43870556
-0.43874509
-0.43878456
-0.43882397
-0.43886333
-0.43890263
-0.43894187
-0.43898104
-0.43902017
-0.43905923
-0.43909823
-0.43913718
-0.43917606
-0.43921489
-0.43925366
-0.43929237
-0.43933103
-0.43936962
-0.43940816
-0.43944664
-0.43948506
-0.43952342
-0.43956173
-0.43959997
-0.43963816
-0.43967629
-0.43971436
-0.43975238
-0.43979033
-0.43982823
-0.43986607
-0.43990385
-0.43994158
-0.43997924
-0.44001685
-0.4400544
-0.4400919
-0.44012933
-0.44016671
-0.44020403
-0.4402413
-0.4402785
-0.44031565
-0.44035274
-0.44038978
-0.44042675
-0.44046367
-0.44050053
-0.44053734
-0.44057408
-0.44061077
-0.44064741
-0.44068398
-0.4407205
-0.44075696
-0.44079337
-0.44082971
-0.44086601
-0.44090224
-0.44093842
-0.44097454
-0.4410106
-0.4410466
-0.44108255
-0.44111845
-0.44115428
-0.44119006
-0.44122578
-0.44126145
-0.44129706
-0.44133261
-0.44136811
-0.44140355
-0.44143893
-0.44147426
-0.44150953
-0.44154474
-0.4415799
-0.441615
-0.44165005
-0.44168504
-0.44171997
-0.44175485
-0.44178967
-0.44182443
-0.44185914
-0.44189379
-0.44192839
-0.44196293
-0.44199741
-0.44203184
-0.44206622
-0.44210053
-0.4421348
-0.442169
-0.44220315
-0.44223725
-0.44227128
-0.44230527
-0.44233919
-0.44237307
-0.44240688
-0.44244064
-0.44247435
-0.442508
-0.44254159
-0.44257513
-0.44260862
-0.44264205
-0.44267542
-0.44270874
-0.442742
-0.44277521
-0.44280836
-0.44284146
-0.4428745
-0.44290749
-0.44294042
-0.4429733
-0.44300612
-0.44303889
-0.4430716
-0.44310426
-0.44313686
-0.44316941
-0.44320191
-0.44323434
-0.44326673
-0.44329906
-0.44333133
-0.44336355
-0.44339572
-0.44342783
-0.44345989
-0.44349189
-0.44352384
-0.44355574
-0.44358758
-0.44361936
-0.44365109
-0.44368277
-0.44371439
-0.44374596
-0.44377747
-0.44380893
-0.44384034
-0.44387169
-0.44390299
-0.44393424
-0.44396543
-0.44399656
-0.44402765
-0.44405867
-0.44408965
-0.44412057
-0.44415144
-0.44418225
-0.44421301
-0.44424372
-0.44427437
-0.44430497
-0.44433552
-0.44436601
-0.44439645
-0.44442683
-0.44445716
-0.44448744
-0.44451767
-0.44454784
-0.44457796
-0.44460802
-0.44463804
-0.444668
-0.4446979
-0.44472775
-0.44475755
-0.4447873
-0.444817
-0.44484664
-0.44487622
-0.44490576
-0.44493524
-0.44496467
-0.44499405
-0.44502337
-0.44505264
-0.44508186
-0.44511102
-0.44514014
-0.4451692
-0.44519821
-0.44522716
-0.44525606
-0.44528491
-0.44531371
-0.44534246
-0.44537115
-0.44539979
-0.44542838
-0.44545691
-0.4454854
-0.44551383
-0.44554221
-0.44557054
-0.44559881
-0.44562703
-0.4456552
-0.44568332
-0.44571139
-0.44573941
-0.44576737
-0.44579528
-0.44582314
-0.44585095
-0.4458787
-0.44590641
-0.44593406
-0.44596166
-0.44598921
-0.44601671
-0.44604415
-0.44607155
-0.44609889
-0.44612618
-0.44615342
-0.44618061
-0.44620775
-0.44623483
-0.44626187
-0.44628885
-0.44631578
-0.44634266
-0.44636949
-0.44639627
-0.446423
-0.44644967
-0.4464763
-0.44650287
-0.44652939
-0.44655587
-0.44658229
-0.44660866
-0.44663498
-0.44666124
-0.44668746
-0.44671363
-0.44673975
-0.44676581
-0.44679183
-0.44681779
-0.4468437
-0.44686957
-0.44689538
-0.44692114
-0.44694685
-0.44697252
-0.44699813
-0.44702369
-0.4470492
-0.44707466
-0.44710007
-0.44712543
-0.44715073
-0.44717599
-0.4472012
-0.44722636
-0.44725147
-0.44727653
-0.44730154
-0.4473265
-0.4473514
-0.44737626
-0.44740107
-0.44742583
-0.44745054
-0.4474752
-0.44749981
-0.44752437
-0.44754888
-0.44757334
-0.44759775
-0.44762212
-0.44764643
-0.44767069
-0.4476949
-0.44771907
-0.44774318
-0.44776725
-0.44779126
-0.44781523
-0.44783915
-0.44786301
-0.44788683
-0.4479106
-0.44793432
-0.44795799
-0.44798162
-0.44800519
-0.44802871
-0.44805219
-0.44807562
-0.44809899
-0.44812232
-0.4481456
-0.44816883
-0.44819201
-0.44821515
-0.44823823
-0.44826127
-0.44828426
-0.44830719
-0.44833008
-0.44835293
-0.44837572
-0.44839846
-0.44842116
-0.44844381
-0.44846641
-0.44848896
-0.44851146
-0.44853392
-0.44855632
-0.44857868
-0.44860099
-0.44862325
-0.44864547
-0.44866763
-0.44868975
-0.44871182
-0.44873384
-0.44875581
-0.44877774
-0.44879962
-0.44882145
-0.44884323
-0.44886496
-0.44888665
-0.44890829
-0.44892988
-0.44895142
-0.44897292
-0.44899437
-0.44901577
-0.44903712
-0.44905843
-0.44907968
-0.4491009
-0.44912206
-0.44914318
-0.44916424
-0.44918527
-0.44920624
-0.44922717
-0.44924805
-0.44926888
-0.44928967
-0.4493104
-0.4493311
-0.44935174
-0.44937234
-0.44939289
-0.44941339
-0.44943385
-0.44945426
-0.44947462
-0.44949494
-0.44951521
-0.44953543
-0.44955561
-0.44957574
-0.44959582
-0.44961585
-0.44963584
-0.44965579
-0.44967568
-0.44969553
-0.44971534
-0.4497351
-0.44975481
-0.44977447
-0.44979409
-0.44981366
-0.44983319
-0.44985267
-0.4498721
-0.44989149
-0.44991083
-0.44993012
-0.44994937
-0.44996858
-0.44998773
-0.45000685
-0.45002591
-0.45004493
-0.4500639
-0.45008283
-0.45010172
-0.45012055
-0.45013934
-0.45015809
-0.45017679
-0.45019544
-0.45021405
-0.45023261
-0.45025113
-0.4502696
-0.45028803
-0.45030641
-0.45032474
-0.45034303
-0.45036128
-0.45037948
-0.45039763
-0.45041574
-0.45043381
-0.45045183
-0.4504698
-0.45048773
-0.45050561
-0.45052345
-0.45054125
-0.45055899
-0.4505767
-0.45059436
-0.45061197
-0.45062954
-0.45064707
-0.45066455
-0.45068198
-0.45069937
-0.45071672
-0.45073402
-0.45075128
-0.45076849
-0.45078566
-0.45080278
-0.45081986
-0.45083689
-0.45085388
-0.45087083
-0.45088773
-0.45090459
-0.4509214
-0.45093817
-0.45095489
-0.45097157
-0.45098821
-0.4510048
-0.45102135
-0.45103785
-0.45105431
-0.45107073
-0.4510871
-0.45110343
-0.45111971
-0.45113596
-0.45115215
-0.45116831
-0.45118441
-0.45120048
-0.4512165
-0.45123248
-0.45124842
-0.45126431
-0.45128016
-0.45129596
-0.45131172
-0.45132744
-0.45134311
-0.45135874
-0.45137433
-0.45138987
-0.45140538
-0.45142083
-0.45143625
-0.45145162
-0.45146695
-0.45148223
-0.45149748
-0.45151267
-0.45152783
-0.45154294
-0.45155801
-0.45157304
-0.45158803
-0.45160297
-0.45161787
-0.45163272
-0.45164754
-0.45166231
-0.45167703
-0.45169172
-0.45170636
-0.45172096
-0.45173552
-0.45175004
-0.45176451
-0.45177894
-0.45179333
-0.45180767
-0.45182198
-0.45183624
-0.45185046
-0.45186463
-0.45187877
-0.45189286
-0.45190691
-0.45192092
-0.45193488
-0.45194881
-0.45196269
-0.45197653
-0.45199033
-0.45200408
-0.4520178
-0.45203147
-0.4520451
-0.45205869
-0.45207224
-0.45208574
-0.45209921
-0.45211263
-0.45212601
-0.45213935
-0.45215265
-0.4521659
-0.45217912
-0.45219229
-0.45220542
-0.45221851
-0.45223156
-0.45224457
-0.45225754
-0.45227046
-0.45228334
-0.45229619
-0.45230899
-0.45232175
-0.45233447
-0.45234715
-0.45235979
-0.45237238
-0.45238494
-0.45239745
-0.45240993
-0.45242236
-0.45243475
-0.4524471
-0.45245941
-0.45247168
-0.45248391
-0.4524961
-0.45250825
-0.45252036
-0.45253242
-0.45254445
-0.45255644
-0.45256838
-0.45258029
-0.45259215
-0.45260398
-0.45261576
-0.4526275
-0.45263921
-0.45265087
-0.45266249
-0.45267408
-0.45268562
-0.45269712
-0.45270859
-0.45272001
-0.45273139
-0.45274273
-0.45275404
-0.4527653
-0.45277652
-0.45278771
-0.45279885
-0.45280995
-0.45282102
-0.45283204
-0.45284303
-0.45285397
-0.45286488
-0.45287575
-0.45288657
-0.45289736
-0.45290811
-0.45291881
-0.45292948
-0.45294011
-0.4529507
-0.45296125
-0.45297177
-0.45298224
-0.45299267
-0.45300307
-0.45301342
-0.45302374
-0.45303401
-0.45304425
-0.45305445
-0.45306461
-0.45307473
-0.45308481
-0.45309486
-0.45310486
-0.45311483
-0.45312475
-0.45313464
-0.45314449
-0.4531543
-0.45316408
-0.45317381
-0.4531835
-0.45319316
-0.45320278
-0.45321236
-0.4532219
-0.4532314
-0.45324087
-0.45325029
-0.45325968
-0.45326903
-0.45327834
-0.45328762
-0.45329685
-0.45330605
-0.45331521
-0.45332433
-0.45333341
-0.45334245
-0.45335146
-0.45336043
-0.45336936
-0.45337825
-0.45338711
-0.45339593
-0.45340471
-0.45341345
-0.45342215
-0.45343082
-0.45343945
-0.45344804
-0.45345659
-0.45346511
-0.45347359
-0.45348203
-0.45349043
-0.4534988
-0.45350713
-0.45351542
-0.45352368
-0.45353189
-0.45354007
-0.45354822
-0.45355632
-0.45356439
-0.45357242
-0.45358042
-0.45358837
-0.45359629
-0.45360418
-0.45361202
-0.45361983
-0.45362761
-0.45363534
-0.45364304
-0.4536507
-0.45365833
-0.45366592
-0.45367347
-0.45368098
-0.45368846
-0.45369591
-0.45370331
-0.45371068
-0.45371801
-0.45372531
-0.45373257
-0.45373979
-0.45374698
-0.45375413
-0.45376125
-0.45376832
-0.45377537
-0.45378237
-0.45378934
-0.45379628
-0.45380317
-0.45381004
-0.45381686
-0.45382365
-0.45383041
-0.45383712
-0.45384381
-0.45385045
-0.45385706
-0.45386364
-0.45387017
-0.45387668
-0.45388315
-0.45388958
-0.45389597
-0.45390233
-0.45390866
-0.45391495
-0.4539212
-0.45392742
-0.4539336
-0.45393975
-0.45394586
-0.45395194
-0.45395798
-0.45396399
-0.45396996
-0.4539759
-0.4539818
-0.45398766
-0.4539935
-0.45399929
-0.45400505
-0.45401078
-0.45401647
-0.45402212
-0.45402775
-0.45403333
-0.45403888
-0.4540444
-0.45404988
-0.45405533
-0.45406074
-0.45406612
-0.45407146
-0.45407677
-0.45408204
-0.45408728
-0.45409249
-0.45409766
-0.4541028
-0.4541079
-0.45411296
-0.454118
-0.454123
-0.45412796
-0.45413289
-0.45413779
-0.45414265
-0.45414748
-0.45415227
-0.45415703
-0.45416176
-0.45416645
-0.45417111
-0.45417573
-0.45418032
-0.45418488
-0.4541894
-0.45419389
-0.45419834
-0.45420276
-0.45420715
-0.4542115
-0.45421582
-0.45422011
-0.45422436
-0.45422858
-0.45423277
-0.45423692
-0.45424104
-0.45424512
-0.45424918
-0.45425319
-0.45425718
-0.45426113
-0.45426505
-0.45426894
-0.45427279
-0.45427661
-0.45428039
-0.45428415
-0.45428787
-0.45429156
-0.45429521
-0.45429883
-0.45430242
-0.45430598
-0.4543095
-0.45431299
-0.45431645
-0.45431987
-0.45432326
-0.45432662
-0.45432995
-0.45433324
-0.4543365
-0.45433973
-0.45434293
-0.45434609
-0.45434922
-0.45435232
-0.45435539
-0.45435842
-0.45436142
-0.45436439
-0.45436733
-0.45437024
-0.45437311
-0.45437595
-0.45437876
-0.45438154
-0.45438428
-0.45438699
-0.45438967
-0.45439232
-0.45439494
-0.45439752
-0.45440008
-0.4544026
-0.45440509
-0.45440755
-0.45440997
-0.45441237
-0.45441473
-0.45441706
-0.45441936
-0.45442163
-0.45442386
-0.45442607
-0.45442824
-0.45443038
-0.4544325
-0.45443457
-0.45443662
-0.45443864
-0.45444063
-0.45444258
-0.4544445
-0.4544464
-0.45444826
-0.45445009
-0.45445188
-0.45445365
-0.45445539
-0.4544571
-0.45445877
-0.45446041
-0.45446203
-0.45446361
-0.45446516
-0.45446668
-0.45446817
-0.45446963
-0.45447106
-0.45447246
-0.45447383
-0.45447516
-0.45447647
-0.45447775
-0.45447899
-0.45448021
-0.45448139
-0.45448255
-0.45448367
-0.45448476
-0.45448583
-0.45448686
-0.45448786
-0.45448884
-0.45448978
-0.45449069
-0.45449158
-0.45449243
-0.45449325
-0.45449404
-0.45449481
-0.45449554
-0.45449624
-0.45449692
-0.45449756
-0.45449817
-0.45449876
-0.45449931
-0.45449984
-0.45450033
-0.4545008
-0.45450123
-0.45450164
-0.45450201
-0.45450236
-0.45450268
-0.45450297
-0.45450323
-0.45450346
-0.45450366
-0.45450383
-0.45450397
-0.45450408
-0.45450417
-0.45450422
-0.45450425
-0.45450424
-0.45450421
-0.45450415
-0.45450406
-0.45450394
-0.45450379
-0.45450361
-0.45450341
-0.45450317
-0.45450291
-0.45450262
-0.4545023
-0.45450195
-0.45450157
-0.45450116
-0.45450072
-0.45450026
-0.45449977
-0.45449925
-0.4544987
-0.45449812
-0.45449751
-0.45449688
-0.45449621
-0.45449552
-0.4544948
-0.45449406
-0.45449328
-0.45449248
-0.45449164
-0.45449078
-0.4544899
-0.45448898
-0.45448803
-0.45448706
-0.45448606
-0.45448503
-0.45448398
-0.4544829
-0.45448178
-0.45448064
-0.45447948
-0.45447828
-0.45447706
-0.45447581
-0.45447453
-0.45447323
-0.4544719
-0.45447054
-0.45446915
-0.45446774
-0.45446629
-0.45446482
-0.45446333
-0.4544618
-0.45446025
-0.45445867
-0.45445707
-0.45445543
-0.45445377
-0.45445209
-0.45445037
-0.45444863
-0.45444686
-0.45444507
-0.45444325
-0.4544414
-0.45443952
-0.45443762
-0.45443569
-0.45443374
-0.45443175
-0.45442974
-0.45442771
-0.45442564
-0.45442355
-0.45442144
-0.4544193
-0.45441713
-0.45441493
-0.45441271
-0.45441046
-0.45440819
-0.45440589
-0.45440356
-0.45440121
-0.45439883
-0.45439642
-0.45439399
-0.45439153
-0.45438905
-0.45438654
-0.454384
-0.45438144
-0.45437885
-0.45437624
-0.4543736
-0.45437093
-0.45436824
-0.45436552
-0.45436278
-0.45436001
-0.45435722
-0.4543544
-0.45435155
-0.45434868
-0.45434578
-0.45434286
-0.45433991
-0.45433694
-0.45433394
-0.45433091
-0.45432786
-0.45432479
-0.45432169
-0.45431856
-0.45431541
-0.45431224
-0.45430904
-0.45430581
-0.45430256
-0.45429928
-0.45429598
-0.45429265
-0.4542893
-0.45428593
-0.45428252
-0.4542791
-0.45427565
-0.45427217
-0.45426867
-0.45426515
-0.4542616
-0.45425802
-0.45425442
-0.4542508
-0.45424715
-0.45424348
-0.45423978
-0.45423606
-0.45423231
-0.45422854
-0.45422475
-0.45422093
-0.45421708
-0.45421321
-0.45420932
-0.45420541
-0.45420146
-0.4541975
-0.45419351
-0.4541895
-0.45418546
-0.4541814
-0.45417731
-0.45417321
-0.45416907
-0.45416492
-0.45416074
-0.45415653
-0.4541523
-0.45414805
-0.45414378
-0.45413948
-0.45413515
-0.45413081
-0.45412644
-0.45412204
-0.45411763
-0.45411319
-0.45410872
-0.45410423
-0.45409972
-0.45409519
-0.45409063
-0.45408605
-0.45408145
-0.45407682
-0.45407217
-0.4540675
-0.4540628
-0.45405808
-0.45405334
-0.45404857
-0.45404378
-0.45403897
-0.45403413
-0.45402928
-0.4540244
-0.45401949
-0.45401457
-0.45400962
-0.45400465
-0.45399965
-0.45399464
-0.4539896
-0.45398453
-0.45397945
-0.45397434
-0.45396921
-0.45396406
-0.45395889
-0.45395369
-0.45394847
-0.45394323
-0.45393797
-0.45393268
-0.45392737
-0.45392204
-0.45391669
-0.45391131
-0.45390592
-0.4539005
-0.45389506
-0.45388959
-0.45388411
-0.4538786
-0.45387307
-0.45386752
-0.45386195
-0.45385636
-0.45385074
-0.4538451
-0.45383944
-0.45383376
-0.45382806
-0.45382234
-0.45381659
-0.45381082
-0.45380503
-0.45379922
-0.45379339
-0.45378754
-0.45378167
-0.45377577
-0.45376985
-0.45376391
-0.45375795
-0.45375197
-0.45374597
-0.45373995
-0.45373391
-0.45372784
-0.45372175
-0.45371565
-0.45370952
-0.45370337
-0.4536972
-0.45369101
-0.4536848
-0.45367856
-0.45367231
-0.45366604
-0.45365974
-0.45365343
-0.45364709
-0.45364073
-0.45363436
-0.45362796
-0.45362154
-0.4536151
-0.45360864
-0.45360216
-0.45359566
-0.45358914
-0.4535826
-0.45357604
-0.45356946
-0.45356286
-0.45355624
-0.4535496
-0.45354294
-0.45353625
-0.45352955
-0.45352283
-0.45351609
-0.45350933
-0.45350255
-0.45349574
-0.45348892
-0.45348208
-0.45347522
-0.45346834
-0.45346144
-0.45345452
-0.45344758
-0.45344062
-0.45343364
-0.45342664
-0.45341963
-0.45341259
-0.45340553
-0.45339845
-0.45339136
-0.45338424
-0.45337711
-0.45336996
-0.45336278
-0.45335559
-0.45334838
-0.45334115
-0.4533339
-0.45332663
-0.45331934
-0.45331204
-0.45330471
-0.45329737
-0.45329
-0.45328262
-0.45327522
-0.4532678
-0.45326036
-0.4532529
-0.45324543
-0.45323793
-0.45323042
-0.45322288
-0.45321533
-0.45320776
-0.45320018
-0.45319257
-0.45318494
-0.4531773
-0.45316964
-0.45316196
-0.45315426
-0.45314654
-0.45313881
-0.45313106
-0.45312328
-0.45311549
-0.45310769
-0.45309986
-0.45309202
-0.45308415
-0.45307627
-0.45306838
-0.45306046
-0.45305253
-0.45304457
-0.4530366
-0.45302862
-0.45302061
-0.45301259
-0.45300455
-0.45299649
-0.45298841
-0.45298032
-0.45297221
-0.45296408
-0.45295593
-0.45294777
-0.45293959
-0.45293139
-0.45292317
-0.45291494
-0.45290669
-0.45289842
-0.45289014
-0.45288183
-0.45287351
-0.45286518
-0.45285682
-0.45284845
-0.45284006
-0.45283166
-0.45282323
-0.45281479
-0.45280634
-0.45279786
-0.45278937
-0.45278087
-0.45277234
-0.4527638
-0.45275525
-0.45274667
-0.45273808
-0.45272947
-0.45272085
-0.45271221
-0.45270355
-0.45269488
-0.45268619
-0.45267748
-0.45266876
-0.45266002
-0.45265126
-0.45264249
-0.4526337
-0.45262489
-0.45261607
-0.45260723
-0.45259838
-0.45258951
-0.45258062
-0.45257172
-0.4525628
-0.45255386
-0.45254491
-0.45253595
-0.45252696
-0.45251796
-0.45250895
-0.45249992
-0.45249087
-0.45248181
-0.45247273
-0.45246364
-0.45245453
-0.4524454
-0.45243626
-0.4524271
-0.45241793
-0.45240874
-0.45239954
-0.45239032
-0.45238108
-0.45237183
-0.45236256
-0.45235328
-0.45234398
-0.45233467
-0.45232534
-0.452316
-0.45230664
-0.45229726
-0.45228787
-0.45227847
-0.45226905
-0.45225961
-0.45225016
-0.45224069
-0.45223121
-0.45222171
-0.4522122
-0.45220267
-0.45219313
-0.45218357
-0.452174
-0.45216441
-0.45215481
-0.45214519
-0.45213556
-0.45212591
-0.45211624
-0.45210657
-0.45209687
-0.45208716
-0.45207744
-0.4520677
-0.45205795
-0.45204818
-0.45203839
-0.45202859
-0.45201878
-0.45200895
-0.45199911
-0.45198925
-0.45197937
-0.45196948
-0.45195958
-0.45194966
-0.45193973
-0.45192978
-0.45191981
-0.45190983
-0.45189984
-0.45188983
-0.4518798
-0.45186976
-0.45185971
-0.45184964
-0.45183955
-0.45182945
-0.45181934
-0.45180921
-0.45179906
-0.4517889
-0.45177872
-0.45176853
-0.45175832
-0.4517481
-0.45173786
-0.4517276
-0.45171733
-0.45170705
-0.45169675
-0.45168643
-0.4516761
-0.45166575
-0.45165538
-0.451645
-0.4516346
-0.45162419
-0.45161376
-0.45160331
-0.45159285
-0.45158237
-0.45157188
-0.45156137
-0.45155084
-0.45154029
-0.45152973
-0.45151915
-0.45150855
-0.45149794
-0.4514873
-0.45147665
-0.45146599
-0.4514553
-0.4514446
-0.45143387
-0.45142313
-0.45141237
-0.4514016
-0.4513908
-0.45137998
-0.45136915
-0.45135829
-0.45134741
-0.45133652
-0.4513256
-0.45131467
-0.45130371
-0.45129273
-0.45128173
-0.45127071
-0.45125967
-0.4512486
-0.45123751
-0.4512264
-0.45121527
-0.45120411
-0.45119293
-0.45118172
-0.45117049
-0.45115924
-0.45114796
-0.45113665
-0.45112532
-0.45111395
-0.45110257
-0.45109115
-0.45107971
-0.45106823
-0.45105673
-0.4510452
-0.45103363
-0.45102204
-0.45101041
-0.45099875
-0.45098706
-0.45097533
-0.45096357
-0.45095177
-0.45093994
-0.45092807
-0.45091616
-0.45090421
-0.45089223
-0.4508802
-0.45086813
-0.45085602
-0.45084386
-0.45083166
-0.45081942
-0.45080713
-0.45079478
-0.4507824
-0.45076995
-0.45075746
-0.45074492
-0.45073232
-0.45071966
-0.45070695
-0.45069418
-0.45068134
-0.45066845
-0.45065549
-0.45064247
-0.45062938
-0.45061622
-0.45060298
-0.45058968
-0.4505763
-0.45056284
-0.4505493
-0.45053568
-0.45052198
-0.45050819
-0.45049431
-0.45048034
-0.45046627
-0.45045211
-0.45043785
-0.45042348
-0.45040901
-0.45039443
-0.45037974
-0.45036493
-0.45035
-0.45033495
-0.45031978
-0.45030447
-0.45028903
-0.45027344
-0.45025772
-0.45024185
-0.45022583
-0.45020965
-0.45019331
-0.45017681
-0.45016013
-0.45014328
-0.45012624
-0.45010902
-0.4500916
-0.45007398
-0.45005616
-0.45003813
-0.45001987
-0.45000139
-0.44998268
-0.44996373
-0.44994453
-0.44992507
-0.44990535
-0.44988536
-0.44986508
-0.44984452
-0.44982365
-0.44980248
-0.44978099
-0.44975917
-0.44973701
-0.44971449
-0.44969162
-0.44966838
-0.44964475
-0.44962072
-0.44959628
-0.44957142
-0.44954612
-0.44952037
-0.44949415
-0.44946745
-0.44944026
-0.44941255
-0.44938431
-0.44935553
-0.44932618
-0.44929626
-0.44926573
-0.44923458
-0.44920278
-0.44917033
-0.44913719
-0.44910335
-0.44906878
-0.44903346
-0.44899736
-0.44896047
-0.44892274
-0.44888416
-0.44884469
-0.44880432
-0.448763
-0.44872072
-0.44867743
-0.4486331
-0.4485877
-0.44854121
-0.44849357
-0.44844475
-0.44839471
-0.44834343
-0.44829084
-0.44823692
-0.44818161
-0.44812488
-0.44806667
-0.44800694
-0.44794564
-0.44788272
-0.44781812
-0.44775179
-0.44768367
-0.44761371
-0.44754184
-0.44746801
-0.44739215
-0.44731418
-0.44723406
-0.44715169
-0.44706702
-0.44697996
-0.44689044
-0.44679838
-0.4467037
-0.4466063
-0.44650611
-0.44640303
-0.44629696
-0.44618782
-0.4460755
-0.44595989
-0.44584089
-0.4457184
-0.44559229
-0.44546246
-0.44532877
-0.44519111
-0.44504934
-0.44490334
-0.44475297
-0.44459808
-0.44443853
-0.44427418
-0.44410485
-0.44393041
-0.44375067
-0.44356547
-0.44337464
-0.44317798
-0.44297533
-0.44276648
-0.44255124
-0.44232939
-0.44210074
-0.44186506
-0.44162212
-0.44137171
-0.44111357
-0.44084747
-0.44057314
-0.44029034
-0.43999878
-0.4396982
-0.4393883
-0.4390688
-0.4387394
-0.43839977
-0.43804959
-0.43768855
-0.43731629
-0.43693247
-0.43653672
-0.43612868
-0.43570795
-0.43527416
-0.43482688
-0.43436571
-0.43389022
-0.43339997
-0.43289449
-0.43237333
-0.43183601
-0.43128204
-0.4307109
-0.43012208
-0.42951504
-0.42888923
-0.4282441
-0.42757906
-0.42689351
-0.42618685
-0.42545845
-0.42470767
-0.42393385
-0.42313631
-0.42231436
-0.4214673
-0.42059439
-0.41969489
-0.41876804
-0.41781305
-0.41682913
-0.41581546
-0.41477121
-0.41369551
-0.41258751
-0.41144629
-0.41027096
-0.40906058
-0.4078142
-0.40653087
-0.40520958
-0.40384933
-0.40244911
-0.40100786
-0.39952454
-0.39799805
-0.39642732
-0.39481121
-0.39314862
-0.39143838
-0.38967935
-0.38787034
-0.38601017
-0.38409763
-0.38213152
-0.3801106
-0.37803364
-0.37589939
-0.3737066
-0.37145401
-0.36914036
-0.36676436
-0.36432476
-0.36182027
-0.35924963
-0.35661156
-0.35390481
-0.35112812
-0.34828024
-0.34535993
-0.34236598
-0.33929718
-0.33615235
-0.33293033
-0.32962998
-0.32625019
-0.32278988
-0.31924802
-0.3156236
-0.31191566
-0.30812327
-0.30424558
-0.30028177
-0.29623107
-0.29209278
-0.28786628
-0.28355097
-0.27914638
-0.27465207
-0.27006769
-0.26539299
-0.2606278
-0.25577202
-0.25082566
-0.24578883
-0.24066173
-0.23544468
-0.2301381
-0.22474251
-0.21925855
-0.21368699
-0.2080287
-0.20228467
-0.19645602
-0.190544
-0.18454998
-0.17847543
-0.17232199
-0.1660914
-0.15978553
-0.15340638
-0.14695607
-0.14043685
-0.13385108
-0.12720125
-0.12048997
-0.11371995
-0.10689401
-0.10001511
-0.09308626
-0.08611061
-0.07909137
-0.07203187
-0.06493549
-0.0578057
-0.05064604
-0.0434601
-0.03625154
-0.02902405
-0.02178137
-0.01452727
-0.00726554
0
0.00726554
0.01452727
0.02178137
0.02902405
0.03625154
0.0434601
0.05064604
0.0578057
0.06493549
0.07203187
0.07909137
0.08611061
0.09308626
0.10001511
0.10689401
0.11371995
0.12048997
0.12720125
0.13385108
0.14043685
0.14695607
0.15340638
0.15978553
0.1660914
0.17232199
0.17847543
0.18454998
0.190544
0.19645602
0.20228467
0.2080287
0.21368699
0.21925855
0.22474251
0.2301381
0.23544468
0.24066173
0.24578883
0.25082566
0.25577202
0.2606278
0.26539299
0.27006769
0.27465207
0.27914638
0.28355097
0.28786628
0.29209278
0.29623107
0.30028177
0.30424558
0.30812327
0.31191566
0.3156236
0.31924802
0.32278988
0.32625019
0.32962998
0.33293033
0.33615235
0.33929718
0.34236598
0.34535993
0.34828024
0.35112812
0.35390481
0.35661156
0.35924963
0.36182027
0.36432476
0.36676436
0.36914036
0.37145401
0.3737066
0.37589939
0.37803364
0.3801106
0.38213152
0.38409763
0.38601017
0.38787034
0.38967935
0.39143838
0.39314862
0.39481121
0.39642732
0.39799805
0.39952454
0.40100786
0.40244911
0.40384933
0.40520958
0.40653087
0.4078142
0.40906058
0.41027096
0.41144629
0.41258751
0.41369551
0.41477121
0.41581546
0.41682913
0.41781305
0.41876804
0.41969489
0.42059439
0.4214673
0.42231436
0.42313631
0.42393385
0.42470767
0.42545845
0.42618685
0.42689351
0.42757906
0.4282441
0.42888923
0.42951504
0.43012208
0.4307109
0.43128204
0.43183601
0.43237333
0.43289449
0.43339997
0.43389022
0.43436571
0.43482688
0.43527416
0.43570795
0.43612868
0.43653672
0.43693247
0.43731629
0.43768855
0.43804959
0.43839977
0.4387394
0.4390688
0.4393883
0.4396982
0.43999878
0.44029034
0.44057314
0.44084747
0.44111357
0.44137171
0.44162212
0.44186506
0.44210074
0.44232939
0.44255124
0.44276648
0.44297533
0.44317798
0.44337464
0.44356547
0.44375067
0.44393041
0.44410485
0.44427418
0.44443853
0.44459808
0.44475297
0.44490334
0.44504934
0.44519111
0.44532877
0.44546246
0.44559229
0.4457184
0.44584089
0.44595989
0.4460755
0.44618782
0.44629696
0.44640303
0.44650611
0.4466063
0.4467037
0.44679838
0.44689044
0.44697996
0.44706702
0.44715169
0.44723406
0.44731418
0.44739215
0.44746801
0.44754184
0.44761371
0.44768367
0.44775179
0.44781812
0.44788272
0.44794564
0.44800694
0.44806667
0.44812488
0.44818161
0.44823692
0.44829084
0.44834343
0.44839471
0.44844475
0.44849357
0.44854121
0.4485877
0.4486331
0.44867743
0.44872072
0.448763
0.44880432
0.44884469
0.44888416
0.44892274
0.44896047
0.44899736
0.44903346
0.44906878
0.44910335
0.44913719
0.44917033
0.44920278
0.44923458
0.44926573
0.44929626
0.44932618
0.44935553
0.44938431
0.44941255
0.44944026
0.44946745
0.44949415
0.44952037
0.44954612
0.44957142
0.44959628
0.44962072
0.44964475
0.44966838
0.44969162
0.44971449
0.44973701
0.44975917
0.44978099
0.44980248
0.44982365
0.44984452
0.44986508
0.44988536
0.44990535
0.44992507
0.44994453
0.44996373
0.44998268
0.45000139
0.45001987
0.45003813
0.45005616
0.45007398
0.4500916
0.45010902
0.45012624
0.45014328
0.45016013
0.45017681
0.45019331
0.45020965
0.45022583
0.45024185
0.45025772
0.45027344
0.45028903
0.45030447
0.45031978
0.45033495
0.45035
0.45036493
0.45037974
0.45039443
0.45040901
0.45042348
0.45043785
0.45045211
0.45046627
0.45048034
0.45049431
0.45050819
0.45052198
0.45053568
0.4505493
0.45056284
0.4505763
0.45058968
0.45060298
0.45061622
0.45062938
0.45064247
0.45065549
0.45066845
0.45068134
0.45069418
0.45070695
0.45071966
0.45073232
0.45074492
0.45075746
0.45076995
0.4507824
0.45079478
0.45080713
0.45081942
0.45083166
0.45084386
0.45085602
0.45086813
0.4508802
0.45089223
0.45090421
0.45091616
0.45092807
0.45093994
0.45095177
0.45096357
0.45097533
0.45098706
0.45099875
0.45101041
0.45102204
0.45103363
0.4510452
0.45105673
0.45106823
0.45107971
0.45109115
0.45110257
0.45111395
0.45112532
0.45113665
0.45114796
0.45115924
0.45117049
0.45118172
0.45119293
0.45120411
0.45121527
0.4512264
0.45123751
0.4512486
0.45125967
0.45127071
0.45128173
0.45129273
0.45130371
0.45131467
0.4513256
0.45133652
0.45134741
0.45135829
0.45136915
0.45137998
0.4513908
0.4514016
0.45141237
0.45142313
0.45143387
0.4514446
0.4514553
0.45146599
0.45147665
0.4514873
0.45149794
0.45150855
0.45151915
0.45152973
0.45154029
0.45155084
0.45156137
0.45157188
0.45158237
0.45159285
0.45160331
0.45161376
0.45162419
0.4516346
0.451645
0.45165538
0.45166575
0.4516761
0.45168643
0.45169675
0.45170705
0.45171733
0.4517276
0.45173786
0.4517481
0.45175832
0.45176853
0.45177872
0.4517889
0.45179906
0.45180921
0.45181934
0.45182945
0.45183955
0.45184964
0.45185971
0.45186976
0.4518798
0.45188983
0.45189984
0.45190983
0.45191981
0.45192978
0.45193973
0.45194966
0.45195958
0.45196948
0.45197937
0.45198925
0.45199911
0.45200895
0.45201878
0.45202859
0.45203839
0.45204818
0.45205795
0.4520677
0.45207744
0.45208716
0.45209687
0.45210657
0.45211624
0.45212591
0.45213556
0.45214519
0.45215481
0.45216441
0.452174
0.45218357
0.45219313
0.45220267
0.4522122
0.45222171
0.45223121
0.45224069
0.45225016
0.45225961
0.45226905
0.45227847
0.45228787
0.45229726
0.45230664
0.452316
0.45232534
0.45233467
0.45234398
0.45235328
0.45236256
0.45237183
0.45238108
0.45239032
0.45239954
0.45240874
0.45241793
0.4524271
0.45243626
0.4524454
0.45245453
0.45246364
0.45247273
0.45248181
0.45249087
0.45249992
0.45250895
0.45251796
0.45252696
0.45253595
0.45254491
0.45255386
0.4525628
0.45257172
0.45258062
0.45258951
0.45259838
0.45260723
0.45261607
0.45262489
0.4526337
0.45264249
0.45265126
0.45266002
0.45266876
0.45267748
0.45268619
0.45269488
0.45270355
0.45271221
0.45272085
0.45272947
0.45273808
0.45274667
0.45275525
0.4527638
0.45277234
0.45278087
0.45278937
0.45279786
0.45280634
0.45281479
0.45282323
0.45283166
0.45284006
0.45284845
0.45285682
0.45286518
0.45287351
0.45288183
0.45289014
0.45289842
0.45290669
0.45291494
0.45292317
0.45293139
0.45293959
0.45294777
0.45295593
0.45296408
0.45297221
0.45298032
0.45298841
0.45299649
0.45300455
0.45301259
0.45302061
0.45302862
0.4530366
0.45304457
0.45305253
0.45306046
0.45306838
0.45307627
0.45308415
0.45309202
0.45309986
0.45310769
0.45311549
0.45312328
0.45313106
0.45313881
0.45314654
0.45315426
0.45316196
0.45316964
0.4531773
0.45318494
0.45319257
0.45320018
0.45320776
0.45321533
0.45322288
0.45323042
0.45323793
0.45324543
0.4532529
0.45326036
0.4532678
0.45327522
0.45328262
0.45329
0.45329737
0.45330471
0.45331204
0.45331934
0.45332663
0.4533339
0.45334115
0.45334838
0.45335559
0.45336278
0.45336996
0.45337711
0.45338424
0.45339136
0.45339845
0.45340553
0.45341259
0.45341963
0.45342664
0.45343364
0.45344062
0.45344758
0.45345452
0.45346144
0.45346834
0.45347522
0.45348208
0.45348892
0.45349574
0.45350255
0.45350933
0.45351609
0.45352283
0.45352955
0.45353625
0.45354294
0.4535496
0.45355624
0.45356286
0.45356946
0.45357604
0.4535826
0.45358914
0.45359566
0.45360216
0.45360864
0.4536151
0.45362154
0.45362796
0.45363436
0.45364073
0.45364709
0.45365343
0.45365974
0.45366604
0.45367231
0.45367856
0.4536848
0.45369101
0.4536972
0.45370337
0.45370952
0.45371565
0.45372175
0.45372784
0.45373391
0.45373995
0.45374597
0.45375197
0.45375795
0.45376391
0.45376985
0.45377577
0.45378167
0.45378754
0.45379339
0.45379922
0.45380503
0.45381082
0.45381659
0.45382234
0.45382806
0.45383376
0.45383944
0.4538451
0.45385074
0.45385636
0.45386195
0.45386752
0.45387307
0.4538786
0.45388411
0.45388959
0.45389506
0.4539005
0.45390592
0.45391131
0.45391669
0.45392204
0.45392737
0.45393268
0.45393797
0.45394323
0.45394847
0.45395369
0.45395889
0.45396406
0.45396921
0.45397434
0.45397945
0.45398453
0.4539896
0.45399464
0.45399965
0.45400465
0.45400962
0.45401457
0.45401949
0.4540244
0.45402928
0.45403413
0.45403897
0.45404378
0.45404857
0.45405334
0.45405808
0.4540628
0.4540675
0.45407217
0.45407682
0.45408145
0.45408605
0.45409063
0.45409519
0.45409972
0.45410423
0.45410872
0.45411319
0.45411763
0.45412204
0.45412644
0.45413081
0.45413515
0.45413948
0.45414378
0.45414805
0.4541523
0.45415653
0.45416074
0.45416492
0.45416907
0.45417321
0.45417731
0.4541814
0.45418546
0.4541895
0.45419351
0.4541975
0.45420146
0.45420541
0.45420932
0.45421321
0.45421708
0.45422093
0.45422475
0.45422854
0.45423231
0.45423606
0.45423978
0.45424348
0.45424715
0.4542508
0.45425442
0.45425802
0.4542616
0.45426515
0.45426867
0.45427217
0.45427565
0.4542791
0.45428252
0.45428593
0.4542893
0.45429265
0.45429598
0.45429928
0.45430256
0.45430581
0.45430904
0.45431224
0.45431541
0.45431856
0.45432169
0.45432479
0.45432786
0.45433091
0.45433394
0.45433694
0.45433991
0.45434286
0.45434578
0.45434868
0.45435155
0.4543544
0.45435722
0.45436001
0.45436278
0.45436552
0.45436824
0.45437093
0.4543736
0.45437624
0.45437885
0.45438144
0.454384
0.45438654
0.45438905
0.45439153
0.45439399
0.45439642
0.45439883
0.45440121
0.45440356
0.45440589
0.45440819
0.45441046
0.45441271
0.45441493
0.45441713
0.4544193
0.45442144
0.45442355
0.45442564
0.45442771
0.45442974
0.45443175
0.45443374
0.45443569
0.45443762
0.45443952
0.4544414
0.45444325
0.45444507
0.45444686
0.45444863
0.45445037
0.45445209
0.45445377
0.45445543
0.45445707
0.45445867
0.45446025
0.4544618
0.45446333
0.45446482
0.45446629
0.45446774
0.45446915
0.45447054
0.4544719
0.45447323
0.45447453
0.45447581
0.45447706
0.45447828
0.45447948
0.45448064
0.45448178
0.4544829
0.45448398
0.45448503
0.45448606
0.45448706
0.45448803
0.45448898
0.4544899
0.45449078
0.45449164
0.45449248
0.45449328
0.45449406
0.4544948
0.45449552
0.45449621
0.45449688
0.45449751
0.45449812
0.4544987
0.45449925
0.45449977
0.45450026
0.45450072
0.45450116
0.45450157
0.45450195
0.4545023
0.45450262
0.45450291
0.45450317
0.45450341
0.45450361
0.45450379
0.45450394
0.45450406
0.45450415
0.45450421
0.45450424
0.45450425
0.45450422
0.45450417
0.45450408
0.45450397
0.45450383
0.45450366
0.45450346
0.45450323
0.45450297
0.45450268
0.45450236
0.45450201
0.45450164
0.45450123
0.4545008
0.45450033
0.45449984
0.45449931
0.45449876
0.45449817
0.45449756
0.45449692
0.45449624
0.45449554
0.45449481
0.45449404
0.45449325
0.45449243
0.45449158
0.45449069
0.45448978
0.45448884
0.45448786
0.45448686
0.45448583
0.45448476
0.45448367
0.45448255
0.45448139
0.45448021
0.45447899
0.45447775
0.45447647
0.45447516
0.45447383
0.45447246
0.45447106
0.45446963
0.45446817
0.45446668
0.45446516
0.45446361
0.45446203
0.45446041
0.45445877
0.4544571
0.45445539
0.45445365
0.45445188
0.45445009
0.45444826
0.4544464
0.4544445
0.45444258
0.45444063
0.45443864
0.45443662
0.45443457
0.4544325
0.45443038
0.45442824
0.45442607
0.45442386
0.45442163
0.45441936
0.45441706
0.45441473
0.45441237
0.45440997
0.45440755
0.45440509
0.4544026
0.45440008
0.45439752
0.45439494
0.45439232
0.45438967
0.45438699
0.45438428
0.45438154
0.45437876
0.45437595
0.45437311
0.45437024
0.45436733
0.45436439
0.45436142
0.45435842
0.45435539
0.45435232
0.45434922
0.45434609
0.45434293
0.45433973
0.4543365
0.45433324
0.45432995
0.45432662
0.45432326
0.45431987
0.45431645
0.45431299
0.4543095
0.45430598
0.45430242
0.45429883
0.45429521
0.45429156
0.45428787
0.45428415
0.45428039
0.45427661
0.45427279
0.45426894
0.45426505
0.45426113
0.45425718
0.45425319
0.45424918
0.45424512
0.45424104
0.45423692
0.45423277
0.45422858
0.45422436
0.45422011
0.45421582
0.4542115
0.45420715
0.45420276
0.45419834
0.45419389
0.4541894
0.45418488
0.45418032
0.45417573
0.45417111
0.45416645
0.45416176
0.45415703
0.45415227
0.45414748
0.45414265
0.45413779
0.45413289
0.45412796
0.454123
0.454118
0.45411296
0.4541079
0.4541028
0.45409766
0.45409249
0.45408728
0.45408204
0.45407677
0.45407146
0.45406612
0.45406074
0.45405533
0.45404988
0.4540444
0.45403888
0.45403333
0.45402775
0.45402212
0.45401647
0.45401078
0.45400505
0.45399929
0.4539935
0.45398766
0.4539818
0.4539759
0.45396996
0.45396399
0.45395798
0.45395194
0.45394586
0.45393975
0.4539336
0.45392742
0.4539212
0.45391495
0.45390866
0.45390233
0.45389597
0.45388958
0.45388315
0.45387668
0.45387017
0.45386364
0.45385706
0.45385045
0.45384381
0.45383712
0.45383041
0.45382365
0.45381686
0.45381004
0.45380317
0.45379628
0.45378934
0.45378237
0.45377537
0.45376832
0.45376125
0.45375413
0.45374698
0.45373979
0.45373257
0.45372531
0.45371801
0.45371068
0.45370331
0.45369591
0.45368846
0.45368098
0.45367347
0.45366592
0.45365833
0.4536507
0.45364304
0.45363534
0.45362761
0.45361983
0.45361202
0.45360418
0.45359629
0.45358837
0.45358042
0.45357242
0.45356439
0.45355632
0.45354822
0.45354007
0.45353189
0.45352368
0.45351542
0.45350713
0.4534988
0.45349043
0.45348203
0.45347359
0.45346511
0.45345659
0.45344804
0.45343945
0.45343082
0.45342215
0.45341345
0.45340471
0.45339593
0.45338711
0.45337825
0.45336936
0.45336043
0.45335146
0.45334245
0.45333341
0.45332433
0.45331521
0.45330605
0.45329685
0.45328762
0.45327834
0.45326903
0.45325968
0.45325029
0.45324087
0.4532314
0.4532219
0.45321236
0.45320278
0.45319316
0.4531835
0.45317381
0.45316408
0.4531543
0.45314449
0.45313464
0.45312475
0.45311483
0.45310486
0.45309486
0.45308481
0.45307473
0.45306461
0.45305445
0.45304425
0.45303401
0.45302374
0.45301342
0.45300307
0.45299267
0.45298224
0.45297177
0.45296125
0.4529507
0.45294011
0.45292948
0.45291881
0.45290811
0.45289736
0.45288657
0.45287575
0.45286488
0.45285397
0.45284303
0.45283204
0.45282102
0.45280995
0.45279885
0.45278771
0.45277652
0.4527653
0.45275404
0.45274273
0.45273139
0.45272001
0.45270859
0.45269712
0.45268562
0.45267408
0.45266249
0.45265087
0.45263921
0.4526275
0.45261576
0.45260398
0.45259215
0.45258029
0.45256838
0.45255644
0.45254445
0.45253242
0.45252036
0.45250825
0.4524961
0.45248391
0.45247168
0.45245941
0.4524471
0.45243475
0.45242236
0.45240993
0.45239745
0.45238494
0.45237238
0.45235979
0.45234715
0.45233447
0.45232175
0.45230899
0.45229619
0.45228334
0.45227046
0.45225754
0.45224457
0.45223156
0.45221851
0.45220542
0.45219229
0.45217912
0.4521659
0.45215265
0.45213935
0.45212601
0.45211263
0.45209921
0.45208574
0.45207224
0.45205869
0.4520451
0.45203147
0.4520178
0.45200408
0.45199033
0.45197653
0.45196269
0.45194881
0.45193488
0.45192092
0.45190691
0.45189286
0.45187877
0.45186463
0.45185046
0.45183624
0.45182198
0.45180767
0.45179333
0.45177894
0.45176451
0.45175004
0.45173552
0.45172096
0.45170636
0.45169172
0.45167703
0.45166231
0.45164754
0.45163272
0.45161787
0.45160297
0.45158803
0.45157304
0.45155801
0.45154294
0.45152783
0.45151267
0.45149748
0.45148223
0.45146695
0.45145162
0.45143625
0.45142083
0.45140538
0.45138987
0.45137433
0.45135874
0.45134311
0.45132744
0.45131172
0.45129596
0.45128016
0.45126431
0.45124842
0.45123248
0.4512165
0.45120048
0.45118441
0.45116831
0.45115215
0.45113596
0.45111971
0.45110343
0.4510871
0.45107073
0.45105431
0.45103785
0.45102135
0.4510048
0.45098821
0.45097157
0.45095489
0.45093817
0.4509214
0.45090459
0.45088773
0.45087083
0.45085388
0.45083689
0.45081986
0.45080278
0.45078566
0.45076849
0.45075128
0.45073402
0.45071672
0.45069937
0.45068198
0.45066455
0.45064707
0.45062954
0.45061197
0.45059436
0.4505767
0.45055899
0.45054125
0.45052345
0.45050561
0.45048773
0.4504698
0.45045183
0.45043381
0.45041574
0.45039763
0.45037948
0.45036128
0.45034303
0.45032474
0.45030641
0.45028803
0.4502696
0.45025113
0.45023261
0.45021405
0.45019544
0.45017679
0.45015809
0.45013934
0.45012055
0.45010172
0.45008283
0.4500639
0.45004493
0.45002591
0.45000685
0.44998773
0.44996858
0.44994937
0.44993012
0.44991083
0.44989149
0.4498721
0.44985267
0.44983319
0.44981366
0.44979409
0.44977447
0.44975481
0.4497351
0.44971534
0.44969553
0.44967568
0.44965579
0.44963584
0.44961585
0.44959582
0.44957574
0.44955561
0.44953543
0.44951521
0.44949494
0.44947462
0.44945426
0.44943385
0.44941339
0.44939289
0.44937234
0.44935174
0.4493311
0.4493104
0.44928967
0.44926888
0.44924805
0.44922717
0.44920624
0.44918527
0.44916424
0.44914318
0.44912206
0.4491009
0.44907968
0.44905843
0.44903712
0.44901577
0.44899437
0.44897292
0.44895142
0.44892988
0.44890829
0.44888665
0.44886496
0.44884323
0.44882145
0.44879962
0.44877774
0.44875581
0.44873384
0.44871182
0.44868975
0.44866763
0.44864547
0.44862325
0.44860099
0.44857868
0.44855632
0.44853392
0.44851146
0.44848896
0.44846641
0.44844381
0.44842116
0.44839846
0.44837572
0.44835293
0.44833008
0.44830719
0.44828426
0.44826127
0.44823823
0.44821515
0.44819201
0.44816883
0.4481456
0.44812232
0.44809899
0.44807562
0.44805219
0.44802871
0.44800519
0.44798162
0.44795799
0.44793432
0.4479106
0.44788683
0.44786301
0.44783915
0.44781523
0.44779126
0.44776725
0.44774318
0.44771907
0.4476949
0.44767069
0.44764643
0.44762212
0.44759775
0.44757334
0.44754888
0.44752437
0.44749981
0.4474752
0.44745054
0.44742583
0.44740107
0.44737626
0.4473514
0.4473265
0.44730154
0.44727653
0.44725147
0.44722636
0.4472012
0.44717599
0.44715073
0.44712543
0.44710007
0.44707466
0.4470492
0.44702369
0.44699813
0.44697252
0.44694685
0.44692114
0.44689538
0.44686957
0.4468437
0.44681779
0.44679183
0.44676581
0.44673975
0.44671363
0.44668746
0.44666124
0.44663498
0.44660866
0.44658229
0.44655587
0.44652939
0.44650287
0.4464763
0.44644967
0.446423
0.44639627
0.44636949
0.44634266
0.44631578
0.44628885
0.44626187
0.44623483
0.44620775
0.44618061
0.44615342
0.44612618
0.44609889
0.44607155
0.44604415
0.44601671
0.44598921
0.44596166
0.44593406
0.44590641
0.4458787
0.44585095
0.44582314
0.44579528
0.44576737
0.44573941
0.44571139
0.44568332
0.4456552
0.44562703
0.44559881
0.44557054
0.44554221
0.44551383
0.4454854
0.44545691
0.44542838
0.44539979
0.44537115
0.44534246
0.44531371
0.44528491
0.44525606
0.44522716
0.44519821
0.4451692
0.44514014
0.44511102
0.44508186
0.44505264
0.44502337
0.44499405
0.44496467
0.44493524
0.44490576
0.44487622
0.44484664
0.444817
0.4447873
0.44475755
0.44472775
0.4446979
0.444668
0.44463804
0.44460802
0.44457796
0.44454784
0.44451767
0.44448744
0.44445716
0.44442683
0.44439645
0.44436601
0.44433552
0.44430497
0.44427437
0.44424372
0.44421301
0.44418225
0.44415144
0.44412057
0.44408965
0.44405867
0.44402765
0.44399656
0.44396543
0.44393424
0.44390299
0.44387169
0.44384034
0.44380893
0.44377747
0.44374596
0.44371439
0.44368277
0.44365109
0.44361936
0.44358758
0.44355574
0.44352384
0.44349189
0.44345989
0.44342783
0.44339572
0.44336355
0.44333133
0.44329906
0.44326673
0.44323434
0.44320191
0.44316941
0.44313686
0.44310426
0.4430716
0.44303889
0.44300612
0.4429733
0.44294042
0.44290749
0.4428745
0.44284146
0.44280836
0.44277521
0.442742
0.44270874
0.44267542
0.44264205
0.44260862
0.44257513
0.44254159
0.442508
0.44247435
0.44244064
0.44240688
0.44237307
0.44233919
0.44230527
0.44227128
0.44223725
0.44220315
0.442169
0.4421348
0.44210053
0.44206622
0.44203184
0.44199741
0.44196293
0.44192839
0.44189379
0.44185914
0.44182443
0.44178967
0.44175485
0.44171997
0.44168504
0.44165005
0.441615
0.4415799
0.44154474
0.44150953
0.44147426
0.44143893
0.44140355
0.44136811
0.44133261
0.44129706
0.44126145
0.44122578
0.44119006
0.44115428
0.44111845
0.44108255
0.4410466
0.4410106
0.44097454
0.44093842
0.44090224
0.44086601
0.44082971
0.44079337
0.44075696
0.4407205
0.44068398
0.44064741
0.44061077
0.44057408
0.44053734
0.44050053
0.44046367
0.44042675
0.44038978
0.44035274
0.44031565
0.4402785
0.4402413
0.44020403
0.44016671
0.44012933
0.4400919
0.4400544
0.44001685
0.43997924
0.43994158
0.43990385
0.43986607
0.43982823
0.43979033
0.43975238
0.43971436
0.43967629
0.43963816
0.43959997
0.43956173
0.43952342
0.43948506
0.43944664
0.43940816
0.43936962
0.43933103
0.43929237
0.43925366
0.43921489
0.43917606
0.43913718
0.43909823
0.43905923
0.43902017
0.43898104
0.43894187
0.43890263
0.43886333
0.43882397
0.43878456
0.43874509
0.43870556
0.43866596
0.43862632
0.43858661
0.43854684
0.43850701
0.43846713
0.43842718
0.43838718
0.43834712
0.438307
0.43826682
0.43822658
0.43818628
0.43814592
0.4381055
0.43806502
0.43802449
0.43798389
0.43794324
0.43790252
0.43786175
0.43782091
0.43778002
0.43773907
0.43769806
0.43765698
0.43761585
0.43757466
0.43753341
0.4374921
0.43745073
0.4374093
0.43736781
0.43732626
0.43728465
0.43724298
0.43720125
0.43715946
0.4371176
0.43707569
0.43703372
0.43699169
0.4369496
0.43690745
0.43686524
0.43682297
0.43678063
0.43673824
0.43669579
0.43665327
0.4366107
0.43656807
0.43652537
0.43648262
0.4364398
0.43639692
0.43635398
0.43631099
0.43626793
0.43622481
0.43618163
0.43613839
0.43609508
0.43605172
0.4360083
0.43596481
0.43592126
0.43587766
0.43583399
0.43579026
0.43574647
0.43570262
0.4356587
0.43561473
0.43557069
0.4355266
0.43548244
0.43543822
0.43539394
0.4353496
0.43530519
0.43526073
0.4352162
0.43517161
0.43512696
0.43508225
0.43503748
0.43499264
0.43494775
0.43490279
0.43485777
0.43481269
0.43476754
0.43472234
0.43467707
0.43463174
0.43458635
0.43454089
0.43449538
0.4344498
0.43440416
0.43435846
0.43431269
0.43426687
0.43422098
0.43417503
0.43412901
0.43408294
0.4340368
0.4339906
0.43394433
0.43389801
0.43385162
0.43380517
0.43375866
0.43371208
0.43366544
0.43361874
0.43357198
0.43352515
0.43347826
0.43343131
0.43338429
0.43333721
0.43329007
0.43324287
0.4331956
0.43314827
0.43310088
0.43305342
0.4330059
0.43295832
0.43291067
0.43286296
0.43281519
0.43276736
0.43271946
0.4326715
0.43262347
0.43257538
0.43252723
0.43247901
0.43243073
0.43238239
0.43233398
0.43228551
0.43223698
0.43218838
0.43213972
0.432091
0.43204221
0.43199335
0.43194444
0.43189546
0.43184641
0.43179731
0.43174813
0.4316989
0.4316496
0.43160023
0.4315508
0.43150131
0.43145175
0.43140213
0.43135245
0.4313027
0.43125288
0.43120301
0.43115306
0.43110306
0.43105299
0.43100285
0.43095265
0.43090238
0.43085205
0.43080166
0.4307512
0.43070068
0.43065009
0.43059944
0.43054872
0.43049794
0.43044709
0.43039618
0.4303452
0.43029416
0.43024305
0.43019188
0.43014064
0.43008934
0.43003797
0.42998654
0.42993504
0.42988348
0.42983185
0.42978016
0.4297284
0.42967658
0.42962469
0.42957273
0.42952071
0.42946863
0.42941647
0.42936426
0.42931198
0.42925963
0.42920721
0.42915473
0.42910219
0.42904958
0.4289969
0.42894416
0.42889135
0.42883848
0.42878554
0.42873253
0.42867946
0.42862632
0.42857312
0.42851985
0.42846651
0.42841311
0.42835964
0.42830611
0.42825251
0.42819884
0.42814511
0.42809131
0.42803744
0.42798351
0.42792951
0.42787545
0.42782132
0.42776712
0.42771285
0.42765852
0.42760412
0.42754966
0.42749513
0.42744053
0.42738587
0.42733113
0.42727634
0.42722147
0.42716654
0.42711154
0.42705647
0.42700134
0.42694614
0.42689087
0.42683554
0.42678014
0.42672467
0.42666913
0.42661353
0.42655786
0.42650212
0.42644632
0.42639045
0.42633451
0.4262785
0.42622242
0.42616628
0.42611007
0.4260538
0.42599745
0.42594104
0.42588456
0.42582801
0.4257714
0.42571471
0.42565796
0.42560114
0.42554426
0.4254873
0.42543028
0.42537319
0.42531603
0.42525881
0.42520151
0.42514415
0.42508672
0.42502922
0.42497165
0.42491402
0.42485632
0.42479854
0.4247407
0.4246828
0.42462482
0.42456678
0.42450866
0.42445048
0.42439223
0.42433391
0.42427552
0.42421707
0.42415854
0.42409995
0.42404129
0.42398256
0.42392376
0.42386489
0.42380595
0.42374694
0.42368787
0.42362872
0.42356951
0.42351023
0.42345088
0.42339146
0.42333197
0.42327241
0.42321278
0.42315309
0.42309332
0.42303348
0.42297358
0.42291361
0.42285356
0.42279345
0.42273327
0.42267302
0.42261269
0.4225523
0.42249184
0.42243131
0.42237071
0.42231004
0.42224931
0.4221885
0.42212762
0.42206667
0.42200565
0.42194456
0.42188341
0.42182218
0.42176088
0.42169951
0.42163808
0.42157657
0.42151499
0.42145334
0.42139162
0.42132984
0.42126798
0.42120605
0.42114405
0.42108198
0.42101984
0.42095763
0.42089535
0.420833
0.42077057
0.42070808
0.42064552
0.42058289
0.42052018
0.42045741
0.42039456
0.42033165
0.42026866
0.4202056
0.42014247
0.42007927
0.420016
0.41995266
0.41988925
0.41982577
0.41976221
0.41969859
0.41963489
0.41957112
0.41950729
0.41944338
0.41937939
0.41931534
0.41925122
0.41918702
0.41912276
0.41905842
0.41899401
0.41892953
0.41886498
0.41880036
0.41873566
0.41867089
0.41860606
0.41854115
0.41847616
0.41841111
0.41834599
0.41828079
0.41821552
0.41815018
0.41808477
0.41801928
0.41795373
0.4178881
0.4178224
0.41775663
0.41769078
0.41762486
0.41755888
0.41749281
0.41742668
0.41736048
0.4172942
0.41722785
0.41716143
0.41709493
0.41702836
0.41696172
0.41689501
0.41682823
0.41676137
0.41669444
0.41662744
0.41656036
0.41649322
0.416426
0.4163587
0.41629134
0.4162239
0.41615639
0.4160888
0.41602115
0.41595342
0.41588561
0.41581774
0.41574979
0.41568176
0.41561367
0.4155455
0.41547726
0.41540894
0.41534056
0.41527209
0.41520356
0.41513495
0.41506627
0.41499751
0.41492869
0.41485978
0.41479081
0.41472176
0.41465264
0.41458344
0.41451417
0.41444483
0.41437541
0.41430592
0.41423636
0.41416672
0.41409701
0.41402722
0.41395736
0.41388743
0.41381742
0.41374734
0.41367718
0.41360695
0.41353665
0.41346627
0.41339582
0.41332529
0.41325469
0.41318401
0.41311326
0.41304244
0.41297154
0.41290057
0.41282952
0.4127584
0.4126872
0.41261593
0.41254459
0.41247317
0.41240168
0.41233011
0.41225846
0.41218674
0.41211495
0.41204308
0.41197114
0.41189912
0.41182703
0.41175486
0.41168262
0.4116103
0.41153791
0.41146544
0.4113929
0.41132028
0.41124759
0.41117482
0.41110198
0.41102906
0.41095607
0.410883
0.41080985
0.41073663
0.41066334
0.41058997
0.41051652
0.410443
0.4103694
0.41029573
0.41022198
0.41014816
0.41007426
0.41000028
0.40992623
0.4098521
0.4097779
0.40970362
0.40962927
0.40955484
0.40948033
0.40940575
0.40933109
0.40925636
0.40918154
0.40910666
0.40903169
0.40895666
0.40888154
0.40880635
0.40873108
0.40865574
0.40858032
0.40850482
0.40842925
0.4083536
0.40827787
0.40820207
0.40812619
0.40805023
0.4079742
0.40789809
0.4078219
0.40774564
0.4076693
0.40759289
0.40751639
0.40743982
0.40736318
0.40728645
0.40720965
0.40713278
0.40705582
0.40697879
0.40690168
0.4068245
0.40674723
0.40666989
0.40659248
0.40651498
0.40643741
0.40635976
0.40628203
0.40620423
0.40612635
0.40604839
0.40597035
0.40589224
0.40581405
0.40573578
0.40565743
0.40557901
0.40550051
0.40542193
0.40534327
0.40526454
0.40518572
0.40510683
0.40502787
0.40494882
0.40486969
0.40479049
0.40471121
0.40463185
0.40455242
0.4044729
0.40439331
0.40431364
0.40423389
0.40415406
0.40407416
0.40399418
0.40391411
0.40383397
0.40375375
0.40367346
0.40359308
0.40351263
0.40343209
0.40335148
0.40327079
0.40319002
0.40310918
0.40302825
0.40294725
0.40286616
0.402785
0.40270376
0.40262244
0.40254104
0.40245956
0.40237801
0.40229637
0.40221466
0.40213286
0.40205099
0.40196904
0.40188701
0.4018049
0.40172271
0.40164044
0.40155809
0.40147566
0.40139316
0.40131057
0.40122791
0.40114516
0.40106234
0.40097943
0.40089645
0.40081338
0.40073024
0.40064702
0.40056372
0.40048034
0.40039687
0.40031333
0.40022971
0.40014601
0.40006223
0.39997837
0.39989443
0.39981041
0.39972631
0.39964212
0.39955786
0.39947352
0.3993891
0.3993046
0.39922002
0.39913536
0.39905061
0.39896579
0.39888089
0.3987959
0.39871084
0.3986257
0.39854047
0.39845517
0.39836978
0.39828432
0.39819877
0.39811314
0.39802743
0.39794164
0.39785577
0.39776982
0.39768379
0.39759768
0.39751149
0.39742521
0.39733886
0.39725242
0.39716591
0.39707931
0.39699263
0.39690587
0.39681903
0.39673211
0.3966451
0.39655802
0.39647085
0.3963836
0.39629627
0.39620886
0.39612137
0.3960338
0.39594614
0.39585841
0.39577059
0.39568269
0.39559471
0.39550665
0.39541851
0.39533028
0.39524197
0.39515358
0.39506511
0.39497656
0.39488792
0.39479921
0.39471041
0.39462153
0.39453257
0.39444352
0.39435439
0.39426519
0.39417589
0.39408652
0.39399707
0.39390753
0.39381791
0.39372821
0.39363842
0.39354856
0.39345861
0.39336857
0.39327846
0.39318826
0.39309798
0.39300762
0.39291718
0.39282665
0.39273604
0.39264535
0.39255457
0.39246372
0.39237278
0.39228175
0.39219065
0.39209946
0.39200819
0.39191683
0.39182539
0.39173387
0.39164227
0.39155058
0.39145881
0.39136696
0.39127502
0.391183
0.3910909
0.39099871
0.39090644
0.39081409
0.39072165
0.39062913
0.39053653
0.39044384
0.39035107
0.39025821
0.39016528
0.39007226
0.38997915
0.38988596
0.38979269
0.38969933
0.38960589
0.38951237
0.38941876
0.38932507
0.3892313
0.38913744
0.38904349
0.38894947
0.38885535
0.38876116
0.38866688
0.38857252
0.38847807
0.38838354
0.38828892
0.38819422
0.38809943
0.38800456
0.38790961
0.38781457
0.38771945
0.38762424
0.38752895
0.38743357
0.38733811
0.38724257
0.38714694
0.38705122
0.38695542
0.38685954
0.38676357
0.38666752
0.38657138
0.38647515
0.38637885
0.38628245
0.38618597
0.38608941
0.38599276
0.38589603
0.38579921
0.38570231
0.38560532
0.38550824
0.38541108
0.38531384
0.38521651
0.38511909
0.38502159
0.38492401
0.38482634
0.38472858
0.38463074
0.38453281
0.3844348
0.3843367
0.38423851
0.38414024
0.38404188
0.38394344
0.38384491
0.3837463
0.3836476
0.38354882
0.38344995
0.38335099
0.38325195
0.38315282
0.3830536
0.3829543
0.38285491
0.38275544
0.38265588
0.38255623
0.3824565
0.38235668
0.38225678
0.38215679
0.38205671
0.38195655
0.3818563
0.38175596
0.38165554
0.38155503
0.38145443
0.38135375
0.38125298
0.38115212
0.38105118
0.38095015
0.38084903
0.38074783
0.38064654
0.38054516
0.3804437
0.38034215
0.38024051
0.38013879
0.38003697
0.37993508
0.37983309
0.37973102
0.37962886
0.37952661
0.37942428
0.37932185
0.37921934
0.37911675
0.37901406
0.37891129
0.37880843
0.37870549
0.37860245
0.37849933
0.37839613
0.37829283
0.37818944
0.37808597
0.37798241
0.37787877
0.37777503
0.37767121
0.3775673
0.3774633
0.37735922
0.37725504
0.37715078
0.37704643
0.37694199
0.37683747
0.37673285
0.37662815
0.37652336
0.37641848
0.37631351
0.37620846
0.37610332
0.37599808
0.37589276
0.37578736
0.37568186
0.37557627
0.3754706
0.37536484
0.37525899
0.37515305
0.37504702
0.3749409
0.3748347
0.3747284
0.37462202
0.37451555
0.37440899
0.37430234
0.3741956
0.37408877
0.37398186
0.37387485
0.37376776
0.37366058
0.3735533
0.37344594
0.37333849
0.37323095
0.37312332
0.37301561
0.3729078
0.3727999
0.37269192
0.37258384
0.37247568
0.37236742
0.37225908
0.37215065
0.37204212
0.37193351
0.37182481
0.37171602
0.37160714
0.37149817
0.3713891
0.37127995
0.37117071
0.37106138
0.37095196
0.37084245
0.37073285
0.37062316
0.37051339
0.37040352
0.37029356
0.37018351
0.37007337
0.36996314
0.36985281
0.3697424
0.3696319
0.36952131
0.36941063
0.36929986
0.369189
0.36907804
0.368967
0.36885587
0.36874464
0.36863333
0.36852192
0.36841042
0.36829884
0.36818716
0.36807539
0.36796353
0.36785158
0.36773954
0.36762741
0.36751519
0.36740288
0.36729047
0.36717798
0.36706539
0.36695271
0.36683994
0.36672708
0.36661413
0.36650109
0.36638796
0.36627473
0.36616142
0.36604801
0.36593451
0.36582092
0.36570724
0.36559347
0.3654796
0.36536565
0.3652516
0.36513746
0.36502323
0.36490891
0.3647945
0.36467999
0.36456539
0.3644507
0.36433592
0.36422105
0.36410608
0.36399103
0.36387588
0.36376064
0.36364531
0.36352988
0.36341436
0.36329876
0.36318305
0.36306726
0.36295138
0.3628354
0.36271933
0.36260317
0.36248691
0.36237056
0.36225412
0.36213759
0.36202097
0.36190425
0.36178744
0.36167054
0.36155354
0.36143646
0.36131928
0.361202
0.36108464
0.36096718
0.36084963
0.36073199
0.36061425
0.36049642
0.3603785
0.36026048
0.36014237
0.36002417
0.35990588
0.35978749
0.35966901
0.35955043
0.35943176
0.359313
0.35919415
0.3590752
0.35895616
0.35883703
0.3587178
0.35859848
0.35847906
0.35835956
0.35823996
0.35812026
0.35800047
0.35788059
0.35776061
0.35764054
0.35752038
0.35740012
0.35727977
0.35715933
0.35703879
0.35691816
0.35679743
0.35667661
0.35655569
0.35643469
0.35631358
0.35619239
0.3560711
0.35594971
0.35582823
0.35570666
0.35558499
0.35546323
0.35534137
0.35521942
0.35509738
0.35497524
0.354853
0.35473067
0.35460825
0.35448573
0.35436312
0.35424041
0.35411761
0.35399472
0.35387172
0.35374864
0.35362546
0.35350218
0.35337881
0.35325535
0.35313179
0.35300813
0.35288438
0.35276054
0.3526366
0.35251256
0.35238843
0.35226421
0.35213988
0.35201547
0.35189096
0.35176635
0.35164165
0.35151685
0.35139196
0.35126697
0.35114189
0.35101671
0.35089143
0.35076606
0.3506406
0.35051504
0.35038938
0.35026363
0.35013778
0.35001183
0.34988579
0.34975966
0.34963343
0.3495071
0.34938068
0.34925416
0.34912754
0.34900083
0.34887402
0.34874712
0.34862012
0.34849302
0.34836583
0.34823854
0.34811116
0.34798368
0.3478561
0.34772843
0.34760066
0.34747279
0.34734483
0.34721677
0.34708861
0.34696036
0.34683201
0.34670356
0.34657502
0.34644638
0.34631765
0.34618882
0.34605989
0.34593086
0.34580174
0.34567252
0.3455432
0.34541379
0.34528428
0.34515467
0.34502496
0.34489516
0.34476526
0.34463527
0.34450518
0.34437498
0.3442447
0.34411431
0.34398383
0.34385325
0.34372257
0.3435918
0.34346093
0.34332996
0.34319889
0.34306773
0.34293647
0.34280511
0.34267365
0.34254209
0.34241044
0.34227869
0.34214684
0.3420149
0.34188285
0.34175071
0.34161847
0.34148614
0.3413537
0.34122117
0.34108853
0.34095581
0.34082298
0.34069005
0.34055703
0.34042391
0.34029069
0.34015737
0.34002395
0.33989043
0.33975682
0.33962311
0.3394893
0.33935539
0.33922138
0.33908728
0.33895307
0.33881877
0.33868437
0.33854987
0.33841527
0.33828057
0.33814577
0.33801088
0.33787588
0.33774079
0.3376056
0.33747031
0.33733492
0.33719943
0.33706384
0.33692815
0.33679236
0.33665648
0.33652049
0.33638441
0.33624823
0.33611195
0.33597556
0.33583908
0.3357025
0.33556582
0.33542904
0.33529217
0.33515519
0.33501811
0.33488093
0.33474366
0.33460628
0.3344688
0.33433123
0.33419355
0.33405578
0.3339179
0.33377993
0.33364185
0.33350368
0.33336541
0.33322703
0.33308856
0.33294998
0.33281131
0.33267253
0.33253366
0.33239468
0.33225561
0.33211643
0.33197716
0.33183778
0.33169831
0.33155873
0.33141905
0.33127928
0.3311394
0.33099942
0.33085934
0.33071916
0.33057888
0.3304385
0.33029802
0.33015744
0.33001675
0.32987597
0.32973509
0.3295941
0.32945302
0.32931183
0.32917054
0.32902915
0.32888766
0.32874607
0.32860438
0.32846259
0.3283207
0.3281787
0.3280366
0.32789441
0.32775211
0.32760971
0.32746721
0.32732461
0.3271819
0.3270391
0.32689619
0.32675318
0.32661007
0.32646686
0.32632355
0.32618013
0.32603662
0.325893
0.32574928
0.32560546
0.32546153
0.32531751
0.32517338
0.32502915
0.32488482
0.32474039
0.32459586
0.32445122
0.32430648
0.32416164
0.3240167
0.32387165
0.32372651
0.32358126
0.32343591
0.32329045
0.3231449
0.32299924
0.32285348
0.32270762
0.32256165
0.32241558
0.32226941
0.32212314
0.32197676
0.32183028
0.3216837
0.32153702
0.32139023
0.32124334
0.32109635
0.32094926
0.32080206
0.32065476
0.32050736
0.32035985
0.32021224
0.32006453
0.31991671
0.3197688
0.31962078
0.31947265
0.31932442
0.31917609
0.31902766
0.31887912
0.31873048
0.31858174
0.31843289
0.31828394
0.31813489
0.31798573
0.31783647
0.3176871
0.31753763
0.31738806
0.31723839
0.31708861
0.31693873
0.31678874
0.31663865
0.31648845
0.31633816
0.31618775
0.31603725
0.31588664
0.31573593
0.31558511
0.31543419
0.31528316
0.31513203
0.3149808
0.31482946
0.31467802
0.31452647
0.31437482
0.31422307
0.31407121
0.31391924
0.31376718
0.313615
0.31346273
0.31331035
0.31315786
0.31300527
0.31285257
0.31269977
0.31254687
0.31239386
0.31224075
0.31208753
0.31193421
0.31178078
0.31162724
0.31147361
0.31131986
0.31116602
0.31101206
0.31085801
0.31070384
0.31054958
0.3103952
0.31024073
0.31008614
0.30993145
0.30977666
0.30962176
0.30946676
0.30931165
0.30915643
0.30900111
0.30884569
0.30869015
0.30853452
0.30837877
0.30822293
0.30806697
0.30791091
0.30775475
0.30759848
0.3074421
0.30728562
0.30712903
0.30697234
0.30681554
0.30665863
0.30650162
0.3063445
0.30618728
0.30602995
0.30587251
0.30571497
0.30555733
0.30539957
0.30524171
0.30508374
0.30492567
0.30476749
0.30460921
0.30445081
0.30429232
0.30413371
0.303975
0.30381618
0.30365726
0.30349823
0.30333909
0.30317985
0.3030205
0.30286104
0.30270147
0.3025418
0.30238203
0.30222214
0.30206215
0.30190205
0.30174185
0.30158153
0.30142112
0.30126059
0.30109996
0.30093922
0.30077837
0.30061741
0.30045635
0.30029518
0.30013391
0.29997252
0.29981103
0.29964943
0.29948773
0.29932591
0.29916399
0.29900196
0.29883983
0.29867758
0.29851523
0.29835278
0.29819021
0.29802754
0.29786475
0.29770186
0.29753887
0.29737576
0.29721255
0.29704923
0.2968858
0.29672226
0.29655862
0.29639487
0.29623101
0.29606704
0.29590296
0.29573877
0.29557448
0.29541008
0.29524557
0.29508095
0.29491623
0.29475139
0.29458645
0.2944214
0.29425624
0.29409097
0.29392559
0.2937601
0.29359451
0.29342881
0.293263
0.29309708
0.29293105
0.29276491
0.29259866
0.29243231
0.29226584
0.29209927
0.29193259
0.2917658
0.2915989
0.29143189
0.29126477
0.29109754
0.29093021
0.29076276
0.29059521
0.29042754
0.29025977
0.29009189
0.2899239
0.2897558
0.28958759
0.28941927
0.28925084
0.2890823
0.28891365
0.28874489
0.28857603
0.28840705
0.28823796
0.28806877
0.28789946
0.28773005
0.28756052
0.28739088
0.28722114
0.28705128
0.28688132
0.28671125
0.28654106
0.28637077
0.28620036
0.28602985
0.28585922
0.28568849
0.28551764
0.28534668
0.28517562
0.28500444
0.28483316
0.28466176
0.28449025
0.28431864
0.28414691
0.28397507
0.28380312
0.28363106
0.28345889
0.28328661
0.28311422
0.28294172
0.2827691
0.28259638
0.28242355
0.2822506
0.28207755
0.28190438
0.2817311
0.28155771
0.28138421
0.2812106
0.28103688
0.28086305
0.2806891
0.28051505
0.28034088
0.28016661
0.27999222
0.27981772
0.27964311
0.27946839
0.27929355
0.27911861
0.27894355
0.27876838
0.2785931
0.27841771
0.27824221
0.27806659
0.27789087
0.27771503
0.27753908
0.27736302
0.27718685
0.27701056
0.27683417
0.27665766
0.27648104
0.27630431
0.27612746
0.27595051
0.27577344
0.27559626
0.27541897
0.27524156
0.27506405
0.27488642
0.27470868
0.27453082
0.27435286
0.27417478
0.27399659
0.27381829
0.27363987
0.27346135
0.27328271
0.27310395
0.27292509
0.27274611
0.27256702
0.27238782
0.2722085
0.27202907
0.27184953
0.27166988
0.27149011
0.27131023
0.27113024
0.27095014
0.27076992
0.27058959
0.27040914
0.27022859
0.27004791
0.26986713
0.26968623
0.26950523
0.2693241
0.26914287
0.26896152
0.26878005
0.26859848
0.26841679
0.26823498
0.26805307
0.26787104
0.26768889
0.26750664
0.26732427
0.26714178
0.26695919
0.26677647
0.26659365
0.26641071
0.26622766
0.26604449
0.26586121
0.26567782
0.26549431
0.26531068
0.26512695
0.2649431
0.26475913
0.26457506
0.26439086
0.26420656
0.26402214
0.2638376
0.26365295
0.26346819
0.26328331
0.26309832
0.26291321
0.26272799
0.26254266
0.26235721
0.26217164
0.26198596
0.26180017
0.26161426
0.26142824
0.2612421
0.26105585
0.26086948
0.260683
0.2604964
0.26030969
0.26012287
0.25993593
0.25974887
0.2595617
0.25937441
0.25918701
0.2589995
0.25881187
0.25862412
0.25843626
0.25824828
0.25806019
0.25787198
0.25768366
0.25749522
0.25730667
0.257118
0.25692922
0.25674032
0.2565513
0.25636217
0.25617293
0.25598356
0.25579409
0.25560449
0.25541479
0.25522496
0.25503502
0.25484497
0.25465479
0.25446451
0.2542741
0.25408358
0.25389295
0.2537022
0.25351133
0.25332035
0.25312925
0.25293803
0.2527467
0.25255525
0.25236369
0.25217201
0.25198021
0.2517883
0.25159627
0.25140412
0.25121186
0.25101948
0.25082698
0.25063437
0.25044164
0.2502488
0.25005584
0.24986276
0.24966956
0.24947625
0.24928282
0.24908928
0.24889562
0.24870184
0.24850794
0.24831393
0.2481198
0.24792555
0.24773119
0.24753671
0.24734211
0.2471474
0.24695256
0.24675761
0.24656255
0.24636736
0.24617206
0.24597664
0.24578111
0.24558546
0.24538969
0.2451938
0.24499779
0.24480167
0.24460543
0.24440907
0.24421259
0.244016
0.24381929
0.24362246
0.24342552
0.24322845
0.24303127
0.24283397
0.24263655
0.24243902
0.24224136
0.24204359
0.2418457
0.24164769
0.24144957
0.24125132
0.24105296
0.24085448
0.24065588
0.24045717
0.24025833
0.24005938
0.23986031
0.23966112
0.23946181
0.23926238
0.23906284
0.23886317
0.23866339
0.23846349
0.23826347
0.23806333
0.23786307
0.2376627
0.2374622
0.23726159
0.23706086
0.23686001
0.23665904
0.23645795
0.23625674
0.23605542
0.23585397
0.23565241
0.23545072
0.23524892
0.235047
0.23484496
0.2346428
0.23444052
0.23423812
0.2340356
0.23383296
0.23363021
0.23342733
0.23322434
0.23302122
0.23281799
0.23261463
0.23241116
0.23220757
0.23200385
0.23180002
0.23159607
0.231392
0.2311878
0.23098349
0.23077906
0.23057451
0.23036984
0.23016505
0.22996014
0.22975511
0.22954996
0.22934468
0.22913929
0.22893378
0.22872815
0.2285224
0.22831653
0.22811054
0.22790442
0.22769819
0.22749184
0.22728536
0.22707877
0.22687206
0.22666522
0.22645827
0.22625119
0.22604399
0.22583668
0.22562924
0.22542168
0.225214
0.2250062
0.22479828
0.22459024
0.22438208
0.22417379
0.22396539
0.22375686
0.22354822
0.22333945
0.22313056
0.22292155
0.22271242
0.22250317
0.2222938
0.2220843
0.22187469
0.22166495
0.22145509
0.22124511
0.22103501
0.22082479
0.22061445
0.22040398
0.2201934
0.21998269
0.21977186
0.21956091
0.21934983
0.21913864
0.21892732
0.21871588
0.21850432
0.21829264
0.21808084
0.21786891
0.21765687
0.2174447
0.21723241
0.21701999
0.21680746
0.2165948
0.21638202
0.21616912
0.21595609
0.21574295
0.21552968
0.21531629
0.21510278
0.21488914
0.21467538
0.2144615
0.2142475
0.21403338
0.21381913
0.21360476
0.21339027
0.21317565
0.21296091
0.21274605
0.21253107
0.21231596
0.21210074
0.21188538
0.21166991
0.21145431
0.21123859
0.21102275
0.21080678
0.21059069
0.21037448
0.21015815
0.20994169
0.20972511
0.2095084
0.20929157
0.20907462
0.20885755
0.20864035
0.20842303
0.20820559
0.20798802
0.20777033
0.20755251
0.20733458
0.20711651
0.20689833
0.20668002
0.20646159
0.20624303
0.20602435
0.20580555
0.20558662
0.20536757
0.20514839
0.2049291
0.20470967
0.20449013
0.20427046
0.20405066
0.20383074
0.2036107
0.20339053
0.20317024
0.20294983
0.20272929
0.20250862
0.20228784
0.20206692
0.20184589
0.20162473
0.20140344
0.20118203
0.2009605
0.20073884
0.20051706
0.20029515
0.20007312
0.19985096
0.19962868
0.19940627
0.19918374
0.19896109
0.1987383
0.1985154
0.19829237
0.19806921
0.19784593
0.19762253
0.197399
0.19717534
0.19695156
0.19672766
0.19650363
0.19627947
0.19605519
0.19583079
0.19560626
0.1953816
0.19515682
0.19493191
0.19470688
0.19448172
0.19425644
0.19403103
0.1938055
0.19357984
0.19335405
0.19312814
0.1929021
0.19267594
0.19244965
0.19222324
0.1919967
0.19177003
0.19154324
0.19131632
0.19108928
0.19086211
0.19063482
0.1904074
0.19017985
0.18995218
0.18972438
0.18949645
0.1892684
0.18904022
0.18881192
0.18858349
0.18835493
0.18812625
0.18789744
0.1876685
0.18743944
0.18721025
0.18698094
0.1867515
0.18652193
0.18629223
0.18606241
0.18583246
0.18560239
0.18537219
0.18514186
0.1849114
0.18468082
0.18445011
0.18421928
0.18398831
0.18375722
0.18352601
0.18329466
0.18306319
0.18283159
0.18259987
0.18236802
0.18213604
0.18190393
0.1816717
0.18143933
0.18120685
0.18097423
0.18074149
0.18050861
0.18027562
0.18004249
0.17980924
0.17957586
0.17934235
0.17910871
0.17887495
0.17864106
0.17840704
0.17817289
0.17793861
0.17770421
0.17746968
0.17723502
0.17700024
0.17676532
0.17653028
0.17629511
0.17605981
0.17582438
0.17558883
0.17535315
0.17511733
0.1748814
0.17464533
0.17440913
0.17417281
0.17393636
0.17369977
0.17346307
0.17322623
0.17298926
0.17275217
0.17251494
0.17227759
0.17204011
0.1718025
0.17156476
0.1713269
0.1710889
0.17085078
0.17061252
0.17037414
0.17013563
0.16989699
0.16965822
0.16941932
0.1691803
0.16894114
0.16870186
0.16846244
0.1682229
0.16798323
0.16774343
0.16750349
0.16726343
0.16702324
0.16678293
0.16654248
0.1663019
0.16606119
0.16582036
0.16557939
0.16533829
0.16509707
0.16485571
0.16461423
0.16437262
0.16413087
0.163889
0.16364699
0.16340486
0.1631626
0.16292021
0.16267768
0.16243503
0.16219225
0.16194933
0.16170629
0.16146312
0.16121982
0.16097638
0.16073282
0.16048912
0.1602453
0.16000135
0.15975726
0.15951305
0.1592687
0.15902423
0.15877962
0.15853488
0.15829002
0.15804502
0.15779989
0.15755463
0.15730924
0.15706372
0.15681807
0.15657229
0.15632638
0.15608034
0.15583416
0.15558786
0.15534142
0.15509485
0.15484816
0.15460133
0.15435437
0.15410728
0.15386005
0.1536127
0.15336522
0.1531176
0.15286986
0.15262198
0.15237397
0.15212583
0.15187756
0.15162915
0.15138062
0.15113195
0.15088315
0.15063422
0.15038516
0.15013597
0.14988665
0.14963719
0.1493876
0.14913788
0.14888803
0.14863805
0.14838794
0.14813769
0.14788731
0.1476368
0.14738616
0.14713538
0.14688448
0.14663344
0.14638227
0.14613097
0.14587953
0.14562796
0.14537626
0.14512443
0.14487247
0.14462037
0.14436814
0.14411578
0.14386329
0.14361066
0.14335791
0.14310502
0.14285199
0.14259884
0.14234555
0.14209213
0.14183857
0.14158489
0.14133107
0.14107711
0.14082303
0.14056881
0.14031446
0.14005998
0.13980536
0.13955061
0.13929573
0.13904071
0.13878556
0.13853028
0.13827487
0.13801932
0.13776364
0.13750782
0.13725187
0.13699579
0.13673958
0.13648323
0.13622675
0.13597013
0.13571338
0.1354565
0.13519949
0.13494234
0.13468505
0.13442764
0.13417009
0.1339124
0.13365459
0.13339663
0.13313855
0.13288033
0.13262198
0.13236349
0.13210487
0.13184612
0.13158723
0.1313282
0.13106905
0.13080976
0.13055033
0.13029077
0.13003108
0.12977125
0.12951129
0.12925119
0.12899096
0.12873059
0.1284701
0.12820946
0.12794869
0.12768779
0.12742675
0.12716558
0.12690427
0.12664283
0.12638126
0.12611954
0.1258577
0.12559572
0.1253336
0.12507135
0.12480897
0.12454645
0.12428379
0.124021
0.12375808
0.12349502
0.12323183
0.1229685
0.12270503
0.12244143
0.12217769
0.12191382
0.12164982
0.12138568
0.1211214
0.12085699
0.12059244
