1   1.000  0.000  0.000
2   1.000  0.006  0.000
3   1.000  0.013  0.000
4   1.000  0.019  0.000
5   1.000  0.025  0.000
6   1.000  0.031  0.000
7   1.000  0.038  0.000
8   1.000  0.044  0.000
9   1.000  0.050  0.000
10   1.000  0.057  0.000
11   1.000  0.063  0.000
12   1.000  0.069  0.000
13   1.000  0.075  0.000
14   1.000  0.082  0.000
15   1.000  0.088  0.000
16   1.000  0.094  0.000
17   1.000  0.100  0.000
18   1.000  0.107  0.000
19   1.000  0.113  0.000
20   1.000  0.119  0.000
21   1.000  0.125  0.000
22   1.000  0.132  0.000
23   1.000  0.138  0.000
24   1.000  0.144  0.000
25   1.000  0.150  0.000
26   1.000  0.156  0.763
27   1.000  0.163  0.000
28   1.000  0.169  0.000
29   1.000  0.175  0.000
30   1.000  0.181  0.000
31   1.000  0.187  0.000
32   1.000  0.194  0.000
33   1.000  0.200  0.763
34   1.000  0.206  0.000
35   1.000  0.212  0.000
36   1.000  0.218  0.778
37   1.000  0.224  0.000
38   1.000  0.230  0.000
39   1.000  0.236  0.763
40   1.000  0.243  0.000
41   1.000  0.249  0.763
42   1.000  0.255  0.000
43   1.000  0.261  0.763
44   1.000  0.267  0.000
45   1.000  0.273  0.778
46   1.000  0.279  0.763
47   1.000  0.285  0.000
48   1.000  0.291  0.763
49   1.000  0.297  0.778
50   1.000  0.303  0.763
51   1.000  0.309  0.763
52   1.000  0.315  0.763
53   1.000  0.321  0.778
54   1.000  0.327  0.763
55   1.000  0.333  0.763
56   1.000  0.339  1.541
57   1.000  0.345  0.763
58   1.000  0.351  1.526
59   1.000  0.356  0.778
60   1.000  0.362  1.526
61   1.000  0.368  1.541
62   1.000  0.374  1.526
63   1.000  0.380  1.541
64   1.000  0.386  1.526
65   1.000  0.391  1.541
66   1.000  0.397  1.526
67   1.000  0.403  2.304
68   1.000  0.409  1.541
69   1.000  0.414  1.526
70   1.000  0.420  2.304
71   1.000  0.426  2.304
72   1.000  0.431  2.304
73   1.000  0.437  1.526
74   1.000  0.443  2.304
75   1.000  0.448  2.304
76   1.000  0.454  2.304
77   1.000  0.460  2.289
78   1.000  0.465  2.304
79   1.000  0.471  2.304
80   1.000  0.476  2.304
81   1.000  0.482  2.304
82   1.000  0.487  2.289
83   1.000  0.493  2.304
84   1.000  0.498  2.304
85   1.000  0.504  2.304
86   1.000  0.509  2.304
87   1.000  0.514  2.289
88   1.000  0.520  2.304
89   1.000  0.525  3.067
90   1.000  0.531  2.304
91   1.000  0.536  2.304
92   1.000  0.541  2.304
93   1.000  0.546  2.289
94   1.000  0.552  2.304
95   1.000  0.557  2.304
96   1.000  0.562  2.304
97   1.000  0.567  2.304
98   1.000  0.572  2.289
99   1.000  0.578  2.304
100   1.000  0.583  2.304
101   1.000  0.588  2.304
102   1.000  0.593  3.067
103   1.000  0.598  2.304
104   1.000  0.603  3.067
105   1.000  0.608  2.289
106   1.000  0.613  3.082
107   1.000  0.618  2.289
108   1.000  0.623  3.067
109   1.000  0.628  2.304
110   1.000  0.633  3.067
111   1.000  0.637  3.067
112   1.000  0.642  3.067
113   1.000  0.647  3.067
114   1.000  0.652  3.082
115   1.000  0.657  3.830
116   1.000  0.661  3.067
117   1.000  0.666  3.067
118   1.000  0.671  3.830
119   1.000  0.675  3.067
120   1.000  0.680  3.845
121   1.000  0.685  3.830
122   1.000  0.689  3.830
123   1.000  0.694  3.845
124   1.000  0.698  3.830
125   1.000  0.703  3.830
126   1.000  0.707  3.845
127   1.000  0.712  4.593
128   1.000  0.716  4.608
129   1.000  0.720  3.830
130   1.000  0.725  4.608
131   1.000  0.729  4.593
132   1.000  0.733  4.608
133   1.000  0.738  5.371
134   1.000  0.742  4.593
135   1.000  0.746  4.608
136   1.000  0.750  5.371
137   1.000  0.754  5.371
138   1.000  0.758  5.371
139   1.000  0.762  5.356
140   1.000  0.766  5.371
141   1.000  0.771  6.134
142   1.000  0.775  6.149
143   1.000  0.778  6.134
144   1.000  0.782  6.134
145   1.000  0.786  6.134
146   1.000  0.790  6.897
147   1.000  0.794  6.912
148   1.000  0.798  6.897
149   1.000  0.802  6.897
150   1.000  0.805  6.912
151   1.000  0.809  7.660
152   1.000  0.813  7.675
153   1.000  0.816  8.438
154   1.000  0.820  7.675
155   1.000  0.824  8.438
156   1.000  0.827  9.201
157   1.000  0.831  8.438
158   1.000  0.834  9.201
159   1.000  0.838  9.201
160   1.000  0.841  9.201
161   1.000  0.844  9.201
162   1.000  0.848  9.979
163   1.000  0.851  9.201
164   1.000  0.854  9.979
165   1.000  0.858  9.964
166   1.000  0.861  9.964
167   1.000  0.864  9.979
168   1.000  0.867  9.964
169   1.000  0.870  9.979
170   1.000  0.873  10.742
171   1.000  0.876  9.964
172   1.000  0.879  10.742
173   1.000  0.882  10.727
174   1.000  0.885  10.742
175   1.000  0.888  10.742
176   1.000  0.891  10.742
177   1.000  0.894  10.727
178   1.000  0.897  11.505
179   1.000  0.899  10.742
180   1.000  0.902  11.505
181   1.000  0.905  11.505
182   1.000  0.907  11.505
183   1.000  0.910  11.505
184   1.000  0.913  12.268
185   1.000  0.915  12.268
186   1.000  0.918  12.283
187   1.000  0.920  13.031
188   1.000  0.923  13.046
189   1.000  0.925  13.031
190   1.000  0.927  13.046
191   1.000  0.930  13.809
192   1.000  0.932  13.794
193   1.000  0.934  13.809
194   1.000  0.937  13.809
195   1.000  0.939  13.809
196   1.000  0.941  13.794
197   1.000  0.943  13.809
198   1.000  0.945  13.809
199   1.000  0.947  14.572
200   1.000  0.949  13.809
201   1.000  0.951  14.572
202   1.000  0.953  14.572
203   1.000  0.955  14.572
204   1.000  0.957  14.572
205   1.000  0.959  14.572
206   1.000  0.960  14.572
207   1.000  0.962  14.572
208   1.000  0.964  15.335
209   1.000  0.965  15.350
210   1.000  0.967  15.335
211   1.000  0.969  16.113
212   1.000  0.970  16.098
213   1.000  0.972  16.113
214   1.000  0.973  16.876
215   1.000  0.975  16.098
216   1.000  0.976  16.876
217   1.000  0.977  16.876
218   1.000  0.979  16.876
219   1.000  0.980  16.876
220   1.000  0.981  16.861
221   1.000  0.982  17.639
222   1.000  0.983  17.654
223   1.000  0.985  17.639
224   1.000  0.986  17.639
225   1.000  0.987  17.639
226   1.000  0.988  18.402
227   1.000  0.989  18.417
228   1.000  0.990  18.402
229   1.000  0.990  18.402
230   1.000  0.991  19.180
231   1.000  0.992  18.402
232   1.000  0.993  19.943
233   1.000  0.994  19.943
234   1.000  0.994  19.943
235   1.000  0.995  19.943
236   1.000  0.996  19.943
237   1.000  0.996  20.706
238   1.000  0.997  20.706
239   1.000  0.997  20.706
240   1.000  0.998  21.484
241   1.000  0.998  20.706
242   1.000  0.998  21.469
243   1.000  0.999  21.484
244   1.000  0.999  21.469
245   1.000  0.999  22.247
246   1.000  1.000  21.469
247   1.000  1.000  22.247
248   1.000  1.000  23.010
249   1.000  1.000  22.247
250   1.000  1.000  23.010
251   1.000  1.000  23.010
252   1.000  1.000  23.773
253   1.000  1.000  23.010
254   1.000  1.000  23.773
255   1.000  1.000  23.773
256   1.000  1.000  23.788
257   1.000  0.999  23.773
258   1.000  0.999  24.536
259   1.000  0.999  24.551
260   1.000  0.998  24.536
261   1.000  0.998  25.314
262   1.000  0.998  24.551
263   1.000  0.997  26.077
264   1.000  0.997  25.299
265   1.000  0.996  26.077
266   1.000  0.996  26.077
267   1.000  0.995  26.855
268   1.000  0.994  26.077
269   1.000  0.994  26.840
270   1.000  0.993  26.840
271   1.000  0.992  27.618
272   1.000  0.991  27.603
273   1.000  0.990  27.618
274   1.000  0.990  27.618
275   1.000  0.989  28.366
276   1.000  0.988  28.381
277   1.000  0.987  29.144
278   1.000  0.986  28.381
279   1.000  0.985  29.144
280   1.000  0.983  29.922
281   1.000  0.982  29.144
282   1.000  0.981  29.907
283   1.000  0.980  29.907
284   1.000  0.979  29.922
285   1.000  0.977  30.670
286   1.000  0.976  30.685
287   1.000  0.975  30.685
288   1.000  0.973  31.433
289   1.000  0.972  32.227
290   1.000  0.970  31.433
291   1.000  0.969  32.227
292   1.000  0.967  32.211
293   1.000  0.965  32.974
294   1.000  0.964  32.211
295   1.000  0.962  32.990
296   1.000  0.960  32.974
297   1.000  0.959  33.752
298   1.000  0.957  34.515
299   1.000  0.955  33.737
300   1.000  0.953  35.294
301   1.000  0.951  34.515
302   1.000  0.949  35.278
303   1.000  0.947  35.278
304   1.000  0.945  35.278
305   1.000  0.943  36.057
306   1.000  0.941  36.041
307   1.000  0.939  36.819
308   1.000  0.937  36.819
309   1.000  0.934  37.582
310   1.000  0.932  38.345
311   1.000  0.930  37.582
312   1.000  0.927  39.124
313   1.000  0.925  38.345
314   1.000  0.923  39.886
315   1.000  0.920  39.108
316   1.000  0.918  39.886
317   1.000  0.915  40.649
318   1.000  0.913  41.412
319   1.000  0.910  41.428
320   1.000  0.907  41.412
321   1.000  0.905  42.191
322   1.000  0.902  42.175
323   1.000  0.899  42.953
324   1.000  0.897  42.175
325   1.000  0.894  43.732
326   1.000  0.891  43.701
327   1.000  0.888  44.495
328   1.000  0.885  44.495
329   1.000  0.882  44.495
330   1.000  0.879  45.227
331   1.000  0.876  46.021
332   1.000  0.873  46.021
333   1.000  0.870  46.783
334   1.000  0.867  46.814
335   1.000  0.864  47.546
336   1.000  0.861  47.546
337   1.000  0.858  48.309
338   1.000  0.854  47.577
339   1.000  0.851  49.072
340   1.000  0.848  49.103
341   1.000  0.844  49.835
342   1.000  0.841  49.866
343   1.000  0.838  50.629
344   1.000  0.834  50.598
345   1.000  0.831  51.392
346   1.000  0.827  51.392
347   1.000  0.824  52.917
348   1.000  0.820  52.155
349   1.000  0.816  52.948
350   1.000  0.813  52.917
351   1.000  0.809  54.443
352   1.000  0.805  53.680
353   1.000  0.802  54.474
354   1.000  0.798  55.206
355   1.000  0.794  54.474
356   1.000  0.790  55.969
357   1.000  0.786  56.000
358   1.000  0.782  56.000
359   1.000  0.778  57.526
360   1.000  0.775  56.763
361   1.000  0.771  58.289
362   1.000  0.766  57.526
363   1.000  0.762  59.052
364   1.000  0.758  58.289
365   1.000  0.754  59.814
366   1.000  0.750  59.082
367   1.000  0.746  60.577
368   1.000  0.742  59.814
369   1.000  0.738  61.371
370   1.000  0.733  60.608
371   1.000  0.729  62.103
372   1.000  0.725  62.134
373   1.000  0.720  62.897
374   1.000  0.716  62.134
375   1.000  0.712  63.660
376   1.000  0.707  63.660
377   1.000  0.703  65.186
378   1.000  0.698  64.423
379   1.000  0.694  65.186
380   1.000  0.689  65.216
381   1.000  0.685  65.948
382   1.000  0.680  66.742
383   1.000  0.675  66.711
384   1.000  0.671  67.505
385   1.000  0.666  68.268
386   1.000  0.661  68.268
387   1.000  0.657  69.000
388   1.000  0.652  69.031
389   1.000  0.647  69.794
390   1.000  0.642  70.587
391   1.000  0.637  70.557
392   1.000  0.633  70.557
393   1.000  0.628  72.113
394   1.000  0.623  72.083
395   1.000  0.618  72.876
396   1.000  0.613  72.845
397   1.000  0.608  73.639
398   1.000  0.603  73.639
399   1.000  0.598  74.402
400   1.000  0.593  75.165
401   1.000  0.588  75.165
402   1.000  0.583  75.928
403   1.000  0.578  76.691
404   1.000  0.572  76.691
405   1.000  0.567  76.721
406   1.000  0.562  77.454
407   1.000  0.557  79.010
408   1.000  0.552  78.217
409   1.000  0.546  79.010
410   1.000  0.541  79.773
411   1.000  0.536  79.773
412   1.000  0.531  80.505
413   1.000  0.525  81.329
414   1.000  0.520  81.299
415   1.000  0.514  81.299
416   1.000  0.509  82.825
417   1.000  0.504  82.825
418   1.000  0.498  82.855
419   1.000  0.493  84.351
420   1.000  0.487  83.618
421   1.000  0.482  85.144
422   1.000  0.476  85.114
423   1.000  0.471  85.907
424   1.000  0.465  85.907
425   1.000  0.460  86.670
426   1.000  0.454  86.670
427   1.000  0.448  87.433
428   1.000  0.443  88.196
429   1.000  0.437  88.989
430   1.000  0.431  88.959
431   1.000  0.426  89.752
432   1.000  0.420  89.722
433   1.000  0.414  90.515
434   1.000  0.409  90.515
435   1.000  0.403  92.010
436   1.000  0.397  91.278
437   1.000  0.391  92.041
438   1.000  0.386  92.804
439   1.000  0.380  93.567
440   1.000  0.374  93.597
441   1.000  0.368  94.330
442   1.000  0.362  95.093
443   1.000  0.356  95.123
444   1.000  0.351  95.093
445   1.000  0.345  95.886
446   1.000  0.339  96.649
447   1.000  0.333  97.412
448   1.000  0.327  97.382
449   1.000  0.321  97.412
450   1.000  0.315  98.938
451   1.000  0.309  98.969
452   1.000  0.303  98.938
453   1.000  0.297  100.464
454   1.000  0.291  100.464
455   1.000  0.285  100.494
456   1.000  0.279  101.227
457   1.000  0.273  102.020
458   1.000  0.267  102.783
459   1.000  0.261  102.783
460   1.000  0.255  103.516
461   1.000  0.249  103.546
462   1.000  0.243  105.103
463   1.000  0.236  104.309
464   1.000  0.230  105.835
465   1.000  0.224  105.835
466   1.000  0.218  106.628
467   1.000  0.212  106.598
468   1.000  0.206  107.391
469   1.000  0.200  108.124
470   1.000  0.194  108.154
471   1.000  0.187  108.917
472   1.000  0.181  109.680
473   1.000  0.175  109.680
474   1.000  0.169  110.443
475   1.000  0.163  110.443
476   1.000  0.156  112.000
477   1.000  0.150  111.206
478   1.000  0.144  111.969
479   1.000  0.138  112.762
480   1.000  0.132  113.495
481   1.000  0.125  113.525
482   1.000  0.119  113.525
483   1.000  0.113  114.258
484   1.000  0.107  115.051
485   1.000  0.100  115.814
486   1.000  0.094  115.814
487   1.000  0.088  116.608
488   1.000  0.082  116.577
489   1.000  0.075  117.340
490   1.000  0.069  117.340
491   1.000  0.063  118.896
492   1.000  0.057  118.103
493   1.000  0.050  119.659
494   1.000  0.044  119.659
495   1.000  0.038  119.659
496   1.000  0.031  121.185
497   1.000  0.025  121.185
498   1.000  0.019  121.155
499   1.000  0.013  121.979
500   1.000  0.006  122.711
501   1.000  0.000  123.474
502   1.000  -0.006  123.505
503   1.000  -0.013  124.237
504   1.000  -0.019  125.793
505   1.000  -0.025  125.793
506   1.000  -0.031  125.763
507   1.000  -0.038  127.319
508   1.000  -0.044  128.113
509   1.000  -0.050  128.082
510   1.000  -0.057  128.845
511   1.000  -0.063  129.608
512   1.000  -0.069  130.402
513   1.000  -0.075  131.165
514   1.000  -0.082  131.134
515   1.000  -0.088  131.927
516   1.000  -0.094  131.927
517   1.000  -0.100  133.453
518   1.000  -0.107  133.453
519   1.000  -0.113  133.453
520   1.000  -0.119  135.010
521   1.000  -0.125  134.979
522   1.000  -0.132  135.773
523   1.000  -0.138  135.742
524   1.000  -0.144  136.536
525   1.000  -0.150  137.299
526   1.000  -0.156  138.031
527   1.000  -0.163  138.062
528   1.000  -0.169  138.824
529   1.000  -0.175  139.587
530   1.000  -0.181  139.618
531   1.000  -0.187  140.350
532   1.000  -0.194  140.350
533   1.000  -0.200  141.907
534   1.000  -0.206  141.113
535   1.000  -0.212  142.670
536   1.000  -0.218  142.670
537   1.000  -0.224  143.402
538   1.000  -0.230  144.196
539   1.000  -0.236  144.196
540   1.000  -0.243  144.958
541   1.000  -0.249  145.752
542   1.000  -0.255  145.721
543   1.000  -0.261  146.484
544   1.000  -0.267  147.278
545   1.000  -0.273  148.010
546   1.000  -0.279  148.041
547   1.000  -0.285  148.804
548   1.000  -0.291  148.773
549   1.000  -0.297  150.330
550   1.000  -0.303  150.330
551   1.000  -0.309  150.330
552   1.000  -0.315  151.886
553   1.000  -0.321  151.855
554   1.000  -0.327  152.618
555   1.000  -0.333  153.412
556   1.000  -0.339  153.412
557   1.000  -0.345  154.907
558   1.000  -0.351  154.938
559   1.000  -0.356  155.701
560   1.000  -0.362  155.701
561   1.000  -0.368  157.227
562   1.000  -0.374  157.257
563   1.000  -0.380  157.990
564   1.000  -0.386  158.752
565   1.000  -0.391  159.546
566   1.000  -0.397  160.309
567   1.000  -0.403  160.278
568   1.000  -0.409  161.072
569   1.000  -0.414  161.835
570   1.000  -0.420  162.598
571   1.000  -0.426  163.391
572   1.000  -0.431  163.361
573   1.000  -0.437  164.124
574   1.000  -0.443  164.154
575   1.000  -0.448  165.649
576   1.000  -0.454  165.680
577   1.000  -0.460  166.443
578   1.000  -0.465  167.206
579   1.000  -0.471  167.969
580   1.000  -0.476  167.969
581   1.000  -0.482  168.732
582   1.000  -0.487  169.525
583   1.000  -0.493  169.495
584   1.000  -0.498  171.051
585   1.000  -0.504  171.021
586   1.000  -0.509  171.051
587   1.000  -0.514  171.783
588   1.000  -0.520  171.051
589   1.000  -0.525  171.814
590   1.000  -0.531  171.021
591   1.000  -0.536  171.051
592   1.000  -0.541  171.814
593   1.000  -0.546  171.021
594   1.000  -0.552  171.814
595   1.000  -0.557  171.051
596   1.000  -0.562  171.021
597   1.000  -0.567  171.814
598   1.000  -0.572  171.051
599   1.000  -0.578  171.783
600   1.000  -0.583  108.917
601   1.000  -0.588  171.051
602   1.000  -0.593  171.021
603   1.000  -0.598  171.814
604   1.000  -0.603  171.051
605   1.000  -0.608  171.783
606   1.000  -0.613  128.876
607   1.000  -0.618  151.855
608   1.000  -0.623  171.051
609   1.000  -0.628  171.783
610   1.000  -0.633  171.051
611   1.000  -0.637  110.443
612   1.000  -0.642  171.051
613   1.000  -0.647  171.783
614   1.000  -0.652  171.051
615   1.000  -0.657  171.051
616   1.000  -0.661  110.443
617   1.000  -0.666  171.021
618   1.000  -0.671  171.814
619   1.000  -0.675  171.051
620   1.000  -0.680  110.443
621   1.000  -0.685  171.021
622   1.000  -0.689  171.051
623   1.000  -0.694  171.814
624   1.000  -0.698  171.021
625   1.000  -0.703  109.680
626   1.000  -0.707  171.051
627   1.000  -0.712  171.814
628   1.000  -0.716  171.021
629   1.000  -0.720  171.814
630   1.000  -0.725  171.051
631   1.000  -0.729  109.680
632   1.000  -0.733  171.021
633   1.000  -0.738  171.814
634   1.000  -0.742  171.051
635   1.000  -0.746  171.783
636   1.000  -0.750  109.680
637   1.000  -0.754  171.051
638   1.000  -0.758  171.814
639   1.000  -0.762  171.021
640   1.000  -0.766  171.051
641   1.000  -0.771  110.443
642   1.000  -0.775  171.814
643   1.000  -0.778  171.021
644   1.000  -0.782  171.051
645   1.000  -0.786  111.206
646   1.000  -0.790  171.051
647   1.000  -0.794  171.021
648   1.000  -0.798  171.814
649   1.000  -0.802  110.443
650   1.000  -0.805  171.051
651   1.000  -0.809  171.021
652   1.000  -0.813  171.814
653   1.000  -0.816  109.680
654   1.000  -0.820  171.051
655   1.000  -0.824  171.783
656   1.000  -0.827  171.051
657   1.000  -0.831  171.814
658   1.000  -0.834  171.021
659   1.000  -0.838  109.680
660   1.000  -0.841  171.051
661   1.000  -0.844  171.814
662   1.000  -0.848  171.021
663   1.000  -0.851  171.814
664   1.000  -0.854  109.680
665   1.000  -0.858  171.051
666   1.000  -0.861  171.783
667   1.000  -0.864  171.051
668   1.000  -0.867  171.814
669   1.000  -0.870  109.680
670   1.000  -0.873  171.783
671   1.000  -0.876  171.051
672   1.000  -0.879  171.051
673   1.000  -0.882  110.443
674   1.000  -0.885  171.783
675   1.000  -0.888  171.051
676   1.000  -0.891  171.051
677   1.000  -0.894  110.443
678   1.000  -0.897  171.783
679   1.000  -0.899  171.051
680   1.000  -0.902  171.051
681   1.000  -0.905  110.443
682   1.000  -0.907  171.021
683   1.000  -0.910  171.814
684   1.000  -0.913  171.051
685   1.000  -0.915  171.783
686   1.000  -0.918  114.288
687   1.000  -0.920  166.443
688   1.000  -0.923  171.051
689   1.000  -0.925  171.783
690   1.000  -0.927  171.051
691   1.000  -0.930  171.051
692   1.000  -0.932  110.443
693   1.000  -0.934  171.021
694   1.000  -0.937  171.051
695   1.000  -0.939  171.814
696   1.000  -0.941  171.021
697   1.000  -0.943  110.443
698   1.000  -0.945  171.051
699   1.000  -0.947  171.814
700   1.000  -0.949  171.021
701   1.000  -0.951  111.206
702   1.000  -0.953  171.051
703   1.000  -0.955  171.051
704   1.000  -0.957  111.206
705   1.000  -0.959  171.051
706   1.000  -0.960  171.783
707   1.000  -0.962  171.051
708   1.000  -0.964  110.443
709   1.000  -0.965  171.051
710   1.000  -0.967  171.783
711   1.000  -0.969  171.051
712   1.000  -0.970  171.814
713   1.000  -0.972  108.917
714   1.000  -0.973  171.783
715   1.000  -0.975  171.051
716   1.000  -0.976  171.814
717   1.000  -0.977  171.021
718   1.000  -0.979  109.680
719   1.000  -0.980  171.814
720   1.000  -0.981  171.021
721   1.000  -0.982  171.051
722   1.000  -0.983  171.814
723   1.000  -0.985  109.680
724   1.000  -0.986  171.021
725   1.000  -0.987  171.814
726   1.000  -0.988  171.051
727   1.000  -0.989  110.443
728   1.000  -0.990  171.814
729   1.000  -0.990  171.021
730   1.000  -0.991  171.814
731   1.000  -0.992  110.443
732   1.000  -0.993  171.051
733   1.000  -0.994  171.021
734   1.000  -0.994  171.814
735   1.000  -0.995  109.680
736   1.000  -0.996  171.814
737   1.000  -0.996  171.021
738   1.000  -0.997  171.814
739   1.000  -0.997  171.051
740   1.000  -0.998  109.680
741   1.000  -0.998  171.783
742   1.000  -0.998  171.051
743   1.000  -0.999  171.051
744   1.000  -0.999  171.783
745   1.000  -0.999  108.917
746   1.000  -1.000  171.814
747   1.000  -1.000  171.021
748   1.000  -1.000  171.051
749   1.000  -1.000  171.814
750   1.000  -1.000  171.021
751   1.000  -1.000  109.680
752   1.000  -1.000  171.814
753   1.000  -1.000  171.051
754   1.000  -1.000  171.783
755   1.000  -1.000  109.680
756   1.000  -1.000  171.814
757   1.000  -0.999  171.051
758   1.000  -0.999  171.814
759   1.000  -0.999  110.443
760   1.000  -0.998  171.021
761   1.000  -0.998  171.814
762   1.000  -0.998  171.051
763   1.000  -0.997  110.443
764   1.000  -0.997  171.021
765   1.000  -0.996  171.814
766   1.000  -0.996  171.051
767   1.000  -0.995  171.021
768   1.000  -0.994  110.443
769   1.000  -0.994  171.051
770   1.000  -0.993  171.051
771   1.000  -0.992  171.783
772   1.000  -0.991  171.051
773   1.000  -0.990  109.680
774   1.000  -0.990  171.021
775   1.000  -0.989  171.814
776   1.000  -0.988  171.051
777   1.000  -0.987  171.814
778   1.000  -0.986  171.021
779   1.000  -0.985  109.680
780   1.000  -0.983  171.814
781   1.000  -0.982  171.021
782   1.000  -0.981  171.051
783   1.000  -0.980  162.598
784   1.000  -0.979  119.659
785   1.000  -0.977  171.021
786   1.000  -0.976  171.051
787   1.000  -0.975  171.814
788   1.000  -0.973  110.443
789   1.000  -0.972  171.051
790   1.000  -0.970  171.783
791   1.000  -0.969  166.443
792   1.000  -0.967  115.051
793   1.000  -0.965  171.051
794   1.000  -0.964  171.783
795   1.000  -0.962  171.051
796   1.000  -0.960  110.443
797   1.000  -0.959  171.051
798   1.000  -0.957  171.021
799   1.000  -0.955  171.814
800   1.000  -0.953  171.051
801   1.000  -0.951  109.680
802   1.000  -0.949  171.783
803   1.000  -0.947  171.051
804   1.000  -0.945  171.814
805   1.000  -0.943  171.021
806   1.000  -0.941  171.051
807   1.000  -0.939  109.680
808   1.000  -0.937  171.814
809   1.000  -0.934  171.021
810   1.000  -0.932  171.051
811   1.000  -0.930  171.783
812   1.000  -0.927  109.680
813   1.000  -0.925  171.814
814   1.000  -0.923  171.051
815   1.000  -0.920  171.814
816   1.000  -0.918  110.443
817   1.000  -0.915  171.021
818   1.000  -0.913  171.051
819   1.000  -0.910  171.814
820   1.000  -0.907  110.443
821   1.000  -0.905  171.021
822   1.000  -0.902  171.814
823   1.000  -0.899  171.051
824   1.000  -0.897  110.443
825   1.000  -0.894  171.021
826   1.000  -0.891  171.051
827   1.000  -0.888  171.814
828   1.000  -0.885  171.021
829   1.000  -0.882  138.824
830   1.000  -0.879  141.907
831   1.000  -0.876  171.814
832   1.000  -0.873  171.021
833   1.000  -0.870  171.814
834   1.000  -0.867  171.051
835   1.000  -0.864  109.680
836   1.000  -0.861  171.021
837   1.000  -0.858  171.814
838   1.000  -0.854  171.021
839   1.000  -0.851  171.814
840   1.000  -0.848  109.680
841   1.000  -0.844  171.051
842   1.000  -0.841  171.814
843   1.000  -0.838  171.021
844   1.000  -0.834  171.814
845   1.000  -0.831  109.680
846   1.000  -0.827  171.814
847   1.000  -0.824  171.021
848   1.000  -0.820  171.814
849   1.000  -0.816  109.680
850   1.000  -0.813  171.814
851   1.000  -0.809  171.021
852   1.000  -0.805  171.814
853   1.000  -0.802  109.680
854   1.000  -0.798  171.051
855   1.000  -0.794  171.783
856   1.000  -0.790  171.051
857   1.000  -0.786  171.814
858   1.000  -0.782  109.680
859   1.000  -0.778  171.021
860   1.000  -0.775  171.814
861   1.000  -0.771  171.051
862   1.000  -0.766  171.021
863   1.000  -0.762  109.680
864   1.000  -0.758  171.814
865   1.000  -0.754  171.021
866   1.000  -0.750  171.051
867   1.000  -0.746  171.814
868   1.000  -0.742  171.021
869   1.000  -0.738  109.680
870   1.000  -0.733  171.814
871   1.000  -0.729  171.051
872   1.000  -0.725  171.783
873   1.000  -0.720  109.680
874   1.000  -0.716  171.814
875   1.000  -0.712  171.051
876   1.000  -0.707  171.783
877   1.000  -0.703  110.474
878   1.000  -0.698  171.021
879   1.000  -0.694  171.814
880   1.000  -0.689  171.051
881   1.000  -0.685  118.866
882   1.000  -0.680  162.598
883   1.000  -0.675  171.814
884   1.000  -0.671  171.051
885   1.000  -0.666  171.783
886   1.000  -0.661  109.680
887   1.000  -0.657  171.051
888   1.000  -0.652  171.814
889   1.000  -0.647  171.021
890   1.000  -0.642  171.051
891   1.000  -0.637  109.680
892   1.000  -0.633  171.814
893   1.000  -0.628  171.021
894   1.000  -0.623  171.814
895   1.000  -0.618  126.556
896   1.000  -0.613  154.938
897   1.000  -0.608  171.021
898   1.000  -0.603  171.051
899   1.000  -0.598  171.814
900   1.000  -0.593  110.443
901   1.000  -0.588  171.021
902   1.000  -0.583  171.814
903   1.000  -0.578  171.051
904   1.000  -0.572  110.443
905   1.000  -0.567  171.021
906   1.000  -0.562  171.814
907   1.000  -0.557  171.051
908   1.000  -0.552  110.443
909   1.000  -0.546  171.783
910   1.000  -0.541  171.051
911   1.000  -0.536  171.814
912   1.000  -0.531  109.680
913   1.000  -0.525  171.021
914   1.000  -0.520  171.814
915   1.000  -0.514  171.051
916   1.000  -0.509  171.783
917   1.000  -0.504  109.680
918   1.000  -0.498  171.051
919   1.000  -0.493  171.814
920   1.000  -0.487  171.021
921   1.000  -0.482  171.051
922   1.000  -0.476  110.443
923   1.000  -0.471  171.051
924   1.000  -0.465  171.021
925   1.000  -0.460  171.814
926   1.000  -0.454  171.051
927   1.000  -0.448  110.443
928   1.000  -0.443  171.021
929   1.000  -0.437  171.051
930   1.000  -0.431  171.814
931   1.000  -0.426  109.680
932   1.000  -0.420  171.783
933   1.000  -0.414  171.051
934   1.000  -0.409  171.814
935   1.000  -0.403  139.587
936   1.000  -0.397  141.876
937   1.000  -0.391  171.051
938   1.000  -0.386  171.814
939   1.000  -0.380  171.021
940   1.000  -0.374  109.680
941   1.000  -0.368  171.814
942   1.000  -0.362  171.051
943   1.000  -0.356  171.783
944   1.000  -0.351  159.546
945   1.000  -0.345  121.948
946   1.000  -0.339  171.051
947   1.000  -0.333  171.021
948   1.000  -0.327  171.814
949   1.000  -0.321  134.216
950   1.000  -0.315  146.515
951   1.000  -0.309  171.783
952   1.000  -0.303  171.051
953   1.000  -0.297  171.814
954   1.000  -0.291  109.680
955   1.000  -0.285  171.021
956   1.000  -0.279  171.814
957   1.000  -0.273  171.051
958   1.000  -0.267  171.783
959   1.000  -0.261  109.680
960   1.000  -0.255  171.814
961   1.000  -0.249  171.051
962   1.000  -0.243  171.021
963   1.000  -0.236  139.587
964   1.000  -0.230  142.670
965   1.000  -0.224  171.051
966   1.000  -0.218  171.814
967   1.000  -0.212  171.021
968   1.000  -0.206  109.680
969   1.000  -0.200  171.814
970   1.000  -0.194  171.021
971   1.000  -0.187  171.814
972   1.000  -0.181  171.051
973   1.000  -0.175  110.443
974   1.000  -0.169  171.021
975   1.000  -0.163  171.051
976   1.000  -0.156  171.814
977   1.000  -0.150  141.113
978   1.000  -0.144  140.381
979   1.000  -0.138  171.021
980   1.000  -0.132  171.051
981   1.000  -0.125  171.783
982   1.000  -0.119  109.680
983   1.000  -0.113  171.814
984   1.000  -0.107  171.051
985   1.000  -0.100  171.814
986   1.000  -0.094  171.021
987   1.000  -0.088  109.680
988   1.000  -0.082  171.814
989   1.000  -0.075  171.021
990   1.000  -0.069  171.814
991   1.000  -0.063  171.051
992   1.000  -0.057  110.443
993   1.000  -0.050  171.051
994   1.000  -0.044  171.021
995   1.000  -0.038  171.814
996   1.000  -0.031  109.680
997   1.000  -0.025  171.814
998   1.000  -0.019  171.021
999   1.000  -0.013  171.814
1000   1.000  -0.006  171.021
1001   1.000  -0.000  109.680
1002   1.000  0.006  171.814
1003   1.000  0.013  171.051
1004   1.000  0.019  171.814
1005   1.000  0.025  144.165
1006   1.000  0.031  137.299
1007   1.000  0.038  171.051
1008   1.000  0.044  171.814
1009   1.000  0.050  171.021
1010   1.000  0.057  110.443
1011   1.000  0.063  171.051
1012   1.000  0.069  171.051
1013   1.000  0.075  171.783
1014   1.000  0.082  171.051
1015   1.000  0.088  110.443
1016   1.000  0.094  171.051
1017   1.000  0.100  171.783
1018   1.000  0.107  171.051
1019   1.000  0.113  114.288
1020   1.000  0.119  167.206
1021   1.000  0.125  171.021
1022   1.000  0.132  171.051
1023   1.000  0.138  171.814
1024   1.000  0.144  109.680
1025   1.000  0.150  171.021
1026   1.000  0.156  171.814
1027   1.000  0.163  171.021
1028   1.000  0.169  171.814
1029   1.000  0.175  109.680
1030   1.000  0.181  171.051
1031   1.000  0.187  171.814
1032   1.000  0.194  171.021
1033   1.000  0.200  171.051
1034   1.000  0.206  110.443
1035   1.000  0.212  171.021
1036   1.000  0.218  171.814
1037   1.000  0.224  171.051
1038   1.000  0.230  109.680
1039   1.000  0.236  171.783
1040   1.000  0.243  171.051
1041   1.000  0.249  171.814
1042   1.000  0.255  171.021
1043   1.000  0.261  110.474
1044   1.000  0.267  171.021
1045   1.000  0.273  171.051
1046   1.000  0.279  171.783
1047   1.000  0.285  144.196
1048   1.000  0.291  136.536
1049   1.000  0.297  171.814
1050   1.000  0.303  171.021
1051   1.000  0.309  171.814
1052   1.000  0.315  138.062
1053   1.000  0.321  142.670
1054   1.000  0.327  171.783
1055   1.000  0.333  171.051
1056   1.000  0.339  171.051
1057   1.000  0.345  110.443
1058   1.000  0.351  171.021
1059   1.000  0.356  171.814
1060   1.000  0.362  171.051
1061   1.000  0.368  171.783
1062   1.000  0.374  109.680
1063   1.000  0.380  171.814
1064   1.000  0.386  171.051
1065   1.000  0.391  171.783
1066   1.000  0.397  122.742
1067   1.000  0.403  158.752
1068   1.000  0.409  171.051
1069   1.000  0.414  171.814
1070   1.000  0.420  171.021
1071   1.000  0.426  109.680
1072   1.000  0.431  171.814
1073   1.000  0.437  171.021
1074   1.000  0.443  171.051
1075   1.000  0.448  171.814
1076   1.000  0.454  109.680
1077   1.000  0.460  171.021
1078   1.000  0.465  171.814
1079   1.000  0.471  171.051
1080   1.000  0.476  171.783
1081   1.000  0.482  109.680
1082   1.000  0.487  171.051
1083   1.000  0.493  171.814
1084   1.000  0.498  171.021
1085   1.000  0.504  110.443
1086   1.000  0.509  171.051
1087   1.000  0.514  171.051
1088   1.000  0.520  171.783
1089   1.000  0.525  146.515
1090   1.000  0.531  134.979
1091   1.000  0.536  171.051
1092   1.000  0.541  171.783
1093   1.000  0.546  168.762
1094   1.000  0.552  112.732
1095   1.000  0.557  171.051
1096   1.000  0.562  171.814
1097   1.000  0.567  171.021
1098   1.000  0.572  110.443
1099   1.000  0.578  171.051
1100   1.000  0.583  171.814
1101   1.000  0.588  171.021
1102   1.000  0.593  121.185
1103   1.000  0.598  160.309
1104   1.000  0.603  171.814
1105   1.000  0.608  171.021
1106   1.000  0.613  171.051
1107   1.000  0.618  167.206
1108   1.000  0.623  114.288
1109   1.000  0.628  171.021
1110   1.000  0.633  171.051
1111   1.000  0.637  171.783
1112   1.000  0.642  171.051
1113   1.000  0.647  110.443
1114   1.000  0.652  171.051
1115   1.000  0.657  171.814
1116   1.000  0.661  171.021
1117   1.000  0.666  110.443
1118   1.000  0.671  171.051
1119   1.000  0.675  171.021
1120   1.000  0.680  171.814
1121   1.000  0.685  126.556
1122   1.000  0.689  154.938
1123   1.000  0.694  171.814
1124   1.000  0.698  171.021
1125   1.000  0.703  171.814
1126   1.000  0.707  109.680
1127   1.000  0.712  171.814
1128   1.000  0.716  171.021
1129   1.000  0.720  171.814
1130   1.000  0.725  109.680
1131   1.000  0.729  171.051
1132   1.000  0.733  171.783
1133   1.000  0.738  171.051
1134   1.000  0.742  171.051
1135   1.000  0.746  171.783
1136   1.000  0.750  109.680
1137   1.000  0.754  171.051
1138   1.000  0.758  171.814
1139   1.000  0.762  171.021
1140   1.000  0.766  171.814
1141   1.000  0.771  171.051
1142   1.000  0.775  109.680
1143   1.000  0.778  171.021
1144   1.000  0.782  171.814
1145   1.000  0.786  171.021
1146   1.000  0.790  148.041
1147   1.000  0.794  133.453
1148   1.000  0.798  171.051
1149   1.000  0.802  171.783
1150   1.000  0.805  171.051
1151   1.000  0.809  110.443
1152   1.000  0.813  171.814
1153   1.000  0.816  171.051
1154   1.000  0.820  171.021
1155   1.000  0.824  110.443
1156   1.000  0.827  171.814
1157   1.000  0.831  171.051
1158   1.000  0.834  171.021
1159   1.000  0.838  110.443
1160   1.000  0.841  171.051
1161   1.000  0.844  171.814
1162   1.000  0.848  171.021
1163   1.000  0.851  171.814
1164   1.000  0.854  171.051
1165   1.000  0.858  108.887
1166   1.000  0.861  171.814
1167   1.000  0.864  171.051
1168   1.000  0.867  171.814
1169   1.000  0.870  171.021
1170   1.000  0.873  171.051
1171   1.000  0.876  109.680
1172   1.000  0.879  171.783
1173   1.000  0.882  171.051
1174   1.000  0.885  171.051
1175   1.000  0.888  171.783
1176   1.000  0.891  109.680
1177   1.000  0.894  171.814
1178   1.000  0.897  171.051
1179   1.000  0.899  171.783
1180   1.000  0.902  109.680
1181   1.000  0.905  171.814
1182   1.000  0.907  171.051
1183   1.000  0.910  171.783
1184   1.000  0.913  110.474
1185   1.000  0.915  171.021
1186   1.000  0.918  171.051
1187   1.000  0.920  171.814
1188   1.000  0.923  157.227
1189   1.000  0.925  124.237
1190   1.000  0.927  171.051
1191   1.000  0.930  171.814
1192   1.000  0.932  171.021
1193   1.000  0.934  171.051
1194   1.000  0.937  109.680
1195   1.000  0.939  171.783
1196   1.000  0.941  171.051
1197   1.000  0.943  171.051
1198   1.000  0.945  171.783
1199   1.000  0.947  171.051
1200   1.000  0.949  109.680
1201   1.000  0.951  171.051
1202   1.000  0.953  171.783
1203   1.000  0.955  171.051
1204   1.000  0.957  171.814
1205   1.000  0.959  155.701
1206   1.000  0.960  125.000
1207   1.000  0.962  171.814
1208   1.000  0.964  171.051
1209   1.000  0.965  171.783
1210   1.000  0.967  110.443
1211   1.000  0.969  171.051
1212   1.000  0.970  171.814
1213   1.000  0.972  171.021
1214   1.000  0.973  110.443
1215   1.000  0.975  171.051
1216   1.000  0.976  171.814
1217   1.000  0.977  171.021
1218   1.000  0.979  110.474
1219   1.000  0.980  171.021
1220   1.000  0.981  171.814
1221   1.000  0.982  171.021
1222   1.000  0.983  171.814
1223   1.000  0.985  109.680
1224   1.000  0.986  171.051
1225   1.000  0.987  171.814
1226   1.000  0.988  171.021
1227   1.000  0.989  171.051
1228   1.000  0.990  171.783
1229   1.000  0.990  109.680
1230   1.000  0.991  171.051
1231   1.000  0.992  171.814
1232   1.000  0.993  171.021
1233   1.000  0.994  171.051
1234   1.000  0.994  171.814
1235   1.000  0.995  109.680
1236   1.000  0.996  171.021
1237   1.000  0.996  171.814
1238   1.000  0.997  171.051
1239   1.000  0.997  171.021
1240   1.000  0.998  110.443
1241   1.000  0.998  171.814
1242   1.000  0.998  171.051
1243   1.000  0.999  171.021
1244   1.000  0.999  111.237
1245   1.000  0.999  171.021
1246   1.000  1.000  171.051
1247   1.000  1.000  171.783
1248   1.000  1.000  110.474
1249   1.000  1.000  171.021
1250   1.000  1.000  171.051
1251   1.000  1.000  171.814
1252   1.000  1.000  171.021
1253   1.000  1.000  109.680
1254   1.000  1.000  171.814
1255   1.000  1.000  171.021
1256   1.000  1.000  171.814
1257   1.000  0.999  171.051
1258   1.000  0.999  171.021
1259   1.000  0.999  109.680
1260   1.000  0.998  171.814
1261   1.000  0.998  171.051
1262   1.000  0.998  171.021
1263   1.000  0.997  171.814
1264   1.000  0.997  171.051
1265   1.000  0.996  109.680
1266   1.000  0.996  171.021
1267   1.000  0.995  171.814
1268   1.000  0.994  171.051
1269   1.000  0.994  171.783
1270   1.000  0.993  109.680
1271   1.000  0.992  171.814
1272   1.000  0.991  171.051
1273   1.000  0.990  171.783
1274   1.000  0.990  110.443
1275   1.000  0.989  171.051
1276   1.000  0.988  171.814
1277   1.000  0.987  171.021
1278   1.000  0.986  110.474
1279   1.000  0.985  171.783
1280   1.000  0.983  171.051
1281   1.000  0.982  171.814
1282   1.000  0.981  109.680
1283   1.000  0.980  171.783
1284   1.000  0.979  171.051
1285   1.000  0.977  171.021
1286   1.000  0.976  110.474
1287   1.000  0.975  171.021
1288   1.000  0.973  171.051
1289   1.000  0.972  171.814
1290   1.000  0.970  171.021
1291   1.000  0.969  171.814
1292   1.000  0.967  109.680
1293   1.000  0.965  171.021
1294   1.000  0.964  171.814
1295   1.000  0.962  171.051
1296   1.000  0.960  171.021
1297   1.000  0.959  110.474
1298   1.000  0.957  171.021
1299   1.000  0.955  171.814
1300   1.000  0.953  171.021
1301   1.000  0.951  110.474
1302   1.000  0.949  171.021
1303   1.000  0.947  171.814
1304   1.000  0.945  171.051
1305   1.000  0.943  110.443
1306   1.000  0.941  171.021
1307   1.000  0.939  171.814
1308   1.000  0.937  171.051
1309   1.000  0.934  141.876
1310   1.000  0.932  139.587
1311   1.000  0.930  171.051
1312   1.000  0.927  171.814
1313   1.000  0.925  171.021
1314   1.000  0.923  142.670
1315   1.000  0.920  138.824
1316   1.000  0.918  171.051
1317   1.000  0.915  171.783
1318   1.000  0.913  171.051
1319   1.000  0.910  171.021
1320   1.000  0.907  109.680
1321   1.000  0.905  171.814
1322   1.000  0.902  171.051
1323   1.000  0.899  171.021
1324   1.000  0.897  171.814
1325   1.000  0.894  171.051
1326   1.000  0.891  109.680
1327   1.000  0.888  171.783
1328   1.000  0.885  171.051
1329   1.000  0.882  171.814
1330   1.000  0.879  109.680
1331   1.000  0.876  171.783
1332   1.000  0.873  171.051
1333   1.000  0.870  171.814
1334   1.000  0.867  138.062
1335   1.000  0.864  143.433
1336   1.000  0.861  171.021
1337   1.000  0.858  171.814
1338   1.000  0.854  171.021
1339   1.000  0.851  110.474
1340   1.000  0.848  171.021
1341   1.000  0.844  171.814
1342   1.000  0.841  171.051
1343   1.000  0.838  171.783
1344   1.000  0.834  108.917
1345   1.000  0.831  171.814
1346   1.000  0.827  171.021
1347   1.000  0.824  171.814
1348   1.000  0.820  171.051
1349   1.000  0.816  109.680
1350   1.000  0.813  171.021
1351   1.000  0.809  171.814
1352   1.000  0.805  171.051
1353   1.000  0.802  171.021
1354   1.000  0.798  171.814
1355   1.000  0.794  109.680
1356   1.000  0.790  171.051
1357   1.000  0.786  171.783
1358   1.000  0.782  171.051
1359   1.000  0.778  171.814
1360   1.000  0.775  109.680
1361   1.000  0.771  171.783
1362   1.000  0.766  171.051
1363   1.000  0.762  171.814
1364   1.000  0.758  109.680
1365   1.000  0.754  171.783
1366   1.000  0.750  171.051
1367   1.000  0.746  171.051
1368   1.000  0.742  110.443
1369   1.000  0.738  171.021
1370   1.000  0.733  171.814
1371   1.000  0.729  171.051
1372   1.000  0.725  171.783
1373   1.000  0.720  109.680
1374   1.000  0.716  171.051
1375   1.000  0.712  171.051
1376   1.000  0.707  171.783
1377   1.000  0.703  171.051
1378   1.000  0.698  156.464
1379   1.000  0.694  124.268
1380   1.000  0.689  171.783
1381   1.000  0.685  171.051
1382   1.000  0.680  171.814
1383   1.000  0.675  171.021
1384   1.000  0.671  109.680
1385   1.000  0.666  171.814
1386   1.000  0.661  171.051
1387   1.000  0.657  171.021
1388   1.000  0.652  171.814
1389   1.000  0.647  109.680
1390   1.000  0.642  171.814
1391   1.000  0.637  171.021
1392   1.000  0.633  171.051
1393   1.000  0.628  110.443
1394   1.000  0.623  171.814
1395   1.000  0.618  171.021
1396   1.000  0.613  171.051
1397   1.000  0.608  171.814
1398   1.000  0.603  110.443
1399   1.000  0.598  171.021
1400   1.000  0.593  171.051
1401   1.000  0.588  171.814
1402   1.000  0.583  109.680
1403   1.000  0.578  171.021
1404   1.000  0.572  171.814
1405   1.000  0.567  171.051
1406   1.000  0.562  171.783
1407   1.000  0.557  143.433
1408   1.000  0.552  137.299
1409   1.000  0.546  171.021
1410   1.000  0.541  171.814
1411   1.000  0.536  171.051
1412   1.000  0.531  171.814
1413   1.000  0.525  109.680
1414   1.000  0.520  171.021
1415   1.000  0.514  171.814
1416   1.000  0.509  171.021
1417   1.000  0.504  171.051
1418   1.000  0.498  109.680
1419   1.000  0.493  171.814
1420   1.000  0.487  171.021
1421   1.000  0.482  171.814
1422   1.000  0.476  151.093
1423   1.000  0.471  130.402
1424   1.000  0.465  171.021
1425   1.000  0.460  171.814
1426   1.000  0.454  171.051
1427   1.000  0.448  110.443
1428   1.000  0.443  171.021
1429   1.000  0.437  171.814
1430   1.000  0.431  171.051
1431   1.000  0.426  128.845
1432   1.000  0.420  151.855
1433   1.000  0.414  171.814
1434   1.000  0.409  171.051
1435   1.000  0.403  171.783
1436   1.000  0.397  130.402
1437   1.000  0.391  150.330
1438   1.000  0.386  171.814
1439   1.000  0.380  171.021
1440   1.000  0.374  171.051
1441   1.000  0.368  171.814
1442   1.000  0.362  109.680
1443   1.000  0.356  171.021
1444   1.000  0.351  171.051
1445   1.000  0.345  171.814
1446   1.000  0.339  171.021
1447   1.000  0.333  110.443
1448   1.000  0.327  171.051
1449   1.000  0.321  171.051
1450   1.000  0.315  171.783
1451   1.000  0.309  171.051
1452   1.000  0.303  110.443
1453   1.000  0.297  171.051
1454   1.000  0.291  171.783
1455   1.000  0.285  171.051
1456   1.000  0.279  110.443
1457   1.000  0.273  171.051
1458   1.000  0.267  171.021
1459   1.000  0.261  171.814
1460   1.000  0.255  171.051
1461   1.000  0.249  110.443
1462   1.000  0.243  171.021
1463   1.000  0.236  171.814
1464   1.000  0.230  171.051
1465   1.000  0.224  110.443
1466   1.000  0.218  171.021
1467   1.000  0.212  171.051
1468   1.000  0.206  171.814
1469   1.000  0.200  171.021
1470   1.000  0.194  110.443
1471   1.000  0.187  171.051
1472   1.000  0.181  171.051
1473   1.000  0.175  171.783
1474   1.000  0.169  115.051
1475   1.000  0.163  165.680
1476   1.000  0.156  171.814
1477   1.000  0.150  171.021
1478   1.000  0.144  171.814
1479   1.000  0.138  109.680
1480   1.000  0.132  171.814
1481   1.000  0.125  171.021
1482   1.000  0.119  171.814
1483   1.000  0.113  109.680
1484   1.000  0.107  171.051
1485   1.000  0.100  171.783
1486   1.000  0.094  171.051
1487   1.000  0.088  171.814
1488   1.000  0.082  109.680
1489   1.000  0.075  171.783
1490   1.000  0.069  171.051
1491   1.000  0.063  171.814
1492   1.000  0.057  109.680
1493   1.000  0.050  171.021
1494   1.000  0.044  171.814
1495   1.000  0.038  171.051
1496   1.000  0.031  171.783
1497   1.000  0.025  109.680
1498   1.000  0.019  171.051
1499   1.000  0.013  171.814
1500   1.000  0.006  171.021
1501   1.000  0.000  171.814
1502   1.000  -0.006  109.680
1503   1.000  -0.013  171.051
1504   1.000  -0.019  171.783
1505   1.000  -0.025  171.051
1506   1.000  -0.031  171.814
1507   1.000  -0.038  109.680
1508   1.000  -0.044  171.021
1509   1.000  -0.050  171.814
1510   1.000  -0.057  171.051
1511   1.000  -0.063  128.082
1512   1.000  -0.069  153.381
1513   1.000  -0.075  171.051
1514   1.000  -0.082  171.814
1515   1.000  -0.088  171.021
1516   1.000  -0.094  110.443
1517   1.000  -0.100  171.051
1518   1.000  -0.107  171.814
1519   1.000  -0.113  171.021
1520   1.000  -0.119  171.051
1521   1.000  -0.125  110.443
1522   1.000  -0.132  171.051
1523   1.000  -0.138  171.783
1524   1.000  -0.144  171.051
1525   1.000  -0.150  133.453
1526   1.000  -0.156  148.041
1527   1.000  -0.163  171.021
1528   1.000  -0.169  171.814
1529   1.000  -0.175  171.051
1530   1.000  -0.181  109.680
1531   1.000  -0.187  171.783
1532   1.000  -0.194  171.051
1533   1.000  -0.200  171.814
1534   1.000  -0.206  171.021
1535   1.000  -0.212  109.680
1536   1.000  -0.218  171.814
1537   1.000  -0.224  171.051
1538   1.000  -0.230  171.021
1539   1.000  -0.236  171.814
1540   1.000  -0.243  109.680
1541   1.000  -0.249  171.051
1542   1.000  -0.255  171.783
1543   1.000  -0.261  171.051
1544   1.000  -0.267  171.021
1545   1.000  -0.273  110.474
1546   1.000  -0.279  171.021
1547   1.000  -0.285  171.814
1548   1.000  -0.291  171.051
1549   1.000  -0.297  171.021
1550   1.000  -0.303  110.443
1551   1.000  -0.309  171.051
1552   1.000  -0.315  171.021
1553   1.000  -0.321  171.814
1554   1.000  -0.327  109.680
1555   1.000  -0.333  171.814
1556   1.000  -0.339  171.021
1557   1.000  -0.345  171.814
1558   1.000  -0.351  171.051
1559   1.000  -0.356  110.443
1560   1.000  -0.362  171.051
1561   1.000  -0.368  171.783
1562   1.000  -0.374  171.051
1563   1.000  -0.380  109.680
