1   1.000  0.000  0.000
2   1.000  0.003  0.000
3   1.000  0.006  0.000
4   1.000  0.009  0.000
5   1.000  0.013  0.000
6   1.000  0.016  0.000
7   1.000  0.019  0.000
8   1.000  0.022  0.000
9   1.000  0.025  0.000
10   1.000  0.028  0.000
11   1.000  0.031  0.000
12   1.000  0.035  0.000
13   1.000  0.038  0.000
14   1.000  0.041  0.000
15   1.000  0.044  0.000
16   1.000  0.047  0.000
17   1.000  0.050  0.767
18   1.000  0.053  0.000
19   1.000  0.056  0.000
20   1.000  0.060  0.000
21   1.000  0.063  0.000
22   1.000  0.066  0.000
23   1.000  0.069  0.000
24   1.000  0.072  0.000
25   1.000  0.075  0.000
26   1.000  0.078  0.767
27   1.000  0.081  0.000
28   1.000  0.084  0.000
29   1.000  0.088  0.000
30   1.000  0.091  0.000
31   1.000  0.094  0.000
32   1.000  0.097  0.000
33   1.000  0.100  0.000
34   1.000  0.103  0.767
35   1.000  0.106  0.000
36   1.000  0.109  0.000
37   1.000  0.112  0.000
38   1.000  0.115  0.000
39   1.000  0.118  0.767
40   1.000  0.121  0.000
41   1.000  0.124  0.000
42   1.000  0.127  0.000
43   1.000  0.130  0.000
44   1.000  0.133  0.767
45   1.000  0.136  0.000
46   1.000  0.139  0.000
47   1.000  0.143  0.000
48   1.000  0.146  0.767
49   1.000  0.149  0.000
50   1.000  0.152  0.000
51   1.000  0.155  0.000
52   1.000  0.157  0.767
53   1.000  0.160  0.000
54   1.000  0.163  0.767
55   1.000  0.166  0.000
56   1.000  0.169  0.000
57   1.000  0.172  0.767
58   1.000  0.175  0.000
59   1.000  0.178  0.767
60   1.000  0.181  0.767
61   1.000  0.184  0.000
62   1.000  0.187  0.767
63   1.000  0.190  0.000
64   1.000  0.193  0.767
65   1.000  0.196  0.767
66   1.000  0.199  0.767
67   1.000  0.201  0.767
68   1.000  0.204  0.000
69   1.000  0.207  0.767
70   1.000  0.210  0.767
71   1.000  0.213  1.534
72   1.000  0.216  0.767
73   1.000  0.219  0.767
74   1.000  0.221  0.767
75   1.000  0.224  0.767
76   1.000  0.227  1.534
77   1.000  0.230  0.767
78   1.000  0.233  1.534
79   1.000  0.235  0.767
80   1.000  0.238  1.534
81   1.000  0.241  1.534
82   1.000  0.244  1.534
83   1.000  0.246  1.534
84   1.000  0.249  1.534
85   1.000  0.252  1.534
86   1.000  0.255  2.301
87   1.000  0.257  1.534
88   1.000  0.260  1.534
89   1.000  0.263  2.301
90   1.000  0.265  2.301
91   1.000  0.268  1.534
92   1.000  0.271  2.301
93   1.000  0.273  2.301
94   1.000  0.276  2.301
95   1.000  0.278  1.534
96   1.000  0.281  2.301
97   1.000  0.284  3.068
98   1.000  0.286  2.301
99   1.000  0.289  2.301
100   1.000  0.291  2.301
101   1.000  0.294  2.301
102   1.000  0.296  2.301
103   1.000  0.299  3.068
104   1.000  0.301  3.068
105   1.000  0.304  3.068
106   1.000  0.306  3.068
107   1.000  0.309  3.835
108   1.000  0.311  3.835
109   1.000  0.314  3.835
110   1.000  0.316  3.835
111   1.000  0.319  3.835
112   1.000  0.321  4.602
113   1.000  0.324  4.602
114   1.000  0.326  4.602
115   1.000  0.328  4.602
116   1.000  0.331  5.369
117   1.000  0.333  5.369
118   1.000  0.335  5.369
119   1.000  0.338  5.369
120   1.000  0.340  5.369
121   1.000  0.342  6.136
122   1.000  0.345  6.136
123   1.000  0.347  6.903
124   1.000  0.349  6.136
125   1.000  0.351  6.136
126   1.000  0.354  6.136
127   1.000  0.356  6.136
128   1.000  0.358  6.903
129   1.000  0.360  6.136
130   1.000  0.362  6.903
131   1.000  0.364  6.136
132   1.000  0.367  6.903
133   1.000  0.369  6.903
134   1.000  0.371  6.903
135   1.000  0.373  6.903
136   1.000  0.375  6.903
137   1.000  0.377  6.903
138   1.000  0.379  6.903
139   1.000  0.381  6.903
140   1.000  0.383  7.670
141   1.000  0.385  7.670
142   1.000  0.387  6.903
143   1.000  0.389  7.670
144   1.000  0.391  7.670
145   1.000  0.393  7.670
146   1.000  0.395  7.670
147   1.000  0.397  7.670
148   1.000  0.399  8.437
149   1.000  0.401  8.437
150   1.000  0.403  8.437
151   1.000  0.405  8.437
152   1.000  0.406  8.437
153   1.000  0.408  8.437
154   1.000  0.410  8.437
155   1.000  0.412  9.204
156   1.000  0.414  9.204
157   1.000  0.415  9.204
158   1.000  0.417  9.204
159   1.000  0.419  9.204
160   1.000  0.420  9.204
161   1.000  0.422  9.971
162   1.000  0.424  9.971
163   1.000  0.425  10.738
164   1.000  0.427  10.738
165   1.000  0.429  10.738
166   1.000  0.430  10.738
167   1.000  0.432  10.738
168   1.000  0.434  10.738
169   1.000  0.435  11.505
170   1.000  0.437  11.505
171   1.000  0.438  11.505
172   1.000  0.440  11.505
173   1.000  0.441  11.505
174   1.000  0.443  11.505
175   1.000  0.444  12.272
176   1.000  0.446  11.505
177   1.000  0.447  12.272
178   1.000  0.448  11.505
179   1.000  0.450  12.272
180   1.000  0.451  13.039
181   1.000  0.452  11.505
182   1.000  0.454  13.039
183   1.000  0.455  12.272
184   1.000  0.456  12.272
185   1.000  0.458  13.039
186   1.000  0.459  13.039
187   1.000  0.460  13.039
188   1.000  0.461  13.039
189   1.000  0.463  13.806
190   1.000  0.464  13.806
191   1.000  0.465  13.806
192   1.000  0.466  13.806
193   1.000  0.467  14.573
194   1.000  0.468  14.573
195   1.000  0.469  14.573
196   1.000  0.470  14.573
197   1.000  0.471  14.573
198   1.000  0.473  15.340
199   1.000  0.474  15.340
200   1.000  0.475  14.573
201   1.000  0.476  15.340
202   1.000  0.476  16.107
203   1.000  0.477  15.340
204   1.000  0.478  15.340
205   1.000  0.479  16.107
206   1.000  0.480  16.107
207   1.000  0.481  16.874
208   1.000  0.482  16.107
209   1.000  0.483  16.107
210   1.000  0.484  17.641
211   1.000  0.484  16.874
212   1.000  0.485  17.641
213   1.000  0.486  17.641
214   1.000  0.487  17.641
215   1.000  0.487  18.408
216   1.000  0.488  18.408
217   1.000  0.489  18.408
218   1.000  0.489  19.175
219   1.000  0.490  18.408
220   1.000  0.491  19.175
221   1.000  0.491  19.942
222   1.000  0.492  19.175
223   1.000  0.492  19.942
224   1.000  0.493  19.942
225   1.000  0.493  19.942
226   1.000  0.494  19.942
227   1.000  0.494  21.476
228   1.000  0.495  19.942
229   1.000  0.495  21.476
230   1.000  0.496  21.476
231   1.000  0.496  21.476
232   1.000  0.496  21.476
233   1.000  0.497  22.243
234   1.000  0.497  21.476
235   1.000  0.497  23.010
236   1.000  0.498  22.243
237   1.000  0.498  23.010
238   1.000  0.498  23.010
239   1.000  0.499  23.010
240   1.000  0.499  23.777
241   1.000  0.499  23.777
242   1.000  0.499  24.544
243   1.000  0.499  23.777
244   1.000  0.500  24.544
245   1.000  0.500  24.544
246   1.000  0.500  25.311
247   1.000  0.500  25.311
248   1.000  0.500  25.311
249   1.000  0.500  26.078
250   1.000  0.500  26.078
251   1.000  0.500  26.845
252   1.000  0.500  26.845
253   1.000  0.500  26.845
254   1.000  0.500  26.845
255   1.000  0.500  26.845
256   1.000  0.500  28.378
257   1.000  0.500  27.612
258   1.000  0.500  28.379
259   1.000  0.499  28.378
260   1.000  0.499  29.146
261   1.000  0.499  29.146
262   1.000  0.499  29.145
263   1.000  0.499  29.146
264   1.000  0.498  29.913
265   1.000  0.498  29.912
266   1.000  0.498  30.680
267   1.000  0.497  30.680
268   1.000  0.497  30.679
269   1.000  0.497  30.680
270   1.000  0.496  31.447
271   1.000  0.496  32.213
272   1.000  0.496  32.214
273   1.000  0.495  32.213
274   1.000  0.495  32.981
275   1.000  0.494  32.214
276   1.000  0.494  33.747
277   1.000  0.493  32.981
278   1.000  0.493  33.747
279   1.000  0.492  33.748
280   1.000  0.492  34.515
281   1.000  0.491  34.514
282   1.000  0.491  35.282
283   1.000  0.490  34.514
284   1.000  0.489  36.049
285   1.000  0.489  36.048
286   1.000  0.488  35.282
287   1.000  0.487  36.816
288   1.000  0.487  36.048
289   1.000  0.486  36.816
290   1.000  0.485  36.815
291   1.000  0.484  37.583
292   1.000  0.484  37.582
293   1.000  0.483  37.583
294   1.000  0.482  39.117
295   1.000  0.481  38.349
296   1.000  0.480  38.350
297   1.000  0.479  39.116
298   1.000  0.478  39.117
299   1.000  0.477  39.883
300   1.000  0.476  40.651
301   1.000  0.476  39.883
302   1.000  0.475  40.651
303   1.000  0.474  41.417
304   1.000  0.473  40.651
305   1.000  0.471  41.417
306   1.000  0.470  42.185
307   1.000  0.469  41.417
308   1.000  0.468  42.952
309   1.000  0.467  42.184
310   1.000  0.466  42.952
311   1.000  0.465  42.952
312   1.000  0.464  43.718
313   1.000  0.463  43.718
314   1.000  0.461  43.718
315   1.000  0.460  45.253
316   1.000  0.459  43.718
317   1.000  0.458  45.252
318   1.000  0.456  46.020
319   1.000  0.455  45.252
320   1.000  0.454  46.020
321   1.000  0.452  46.019
322   1.000  0.451  46.787
323   1.000  0.450  46.786
324   1.000  0.448  46.786
325   1.000  0.447  47.554
326   1.000  0.446  47.554
327   1.000  0.444  48.320
328   1.000  0.443  48.320
329   1.000  0.441  48.320
330   1.000  0.440  49.088
331   1.000  0.438  49.088
332   1.000  0.437  49.854
333   1.000  0.435  49.854
334   1.000  0.434  50.622
335   1.000  0.432  50.621
336   1.000  0.430  51.389
337   1.000  0.429  50.621
338   1.000  0.427  51.389
339   1.000  0.425  52.155
340   1.000  0.424  52.922
341   1.000  0.422  52.155
342   1.000  0.420  52.922
343   1.000  0.419  52.922
344   1.000  0.417  53.689
345   1.000  0.415  54.456
346   1.000  0.414  54.456
347   1.000  0.412  54.457
348   1.000  0.410  55.223
349   1.000  0.408  55.990
350   1.000  0.406  55.991
351   1.000  0.405  55.990
352   1.000  0.403  55.990
353   1.000  0.401  56.757
354   1.000  0.399  56.757
355   1.000  0.397  57.524
356   1.000  0.395  57.525
357   1.000  0.393  58.291
358   1.000  0.391  59.058
359   1.000  0.389  59.059
360   1.000  0.387  59.058
361   1.000  0.385  59.825
362   1.000  0.383  59.825
363   1.000  0.381  60.592
364   1.000  0.379  60.592
365   1.000  0.377  61.359
366   1.000  0.375  62.126
367   1.000  0.373  61.359
368   1.000  0.371  62.126
369   1.000  0.369  62.893
370   1.000  0.367  62.893
371   1.000  0.364  62.893
372   1.000  0.362  63.660
373   1.000  0.360  64.427
374   1.000  0.358  64.427
375   1.000  0.356  65.194
376   1.000  0.354  65.194
377   1.000  0.351  65.194
378   1.000  0.349  65.961
379   1.000  0.347  66.728
380   1.000  0.345  66.728
381   1.000  0.342  66.728
382   1.000  0.340  67.495
383   1.000  0.338  67.495
384   1.000  0.335  68.262
385   1.000  0.333  68.262
386   1.000  0.331  69.029
387   1.000  0.328  69.797
388   1.000  0.326  69.796
389   1.000  0.324  69.797
390   1.000  0.321  70.563
391   1.000  0.319  70.562
392   1.000  0.316  71.330
393   1.000  0.314  71.330
394   1.000  0.311  72.098
395   1.000  0.309  72.864
396   1.000  0.306  72.865
397   1.000  0.304  72.864
398   1.000  0.301  73.631
399   1.000  0.299  73.631
400   1.000  0.296  73.631
401   1.000  0.294  75.165
402   1.000  0.291  75.165
403   1.000  0.289  74.398
404   1.000  0.286  75.933
405   1.000  0.284  75.932
406   1.000  0.281  76.699
407   1.000  0.278  76.699
408   1.000  0.276  76.699
409   1.000  0.273  77.466
410   1.000  0.271  78.233
411   1.000  0.268  78.233
412   1.000  0.265  78.233
413   1.000  0.263  79.000
414   1.000  0.260  79.000
415   1.000  0.257  79.767
416   1.000  0.255  79.767
417   1.000  0.252  80.534
418   1.000  0.249  80.534
419   1.000  0.246  81.301
420   1.000  0.244  81.302
421   1.000  0.241  81.301
422   1.000  0.238  82.067
423   1.000  0.235  82.068
424   1.000  0.233  82.835
425   1.000  0.230  83.602
426   1.000  0.227  83.602
427   1.000  0.224  83.602
428   1.000  0.221  85.135
429   1.000  0.219  84.369
430   1.000  0.216  85.136
431   1.000  0.213  85.135
432   1.000  0.210  85.903
433   1.000  0.207  85.903
434   1.000  0.204  86.670
435   1.000  0.201  86.670
436   1.000  0.199  88.203
437   1.000  0.196  88.204
438   1.000  0.193  88.203
439   1.000  0.190  88.204
440   1.000  0.187  88.203
441   1.000  0.184  89.738
442   1.000  0.181  89.738
443   1.000  0.178  90.505
444   1.000  0.175  89.738
445   1.000  0.172  90.506
446   1.000  0.169  91.271
447   1.000  0.166  92.039
448   1.000  0.163  92.039
449   1.000  0.160  92.038
450   1.000  0.157  92.806
451   1.000  0.155  92.806
452   1.000  0.152  93.573
453   1.000  0.149  93.574
454   1.000  0.146  95.106
455   1.000  0.143  94.340
456   1.000  0.139  95.107
457   1.000  0.136  95.106
458   1.000  0.133  95.874
459   1.000  0.130  95.107
460   1.000  0.127  96.641
461   1.000  0.124  96.641
462   1.000  0.121  97.408
463   1.000  0.118  96.641
464   1.000  0.115  97.408
465   1.000  0.112  98.941
466   1.000  0.109  97.408
467   1.000  0.106  98.942
468   1.000  0.103  98.942
469   1.000  0.100  98.942
470   1.000  0.097  99.709
471   1.000  0.094  99.709
472   1.000  0.091  100.476
473   1.000  0.088  99.709
474   1.000  0.084  100.475
475   1.000  0.081  101.243
476   1.000  0.078  101.243
477   1.000  0.075  101.242
478   1.000  0.072  102.011
479   1.000  0.069  102.009
480   1.000  0.066  102.777
481   1.000  0.063  102.009
482   1.000  0.060  102.777
483   1.000  0.056  102.776
484   1.000  0.053  103.544
485   1.000  0.050  104.311
486   1.000  0.047  103.544
487   1.000  0.044  104.311
488   1.000  0.041  104.309
489   1.000  0.038  105.078
490   1.000  0.035  104.311
491   1.000  0.031  105.844
492   1.000  0.028  105.078
493   1.000  0.025  105.844
494   1.000  0.022  105.844
495   1.000  0.019  105.846
496   1.000  0.016  105.844
497   1.000  0.013  106.611
498   1.000  0.009  107.378
499   1.000  0.006  106.611
500   1.000  0.003  107.380
501   1.000  0.000  108.145
502   1.000  -0.003  107.380
503   1.000  -0.006  107.378
504   1.000  -0.009  108.145
505   1.000  -0.013  108.913
506   1.000  -0.016  108.913
507   1.000  -0.019  108.912
508   1.000  -0.022  108.913
509   1.000  -0.025  109.678
510   1.000  -0.028  109.680
511   1.000  -0.031  109.680
512   1.000  -0.035  110.447
513   1.000  -0.038  110.447
514   1.000  -0.041  109.678
515   1.000  -0.044  111.214
516   1.000  -0.047  111.214
517   1.000  -0.050  111.214
518   1.000  -0.053  111.214
519   1.000  -0.056  111.214
520   1.000  -0.060  111.214
521   1.000  -0.063  111.980
522   1.000  -0.066  111.980
523   1.000  -0.069  111.980
524   1.000  -0.072  111.980
525   1.000  -0.075  112.749
526   1.000  -0.078  112.747
527   1.000  -0.081  112.747
528   1.000  -0.084  113.514
529   1.000  -0.088  112.747
530   1.000  -0.091  113.516
531   1.000  -0.094  113.514
532   1.000  -0.097  113.514
533   1.000  -0.100  113.516
534   1.000  -0.103  114.281
535   1.000  -0.106  114.283
536   1.000  -0.109  114.281
537   1.000  -0.112  114.283
538   1.000  -0.115  114.281
539   1.000  -0.118  114.283
540   1.000  -0.121  115.047
541   1.000  -0.124  115.049
542   1.000  -0.127  115.047
543   1.000  -0.130  115.049
544   1.000  -0.133  115.047
545   1.000  -0.136  115.816
546   1.000  -0.139  115.816
547   1.000  -0.143  115.047
548   1.000  -0.146  115.816
549   1.000  -0.149  115.816
550   1.000  -0.152  115.816
551   1.000  -0.155  115.814
552   1.000  -0.157  116.583
553   1.000  -0.160  115.816
554   1.000  -0.163  116.583
555   1.000  -0.166  116.581
556   1.000  -0.169  116.583
557   1.000  -0.172  116.583
558   1.000  -0.175  116.583
559   1.000  -0.178  116.583
560   1.000  -0.181  116.583
561   1.000  -0.184  117.350
562   1.000  -0.187  116.581
563   1.000  -0.190  116.583
564   1.000  -0.193  117.350
565   1.000  -0.196  117.350
566   1.000  -0.199  116.583
567   1.000  -0.201  117.350
568   1.000  -0.204  117.350
569   1.000  -0.207  117.350
570   1.000  -0.210  117.350
571   1.000  -0.213  118.116
572   1.000  -0.216  117.350
573   1.000  -0.219  117.350
574   1.000  -0.221  118.116
575   1.000  -0.224  117.350
576   1.000  -0.227  118.116
577   1.000  -0.230  117.350
578   1.000  -0.233  118.116
579   1.000  -0.235  117.350
580   1.000  -0.238  117.350
581   1.000  -0.241  118.116
582   1.000  -0.244  118.116
583   1.000  -0.246  118.116
584   1.000  -0.249  117.350
585   1.000  -0.252  117.350
586   1.000  -0.255  117.350
587   1.000  -0.257  117.350
588   1.000  -0.260  117.350
589   1.000  -0.263  118.116
590   1.000  -0.265  117.350
591   1.000  -0.268  117.350
592   1.000  -0.271  117.350
593   1.000  -0.273  117.350
594   1.000  -0.276  117.348
595   1.000  -0.278  116.583
596   1.000  -0.281  117.350
597   1.000  -0.284  116.583
598   1.000  -0.286  117.350
599   1.000  -0.289  116.583
600   1.000  -0.291  116.583
601   1.000  -0.294  116.583
602   1.000  -0.296  116.581
603   1.000  -0.299  116.583
604   1.000  -0.301  116.583
605   1.000  -0.304  115.816
606   1.000  -0.306  116.583
607   1.000  -0.309  115.047
608   1.000  -0.311  115.816
609   1.000  -0.314  116.583
610   1.000  -0.316  116.581
611   1.000  -0.319  115.816
612   1.000  -0.321  115.049
613   1.000  -0.324  115.814
614   1.000  -0.326  115.049
615   1.000  -0.328  115.049
616   1.000  -0.331  115.047
617   1.000  -0.333  115.816
618   1.000  -0.335  115.047
619   1.000  -0.338  115.051
620   1.000  -0.340  115.047
621   1.000  -0.342  115.047
622   1.000  -0.345  114.281
623   1.000  -0.347  115.051
624   1.000  -0.349  115.047
625   1.000  -0.351  114.281
626   1.000  -0.354  114.281
627   1.000  -0.356  113.518
628   1.000  -0.358  114.281
629   1.000  -0.360  114.281
630   1.000  -0.362  113.514
631   1.000  -0.364  113.514
632   1.000  -0.367  113.514
633   1.000  -0.369  112.751
634   1.000  -0.371  113.514
635   1.000  -0.373  112.747
636   1.000  -0.375  112.747
637   1.000  -0.377  112.747
638   1.000  -0.379  112.747
639   1.000  -0.381  111.980
640   1.000  -0.383  111.980
641   1.000  -0.385  111.214
642   1.000  -0.387  111.980
643   1.000  -0.389  111.214
644   1.000  -0.391  111.214
645   1.000  -0.393  111.214
646   1.000  -0.395  110.447
647   1.000  -0.397  111.214
648   1.000  -0.399  110.447
649   1.000  -0.401  109.680
650   1.000  -0.403  109.680
651   1.000  -0.405  110.447
652   1.000  -0.406  109.680
653   1.000  -0.408  108.910
654   1.000  -0.410  108.913
655   1.000  -0.412  108.913
656   1.000  -0.414  108.913
657   1.000  -0.415  108.143
658   1.000  -0.417  107.380
659   1.000  -0.419  108.147
660   1.000  -0.420  108.147
661   1.000  -0.422  106.609
662   1.000  -0.424  107.380
663   1.000  -0.425  106.609
664   1.000  -0.427  106.613
665   1.000  -0.429  106.613
666   1.000  -0.430  106.609
667   1.000  -0.432  105.846
668   1.000  -0.434  105.076
669   1.000  -0.435  105.080
670   1.000  -0.437  105.076
671   1.000  -0.438  105.080
672   1.000  -0.440  104.309
673   1.000  -0.441  103.546
674   1.000  -0.443  104.309
675   1.000  -0.444  103.542
676   1.000  -0.446  102.779
677   1.000  -0.447  103.542
678   1.000  -0.448  102.776
679   1.000  -0.450  102.013
680   1.000  -0.451  102.009
681   1.000  -0.452  102.009
682   1.000  -0.454  101.242
683   1.000  -0.455  101.242
684   1.000  -0.456  101.246
685   1.000  -0.458  100.475
686   1.000  -0.459  100.475
687   1.000  -0.460  99.709
688   1.000  -0.461  99.709
689   1.000  -0.463  98.942
690   1.000  -0.464  98.942
691   1.000  -0.465  98.942
692   1.000  -0.466  98.175
693   1.000  -0.467  97.408
694   1.000  -0.468  97.404
695   1.000  -0.469  97.408
696   1.000  -0.470  96.642
697   1.000  -0.471  96.642
698   1.000  -0.473  95.875
699   1.000  -0.474  95.871
700   1.000  -0.475  95.108
701   1.000  -0.476  94.341
702   1.000  -0.476  94.337
703   1.000  -0.477  94.341
704   1.000  -0.478  93.575
705   1.000  -0.479  93.571
706   1.000  -0.480  92.037
707   1.000  -0.481  92.808
708   1.000  -0.482  92.037
709   1.000  -0.483  92.041
710   1.000  -0.484  91.270
711   1.000  -0.484  90.508
712   1.000  -0.485  90.504
713   1.000  -0.486  89.737
714   1.000  -0.487  89.737
715   1.000  -0.487  88.974
716   1.000  -0.488  88.970
717   1.000  -0.489  88.203
718   1.000  -0.489  87.437
719   1.000  -0.490  87.437
720   1.000  -0.491  86.670
721   1.000  -0.491  86.670
722   1.000  -0.492  85.903
723   1.000  -0.492  85.136
724   1.000  -0.493  85.903
725   1.000  -0.493  83.599
726   1.000  -0.494  84.370
727   1.000  -0.494  84.370
728   1.000  -0.495  82.836
729   1.000  -0.495  82.066
730   1.000  -0.496  82.836
731   1.000  -0.496  82.069
732   1.000  -0.496  81.299
733   1.000  -0.497  82.069
734   1.000  -0.497  79.765
735   1.000  -0.497  79.769
736   1.000  -0.498  78.999
737   1.000  -0.498  79.769
738   1.000  -0.498  78.232
739   1.000  -0.499  78.232
740   1.000  -0.499  77.465
741   1.000  -0.499  77.469
742   1.000  -0.499  76.698
743   1.000  -0.499  75.932
744   1.000  -0.500  75.932
745   1.000  -0.500  75.165
746   1.000  -0.500  75.165
747   1.000  -0.500  74.398
748   1.000  -0.500  73.631
749   1.000  -0.500  72.865
750   1.000  -0.500  72.865
751   1.000  -0.500  72.098
752   1.000  -0.500  72.098
753   1.000  -0.500  71.327
754   1.000  -0.500  70.564
755   1.000  -0.500  70.564
756   1.000  -0.500  69.794
757   1.000  -0.500  69.031
758   1.000  -0.500  68.264
759   1.000  -0.499  68.260
760   1.000  -0.499  67.497
761   1.000  -0.499  67.493
762   1.000  -0.499  66.727
763   1.000  -0.499  65.964
764   1.000  -0.498  65.960
765   1.000  -0.498  64.426
766   1.000  -0.498  64.426
767   1.000  -0.497  63.663
768   1.000  -0.497  63.660
769   1.000  -0.497  62.893
770   1.000  -0.496  62.126
771   1.000  -0.496  61.359
772   1.000  -0.496  61.359
773   1.000  -0.495  60.593
774   1.000  -0.495  59.822
775   1.000  -0.494  59.059
776   1.000  -0.494  58.292
777   1.000  -0.493  58.292
778   1.000  -0.493  57.522
779   1.000  -0.492  56.759
780   1.000  -0.492  55.988
781   1.000  -0.491  55.992
782   1.000  -0.491  55.222
783   1.000  -0.490  54.459
784   1.000  -0.489  53.688
785   1.000  -0.489  52.921
786   1.000  -0.488  52.158
787   1.000  -0.487  52.155
788   1.000  -0.487  51.388
789   1.000  -0.486  50.621
790   1.000  -0.485  49.854
791   1.000  -0.484  49.088
792   1.000  -0.484  49.088
793   1.000  -0.483  48.321
794   1.000  -0.482  47.554
795   1.000  -0.481  46.783
796   1.000  -0.480  46.021
797   1.000  -0.479  46.021
798   1.000  -0.478  44.483
799   1.000  -0.477  44.487
800   1.000  -0.476  43.720
801   1.000  -0.476  42.950
802   1.000  -0.475  42.183
803   1.000  -0.474  41.420
804   1.000  -0.473  41.416
805   1.000  -0.471  39.883
806   1.000  -0.470  39.886
807   1.000  -0.469  38.349
808   1.000  -0.468  38.349
809   1.000  -0.467  38.349
810   1.000  -0.466  36.816
811   1.000  -0.465  36.049
812   1.000  -0.464  36.049
813   1.000  -0.463  34.512
814   1.000  -0.461  34.515
815   1.000  -0.460  33.749
816   1.000  -0.459  32.982
817   1.000  -0.458  31.445
818   1.000  -0.456  32.215
819   1.000  -0.455  30.678
820   1.000  -0.454  30.682
821   1.000  -0.452  29.144
822   1.000  -0.451  29.144
823   1.000  -0.450  28.381
824   1.000  -0.448  26.844
825   1.000  -0.447  26.844
826   1.000  -0.446  26.077
827   1.000  -0.444  26.077
828   1.000  -0.443  24.544
829   1.000  -0.441  24.544
830   1.000  -0.440  23.010
831   1.000  -0.438  23.010
832   1.000  -0.437  22.243
833   1.000  -0.435  21.473
834   1.000  -0.434  20.710
835   1.000  -0.432  20.710
836   1.000  -0.430  19.939
837   1.000  -0.429  18.410
838   1.000  -0.427  18.406
839   1.000  -0.425  17.643
840   1.000  -0.424  16.872
841   1.000  -0.422  16.109
842   1.000  -0.420  15.339
843   1.000  -0.419  14.572
844   1.000  -0.417  13.805
845   1.000  -0.415  12.272
846   1.000  -0.414  12.272
847   1.000  -0.412  12.272
848   1.000  -0.410  10.738
849   1.000  -0.408  9.972
850   1.000  -0.406  9.201
851   1.000  -0.405  9.205
852   1.000  -0.403  7.671
853   1.000  -0.401  7.668
854   1.000  -0.399  7.671
855   1.000  -0.397  6.138
856   1.000  -0.395  6.134
857   1.000  -0.393  5.367
858   1.000  -0.391  4.604
859   1.000  -0.389  4.601
860   1.000  -0.387  3.838
861   1.000  -0.385  3.834
862   1.000  -0.383  3.067
863   1.000  -0.381  3.067
864   1.000  -0.379  2.300
865   1.000  -0.377  1.537
866   1.000  -0.375  1.534
867   1.000  -0.373  1.534
868   1.000  -0.371  1.534
869   1.000  -0.369  0.767
870   1.000  -0.367  0.767
871   1.000  -0.364  0.000
872   1.000  -0.362  0.000
873   1.000  -0.360  0.767
874   1.000  -0.358  0.000
875   1.000  -0.356  -0.767
876   1.000  -0.354  0.000
877   1.000  -0.351  -0.767
878   1.000  -0.349  -0.767
879   1.000  -0.347  -0.767
880   1.000  -0.345  -0.767
881   1.000  -0.342  -1.534
882   1.000  -0.340  -0.767
883   1.000  -0.338  -1.534
884   1.000  -0.335  -0.771
885   1.000  -0.333  -1.534
886   1.000  -0.331  -1.534
887   1.000  -0.328  -1.534
888   1.000  -0.326  -1.534
889   1.000  -0.324  -0.767
890   1.000  -0.321  -2.300
891   1.000  -0.319  -1.534
892   1.000  -0.316  -1.534
893   1.000  -0.314  -1.537
894   1.000  -0.311  -1.534
895   1.000  -0.309  -1.534
896   1.000  -0.306  -1.534
897   1.000  -0.304  -2.300
898   1.000  -0.301  -1.534
899   1.000  -0.299  -1.534
900   1.000  -0.296  -2.304
901   1.000  -0.294  -1.534
902   1.000  -0.291  -1.534
903   1.000  -0.289  -2.300
904   1.000  -0.286  -1.534
905   1.000  -0.284  -2.300
906   1.000  -0.281  -2.304
907   1.000  -0.278  -1.534
908   1.000  -0.276  -2.300
909   1.000  -0.273  -2.300
910   1.000  -0.271  -2.300
911   1.000  -0.268  -2.300
912   1.000  -0.265  -2.304
913   1.000  -0.263  -3.067
914   1.000  -0.260  -2.300
915   1.000  -0.257  -2.300
916   1.000  -0.255  -3.067
917   1.000  -0.252  -2.304
918   1.000  -0.249  -3.067
919   1.000  -0.246  -3.067
920   1.000  -0.244  -2.300
921   1.000  -0.241  -3.071
922   1.000  -0.238  -3.067
923   1.000  -0.235  -3.067
924   1.000  -0.233  -3.067
925   1.000  -0.230  -3.838
926   1.000  -0.227  -3.067
927   1.000  -0.224  -3.067
928   1.000  -0.221  -3.067
929   1.000  -0.219  -3.838
930   1.000  -0.216  -3.067
931   1.000  -0.213  -3.067
932   1.000  -0.210  -3.834
933   1.000  -0.207  -3.071
934   1.000  -0.204  -3.834
935   1.000  -0.201  -3.067
936   1.000  -0.199  -3.838
937   1.000  -0.196  -3.067
938   1.000  -0.193  -3.834
939   1.000  -0.190  -3.067
940   1.000  -0.187  -3.838
941   1.000  -0.184  -3.067
942   1.000  -0.181  -3.834
943   1.000  -0.178  -3.071
944   1.000  -0.175  -3.834
945   1.000  -0.172  -3.067
946   1.000  -0.169  -3.834
947   1.000  -0.166  -3.838
948   1.000  -0.163  -3.834
949   1.000  -0.160  -3.834
950   1.000  -0.157  -3.071
951   1.000  -0.155  -3.834
952   1.000  -0.152  -3.834
953   1.000  -0.149  -3.834
954   1.000  -0.146  -3.838
955   1.000  -0.143  -3.834
956   1.000  -0.139  -3.834
957   1.000  -0.136  -3.838
958   1.000  -0.133  -3.067
959   1.000  -0.130  -3.834
960   1.000  -0.127  -3.838
961   1.000  -0.124  -3.834
962   1.000  -0.121  -3.834
963   1.000  -0.118  -3.838
964   1.000  -0.115  -3.834
965   1.000  -0.112  -4.601
966   1.000  -0.109  -3.838
967   1.000  -0.106  -3.834
968   1.000  -0.103  -3.834
969   1.000  -0.100  -3.834
970   1.000  -0.097  -3.838
971   1.000  -0.094  -3.834
972   1.000  -0.091  -3.834
973   1.000  -0.088  -3.838
974   1.000  -0.084  -3.834
975   1.000  -0.081  -3.834
976   1.000  -0.078  -3.838
977   1.000  -0.075  -3.834
978   1.000  -0.072  -3.834
979   1.000  -0.069  -3.838
980   1.000  -0.066  -3.834
981   1.000  -0.063  -3.834
982   1.000  -0.060  -3.834
983   1.000  -0.056  -3.838
984   1.000  -0.053  -3.834
985   1.000  -0.050  -3.834
986   1.000  -0.047  -3.071
987   1.000  -0.044  -3.834
988   1.000  -0.041  -3.067
989   1.000  -0.038  -3.838
990   1.000  -0.035  -3.067
991   1.000  -0.031  -3.067
992   1.000  -0.028  -3.067
993   1.000  -0.025  -3.071
994   1.000  -0.022  -2.300
995   1.000  -0.019  -2.300
996   1.000  -0.016  -2.300
997   1.000  -0.013  -2.300
998   1.000  -0.009  -2.300
999   1.000  -0.006  -1.537
1000   1.000  -0.003  -1.534
1001   1.000  -0.000  -1.534
1002   1.000  0.003  -1.534
1003   1.000  0.006  -1.534
1004   1.000  0.009  -0.767
1005   1.000  0.013  -0.767
1006   1.000  0.016  -0.767
1007   1.000  0.019  0.000
1008   1.000  0.022  0.000
1009   1.000  0.025  -0.767
1010   1.000  0.028  0.000
1011   1.000  0.031  0.767
1012   1.000  0.035  0.000
1013   1.000  0.038  0.767
1014   1.000  0.041  0.767
1015   1.000  0.044  0.767
1016   1.000  0.047  0.767
1017   1.000  0.050  0.767
1018   1.000  0.053  1.534
1019   1.000  0.056  1.534
1020   1.000  0.060  1.534
1021   1.000  0.063  1.537
1022   1.000  0.066  1.534
1023   1.000  0.069  1.534
1024   1.000  0.072  1.534
1025   1.000  0.075  1.534
1026   1.000  0.078  2.300
1027   1.000  0.081  1.534
1028   1.000  0.084  2.304
1029   1.000  0.088  2.300
1030   1.000  0.091  2.300
1031   1.000  0.094  2.300
1032   1.000  0.097  1.534
1033   1.000  0.100  2.300
1034   1.000  0.103  2.304
1035   1.000  0.106  2.300
1036   1.000  0.109  2.300
1037   1.000  0.112  2.300
1038   1.000  0.115  2.300
1039   1.000  0.118  2.304
1040   1.000  0.121  2.300
1041   1.000  0.124  2.300
1042   1.000  0.127  2.300
1043   1.000  0.130  2.300
1044   1.000  0.133  2.300
1045   1.000  0.136  2.304
1046   1.000  0.139  2.300
1047   1.000  0.143  1.534
1048   1.000  0.146  2.300
1049   1.000  0.149  2.300
1050   1.000  0.152  1.534
1051   1.000  0.155  2.304
1052   1.000  0.157  1.534
1053   1.000  0.160  2.300
1054   1.000  0.163  1.534
1055   1.000  0.166  2.300
1056   1.000  0.169  1.534
1057   1.000  0.172  1.537
1058   1.000  0.175  2.300
1059   1.000  0.178  1.534
1060   1.000  0.181  1.534
1061   1.000  0.184  1.534
1062   1.000  0.187  2.300
1063   1.000  0.190  1.534
1064   1.000  0.193  1.537
1065   1.000  0.196  2.300
1066   1.000  0.199  1.534
1067   1.000  0.201  1.534
1068   1.000  0.204  2.300
1069   1.000  0.207  1.534
1070   1.000  0.210  1.534
1071   1.000  0.213  2.304
1072   1.000  0.216  1.534
1073   1.000  0.219  1.534
1074   1.000  0.221  2.300
1075   1.000  0.224  1.534
1076   1.000  0.227  2.300
1077   1.000  0.230  1.534
1078   1.000  0.233  2.304
1079   1.000  0.235  1.534
1080   1.000  0.238  2.300
1081   1.000  0.241  1.534
1082   1.000  0.244  2.300
1083   1.000  0.246  2.300
1084   1.000  0.249  2.304
1085   1.000  0.252  1.534
1086   1.000  0.255  2.300
1087   1.000  0.257  2.300
1088   1.000  0.260  2.300
1089   1.000  0.263  2.300
1090   1.000  0.265  2.304
1091   1.000  0.268  3.067
1092   1.000  0.271  2.300
1093   1.000  0.273  2.300
1094   1.000  0.276  3.071
1095   1.000  0.278  2.300
1096   1.000  0.281  3.067
1097   1.000  0.284  2.300
1098   1.000  0.286  3.067
1099   1.000  0.289  3.071
1100   1.000  0.291  3.067
1101   1.000  0.294  3.067
1102   1.000  0.296  3.067
1103   1.000  0.299  3.071
1104   1.000  0.301  3.834
1105   1.000  0.304  3.067
1106   1.000  0.306  3.834
1107   1.000  0.309  3.838
1108   1.000  0.311  3.067
1109   1.000  0.314  3.834
1110   1.000  0.316  3.838
1111   1.000  0.319  3.834
1112   1.000  0.321  4.601
1113   1.000  0.324  3.838
1114   1.000  0.326  4.601
1115   1.000  0.328  4.601
1116   1.000  0.331  4.604
1117   1.000  0.333  4.601
1118   1.000  0.335  4.604
1119   1.000  0.338  5.367
1120   1.000  0.340  5.367
1121   1.000  0.342  5.371
1122   1.000  0.345  5.367
1123   1.000  0.347  6.138
1124   1.000  0.349  5.367
1125   1.000  0.351  6.138
1126   1.000  0.354  5.367
1127   1.000  0.356  6.138
1128   1.000  0.358  6.901
1129   1.000  0.360  6.138
1130   1.000  0.362  6.901
1131   1.000  0.364  7.671
1132   1.000  0.367  6.901
1133   1.000  0.369  7.671
1134   1.000  0.371  7.671
1135   1.000  0.373  7.668
1136   1.000  0.375  8.438
1137   1.000  0.377  8.438
1138   1.000  0.379  8.434
1139   1.000  0.381  9.205
1140   1.000  0.383  8.438
1141   1.000  0.385  9.201
1142   1.000  0.387  8.438
1143   1.000  0.389  9.205
1144   1.000  0.391  8.438
1145   1.000  0.393  9.968
1146   1.000  0.395  9.205
1147   1.000  0.397  8.438
1148   1.000  0.399  9.205
1149   1.000  0.401  9.201
1150   1.000  0.403  9.205
1151   1.000  0.405  9.205
1152   1.000  0.406  9.205
1153   1.000  0.408  9.968
1154   1.000  0.410  9.205
1155   1.000  0.412  9.972
1156   1.000  0.414  9.205
1157   1.000  0.415  9.968
1158   1.000  0.417  9.972
1159   1.000  0.419  10.738
1160   1.000  0.420  9.972
1161   1.000  0.422  9.972
1162   1.000  0.424  10.738
1163   1.000  0.425  9.968
1164   1.000  0.427  10.738
1165   1.000  0.429  11.505
1166   1.000  0.430  10.738
1167   1.000  0.432  10.738
1168   1.000  0.434  10.738
1169   1.000  0.435  11.505
1170   1.000  0.437  12.272
1171   1.000  0.438  11.505
1172   1.000  0.440  12.272
1173   1.000  0.441  12.272
1174   1.000  0.443  12.272
1175   1.000  0.444  13.039
1176   1.000  0.446  12.272
1177   1.000  0.447  13.039
1178   1.000  0.448  13.039
1179   1.000  0.450  12.272
1180   1.000  0.451  13.805
1181   1.000  0.452  13.039
1182   1.000  0.454  13.039
1183   1.000  0.455  13.805
1184   1.000  0.456  13.039
1185   1.000  0.458  13.805
1186   1.000  0.459  13.805
1187   1.000  0.460  13.805
1188   1.000  0.461  14.576
1189   1.000  0.463  13.805
1190   1.000  0.464  14.572
1191   1.000  0.465  14.572
1192   1.000  0.466  14.572
1193   1.000  0.467  14.572
1194   1.000  0.468  15.343
1195   1.000  0.469  15.339
1196   1.000  0.470  15.339
1197   1.000  0.471  15.339
1198   1.000  0.473  16.876
1199   1.000  0.474  15.339
1200   1.000  0.475  16.872
1201   1.000  0.476  16.876
1202   1.000  0.476  16.872
1203   1.000  0.477  16.872
1204   1.000  0.478  16.876
1205   1.000  0.479  17.639
1206   1.000  0.480  16.876
1207   1.000  0.481  17.639
1208   1.000  0.482  18.410
1209   1.000  0.483  17.639
1210   1.000  0.484  18.406
1211   1.000  0.484  18.410
1212   1.000  0.485  19.173
1213   1.000  0.486  19.176
1214   1.000  0.487  18.410
1215   1.000  0.487  19.939
1216   1.000  0.488  19.943
1217   1.000  0.489  19.939
1218   1.000  0.489  20.710
1219   1.000  0.490  20.710
1220   1.000  0.491  20.706
1221   1.000  0.491  21.477
1222   1.000  0.492  21.477
1223   1.000  0.492  21.477
1224   1.000  0.493  21.473
1225   1.000  0.493  22.243
1226   1.000  0.494  22.243
1227   1.000  0.494  22.243
1228   1.000  0.495  23.010
1229   1.000  0.495  22.240
1230   1.000  0.496  23.777
1231   1.000  0.496  23.010
1232   1.000  0.496  23.777
1233   1.000  0.497  24.544
1234   1.000  0.497  24.544
1235   1.000  0.497  24.544
1236   1.000  0.498  24.544
1237   1.000  0.498  25.311
1238   1.000  0.498  25.311
1239   1.000  0.499  26.077
1240   1.000  0.499  26.077
1241   1.000  0.499  25.311
1242   1.000  0.499  26.844
1243   1.000  0.499  26.081
1244   1.000  0.500  26.844
1245   1.000  0.500  27.611
1246   1.000  0.500  26.844
1247   1.000  0.500  28.378
1248   1.000  0.500  28.381
1249   1.000  0.500  28.378
1250   1.000  0.500  28.378
1251   1.000  0.500  28.381
1252   1.000  0.500  29.911
1253   1.000  0.500  28.378
1254   1.000  0.500  30.682
1255   1.000  0.500  29.144
1256   1.000  0.500  30.682
1257   1.000  0.500  30.678
1258   1.000  0.500  31.448
1259   1.000  0.499  30.678
1260   1.000  0.499  32.215
1261   1.000  0.499  31.445
1262   1.000  0.499  32.215
1263   1.000  0.499  32.211
1264   1.000  0.498  32.982
1265   1.000  0.498  32.982
1266   1.000  0.498  33.745
1267   1.000  0.497  33.749
1268   1.000  0.497  33.749
1269   1.000  0.497  34.515
1270   1.000  0.496  34.515
1271   1.000  0.496  35.278
1272   1.000  0.496  34.515
1273   1.000  0.495  36.049
1274   1.000  0.495  35.282
1275   1.000  0.494  36.816
1276   1.000  0.494  36.049
1277   1.000  0.493  36.816
1278   1.000  0.493  37.582
1279   1.000  0.492  37.582
1280   1.000  0.492  37.582
1281   1.000  0.491  38.349
1282   1.000  0.491  38.349
1283   1.000  0.490  39.116
1284   1.000  0.489  39.116
1285   1.000  0.489  39.886
1286   1.000  0.488  39.883
1287   1.000  0.487  39.883
1288   1.000  0.487  40.649
1289   1.000  0.486  41.420
1290   1.000  0.485  40.649
1291   1.000  0.484  42.183
1292   1.000  0.484  41.420
1293   1.000  0.483  42.183
1294   1.000  0.482  42.953
1295   1.000  0.481  42.950
1296   1.000  0.480  43.720
1297   1.000  0.479  43.716
1298   1.000  0.478  44.487
1299   1.000  0.477  44.483
1300   1.000  0.476  44.487
1301   1.000  0.476  45.254
1302   1.000  0.475  45.250
1303   1.000  0.474  46.021
1304   1.000  0.473  46.021
1305   1.000  0.471  47.550
1306   1.000  0.470  46.787
1307   1.000  0.469  46.787
1308   1.000  0.468  47.554
1309   1.000  0.467  48.321
1310   1.000  0.466  48.321
1311   1.000  0.465  48.321
1312   1.000  0.464  49.854
1313   1.000  0.463  49.088
1314   1.000  0.461  49.854
1315   1.000  0.460  49.854
1316   1.000  0.459  50.621
1317   1.000  0.458  51.388
1318   1.000  0.456  51.388
1319   1.000  0.455  52.155
1320   1.000  0.454  51.388
1321   1.000  0.452  52.158
1322   1.000  0.451  52.921
1323   1.000  0.450  53.688
1324   1.000  0.448  52.921
1325   1.000  0.447  54.459
1326   1.000  0.446  53.688
1327   1.000  0.444  54.459
1328   1.000  0.443  55.222
1329   1.000  0.441  55.222
1330   1.000  0.440  55.992
1331   1.000  0.438  55.992
1332   1.000  0.437  56.755
1333   1.000  0.435  56.759
1334   1.000  0.434  57.522
1335   1.000  0.432  57.526
1336   1.000  0.430  57.526
1337   1.000  0.429  58.289
1338   1.000  0.427  59.059
1339   1.000  0.425  59.059
1340   1.000  0.424  59.059
1341   1.000  0.422  59.822
1342   1.000  0.420  60.593
1343   1.000  0.419  60.593
1344   1.000  0.417  61.359
1345   1.000  0.415  61.359
1346   1.000  0.414  62.126
1347   1.000  0.412  62.126
1348   1.000  0.410  62.893
1349   1.000  0.408  63.660
1350   1.000  0.406  62.893
1351   1.000  0.405  64.430
1352   1.000  0.403  63.660
1353   1.000  0.401  65.193
1354   1.000  0.399  65.193
1355   1.000  0.397  65.197
1356   1.000  0.395  66.727
1357   1.000  0.393  66.727
1358   1.000  0.391  67.497
1359   1.000  0.389  67.493
1360   1.000  0.387  67.497
1361   1.000  0.385  68.260
1362   1.000  0.383  68.264
1363   1.000  0.381  69.027
1364   1.000  0.379  69.798
1365   1.000  0.377  69.798
1366   1.000  0.375  70.560
1367   1.000  0.373  70.564
1368   1.000  0.371  71.331
1369   1.000  0.369  72.098
1370   1.000  0.367  72.094
1371   1.000  0.364  72.865
1372   1.000  0.362  72.865
1373   1.000  0.360  73.631
1374   1.000  0.358  73.631
1375   1.000  0.356  75.165
1376   1.000  0.354  74.398
1377   1.000  0.351  75.165
1378   1.000  0.349  75.165
1379   1.000  0.347  76.698
1380   1.000  0.345  76.702
1381   1.000  0.342  77.465
1382   1.000  0.340  77.465
1383   1.000  0.338  77.465
1384   1.000  0.335  79.002
1385   1.000  0.333  78.232
1386   1.000  0.331  79.769
1387   1.000  0.328  79.765
1388   1.000  0.326  80.536
1389   1.000  0.324  80.532
1390   1.000  0.321  80.536
1391   1.000  0.319  82.066
1392   1.000  0.316  82.069
1393   1.000  0.314  82.066
1394   1.000  0.311  83.603
1395   1.000  0.309  83.603
1396   1.000  0.306  83.603
1397   1.000  0.304  84.366
1398   1.000  0.301  85.136
1399   1.000  0.299  85.136
1400   1.000  0.296  85.903
1401   1.000  0.294  85.903
1402   1.000  0.291  85.903
1403   1.000  0.289  87.437
1404   1.000  0.286  87.437
1405   1.000  0.284  88.203
1406   1.000  0.281  88.203
1407   1.000  0.278  88.207
1408   1.000  0.276  89.737
1409   1.000  0.273  89.737
1410   1.000  0.271  90.504
1411   1.000  0.268  90.508
1412   1.000  0.265  91.270
1413   1.000  0.263  91.270
1414   1.000  0.260  92.041
1415   1.000  0.257  92.037
1416   1.000  0.255  92.808
1417   1.000  0.252  93.571
1418   1.000  0.249  93.575
1419   1.000  0.246  94.337
1420   1.000  0.244  94.341
1421   1.000  0.241  95.108
1422   1.000  0.238  95.104
1423   1.000  0.235  96.642
1424   1.000  0.233  95.875
1425   1.000  0.230  97.408
1426   1.000  0.227  97.408
1427   1.000  0.224  97.408
1428   1.000  0.221  98.942
1429   1.000  0.219  98.171
1430   1.000  0.216  99.712
1431   1.000  0.213  98.942
1432   1.000  0.210  101.242
1433   1.000  0.207  101.242
1434   1.000  0.204  100.475
1435   1.000  0.201  101.242
1436   1.000  0.199  102.009
1437   1.000  0.196  102.779
1438   1.000  0.193  103.542
1439   1.000  0.190  102.776
1440   1.000  0.187  104.313
1441   1.000  0.184  105.076
1442   1.000  0.181  104.313
1443   1.000  0.178  105.843
1444   1.000  0.175  105.846
1445   1.000  0.172  105.843
1446   1.000  0.169  106.613
1447   1.000  0.166  107.380
1448   1.000  0.163  108.147
1449   1.000  0.160  108.147
1450   1.000  0.157  108.910
1451   1.000  0.155  108.910
1452   1.000  0.152  108.917
1453   1.000  0.149  110.443
1454   1.000  0.146  110.451
1455   1.000  0.143  111.214
1456   1.000  0.139  111.214
1457   1.000  0.136  111.214
1458   1.000  0.133  111.977
1459   1.000  0.130  112.747
1460   1.000  0.127  113.518
1461   1.000  0.124  112.747
1462   1.000  0.121  114.281
1463   1.000  0.118  113.518
1464   1.000  0.115  115.044
1465   1.000  0.112  115.051
1466   1.000  0.109  115.044
1467   1.000  0.106  115.822
1468   1.000  0.103  115.814
1469   1.000  0.100  116.577
1470   1.000  0.097  117.355
1471   1.000  0.094  117.348
1472   1.000  0.091  118.118
1473   1.000  0.088  117.348
1474   1.000  0.084  118.881
1475   1.000  0.081  118.889
1476   1.000  0.078  118.881
1477   1.000  0.075  119.652
1478   1.000  0.072  120.415
1479   1.000  0.069  120.415
1480   1.000  0.066  120.422
1481   1.000  0.063  121.185
1482   1.000  0.060  121.948
1483   1.000  0.056  121.956
1484   1.000  0.053  122.711
1485   1.000  0.050  122.719
1486   1.000  0.047  122.719
1487   1.000  0.044  123.489
1488   1.000  0.041  124.252
1489   1.000  0.038  125.015
1490   1.000  0.035  123.489
1491   1.000  0.031  125.015
1492   1.000  0.028  125.793
1493   1.000  0.025  125.786
1494   1.000  0.022  125.786
1495   1.000  0.019  127.319
1496   1.000  0.016  127.319
1497   1.000  0.013  128.090
1498   1.000  0.009  128.082
1499   1.000  0.006  128.090
1500   1.000  0.003  128.853
1501   1.000  0.000  128.853
1502   1.000  -0.003  129.623
1503   1.000  -0.006  129.623
1504   1.000  -0.009  130.386
1505   1.000  -0.013  130.386
1506   1.000  -0.016  131.157
1507   1.000  -0.019  131.157
1508   1.000  -0.022  131.920
1509   1.000  -0.025  131.927
1510   1.000  -0.028  131.920
1511   1.000  -0.031  133.453
1512   1.000  -0.035  132.690
1513   1.000  -0.038  133.461
1514   1.000  -0.041  133.453
1515   1.000  -0.044  133.453
1516   1.000  -0.047  133.461
1517   1.000  -0.050  134.987
1518   1.000  -0.053  134.224
1519   1.000  -0.056  134.995
1520   1.000  -0.060  134.987
1521   1.000  -0.063  135.757
1522   1.000  -0.066  135.757
1523   1.000  -0.069  135.757
1524   1.000  -0.072  136.520
1525   1.000  -0.075  137.299
1526   1.000  -0.078  137.291
1527   1.000  -0.081  137.291
1528   1.000  -0.084  137.291
1529   1.000  -0.088  138.054
1530   1.000  -0.091  138.824
1531   1.000  -0.094  138.062
1532   1.000  -0.097  138.824
1533   1.000  -0.100  138.824
1534   1.000  -0.103  138.824
1535   1.000  -0.106  140.358
1536   1.000  -0.109  139.595
1537   1.000  -0.112  139.595
1538   1.000  -0.115  139.587
1539   1.000  -0.118  141.129
1540   1.000  -0.121  141.129
1541   1.000  -0.124  141.121
1542   1.000  -0.127  141.129
1543   1.000  -0.130  142.662
1544   1.000  -0.133  142.662
1545   1.000  -0.136  142.654
1546   1.000  -0.139  142.662
1547   1.000  -0.143  144.958
1548   1.000  -0.146  143.433
1549   1.000  -0.149  144.196
1550   1.000  -0.152  145.721
1551   1.000  -0.155  144.966
1552   1.000  -0.157  144.958
1553   1.000  -0.160  145.729
1554   1.000  -0.163  145.729
1555   1.000  -0.166  145.729
1556   1.000  -0.169  146.492
1557   1.000  -0.172  147.263
1558   1.000  -0.175  145.729
1559   1.000  -0.178  147.263
1560   1.000  -0.181  146.492
1561   1.000  -0.184  147.263
1562   1.000  -0.187  147.263
1563   1.000  -0.190  147.263
1564   1.000  -0.193  148.033
1565   1.000  -0.196  148.026
1566   1.000  -0.199  147.263
1567   1.000  -0.201  148.033
1568   1.000  -0.204  149.559
1569   1.000  -0.207  148.033
1570   1.000  -0.210  148.796
1571   1.000  -0.213  149.559
1572   1.000  -0.216  149.567
1573   1.000  -0.219  149.559
1574   1.000  -0.221  150.330
1575   1.000  -0.224  150.330
1576   1.000  -0.227  150.330
1577   1.000  -0.230  151.100
1578   1.000  -0.233  151.863
1579   1.000  -0.235  151.863
1580   1.000  -0.238  151.100
1581   1.000  -0.241  152.634
1582   1.000  -0.244  152.626
1583   1.000  -0.246  152.634
1584   1.000  -0.249  153.397
1585   1.000  -0.252  154.167
1586   1.000  -0.255  153.397
1587   1.000  -0.257  154.930
1588   1.000  -0.260  154.167
1589   1.000  -0.263  155.701
1590   1.000  -0.265  155.701
1591   1.000  -0.268  155.693
1592   1.000  -0.271  156.471
1593   1.000  -0.273  155.693
1594   1.000  -0.276  157.234
1595   1.000  -0.278  157.234
1596   1.000  -0.281  157.234
1597   1.000  -0.284  157.234
1598   1.000  -0.286  157.997
1599   1.000  -0.289  158.005
1600   1.000  -0.291  157.997
1601   1.000  -0.294  157.997
1602   1.000  -0.296  158.768
1603   1.000  -0.299  158.768
1604   1.000  -0.301  159.538
1605   1.000  -0.304  159.531
1606   1.000  -0.306  158.768
1607   1.000  -0.309  159.531
1608   1.000  -0.311  159.538
1609   1.000  -0.314  159.531
1611   1.000  -0.319  160.301
1612   1.000  -0.321  159.531
1613   1.000  -0.324  160.301
1614   1.000  -0.326  161.072
1615   1.000  -0.328  160.301
1616   1.000  -0.331  161.064
1617   1.000  -0.333  160.301
1618   1.000  -0.335  161.835
1619   1.000  -0.338  161.835
1620   1.000  -0.340  161.835
1621   1.000  -0.342  161.072
1622   1.000  -0.345  161.835
1623   1.000  -0.347  161.835
1624   1.000  -0.349  162.598
1625   1.000  -0.351  162.605
1626   1.000  -0.354  162.598
1627   1.000  -0.356  163.376
1628   1.000  -0.358  163.368
1629   1.000  -0.360  163.368
1630   1.000  -0.362  164.131
1631   1.000  -0.364  163.368
1632   1.000  -0.367  164.909
1633   1.000  -0.369  164.131
1634   1.000  -0.371  164.902
1635   1.000  -0.373  164.909
1636   1.000  -0.375  164.902
1637   1.000  -0.377  164.902
1638   1.000  -0.379  165.672
1639   1.000  -0.381  164.902
1640   1.000  -0.383  165.665
1641   1.000  -0.385  165.672
1642   1.000  -0.387  165.672
1643   1.000  -0.389  165.665
1644   1.000  -0.391  165.672
1645   1.000  -0.393  165.672
1646   1.000  -0.395  166.435
1647   1.000  -0.397  165.672
1648   1.000  -0.399  165.665
1649   1.000  -0.401  165.672
1650   1.000  -0.403  165.672
1651   1.000  -0.405  164.902
1652   1.000  -0.406  165.672
1653   1.000  -0.408  164.131
1654   1.000  -0.410  164.902
1655   1.000  -0.412  164.909
1656   1.000  -0.414  164.131
1657   1.000  -0.415  165.672
1658   1.000  -0.417  163.368
1659   1.000  -0.419  164.139
1660   1.000  -0.420  164.131
1661   1.000  -0.422  164.139
1662   1.000  -0.424  164.139
1663   1.000  -0.425  164.131
1664   1.000  -0.427  164.139
1665   1.000  -0.429  164.131
1666   1.000  -0.430  164.139
1667   1.000  -0.432  164.139
1668   1.000  -0.434  162.598
1669   1.000  -0.435  164.139
1670   1.000  -0.437  163.368
1671   1.000  -0.438  164.139
1672   1.000  -0.440  164.131
1673   1.000  -0.441  164.139
1674   1.000  -0.443  164.131
1675   1.000  -0.444  164.909
1676   1.000  -0.446  164.131
1677   1.000  -0.447  164.902
1678   1.000  -0.448  164.139
1679   1.000  -0.450  164.902
1680   1.000  -0.451  165.672
1681   1.000  -0.452  164.902
1682   1.000  -0.454  165.672
1683   1.000  -0.455  165.665
1684   1.000  -0.456  164.909
1685   1.000  -0.458  166.435
1686   1.000  -0.459  166.435
1687   1.000  -0.460  165.672
1688   1.000  -0.461  166.435
1689   1.000  -0.463  166.435
1690   1.000  -0.464  166.435
1691   1.000  -0.465  166.443
1692   1.000  -0.466  166.435
1693   1.000  -0.467  166.435
1694   1.000  -0.468  167.206
1695   1.000  -0.469  167.206
1696   1.000  -0.470  166.435
1697   1.000  -0.471  166.435
1698   1.000  -0.473  166.435
1699   1.000  -0.474  166.435
1700   1.000  -0.475  166.443
1701   1.000  -0.476  165.665
1702   1.000  -0.476  165.672
1703   1.000  -0.477  165.672
1704   1.000  -0.478  166.435
1705   1.000  -0.479  166.435
1706   1.000  -0.480  165.672
1707   1.000  -0.481  164.902
1708   1.000  -0.482  165.672
1709   1.000  -0.483  164.902
1710   1.000  -0.484  164.131
1711   1.000  -0.484  164.139
1712   1.000  -0.485  163.368
1713   1.000  -0.486  164.139
1714   1.000  -0.487  164.131
1715   1.000  -0.487  163.376
1716   1.000  -0.488  164.131
1717   1.000  -0.489  162.605
1718   1.000  -0.489  163.368
1719   1.000  -0.490  162.598
1720   1.000  -0.491  163.368
1721   1.000  -0.491  163.376
1722   1.000  -0.492  162.598
1723   1.000  -0.492  163.368
1724   1.000  -0.493  162.605
1725   1.000  -0.493  163.368
1726   1.000  -0.494  163.368
1727   1.000  -0.494  162.605
1728   1.000  -0.495  163.368
1729   1.000  -0.495  162.598
1730   1.000  -0.496  163.368
1731   1.000  -0.496  163.368
1732   1.000  -0.496  163.368
1733   1.000  -0.497  164.139
1734   1.000  -0.497  163.368
1735   1.000  -0.497  162.605
1736   1.000  -0.498  163.368
1737   1.000  -0.498  162.598
1738   1.000  -0.498  163.376
1739   1.000  -0.499  162.598
1740   1.000  -0.499  163.368
1741   1.000  -0.499  164.139
1742   1.000  -0.499  163.368
1743   1.000  -0.499  163.368
1744   1.000  -0.500  164.139
1745   1.000  -0.500  163.368
1746   1.000  -0.500  163.368
1747   1.000  -0.500  162.598
1748   1.000  -0.500  163.368
1749   1.000  -0.500  163.376
1750   1.000  -0.500  163.368
1751   1.000  -0.500  164.131
1752   1.000  -0.500  162.605
1753   1.000  -0.500  163.368
1754   1.000  -0.500  162.605
1755   1.000  -0.500  163.368
1756   1.000  -0.500  162.598
1757   1.000  -0.500  162.605
1758   1.000  -0.500  163.368
1759   1.000  -0.499  161.835
1760   1.000  -0.499  162.598
1761   1.000  -0.499  162.605
1762   1.000  -0.499  162.605
1763   1.000  -0.499  161.835
1764   1.000  -0.498  161.835
1765   1.000  -0.498  161.835
1766   1.000  -0.498  161.835
1767   1.000  -0.497  161.835
1768   1.000  -0.497  161.835
1769   1.000  -0.497  161.064
1770   1.000  -0.496  161.835
1771   1.000  -0.496  161.072
1772   1.000  -0.496  161.064
1773   1.000  -0.495  159.538
1774   1.000  -0.495  159.531
1775   1.000  -0.494  158.768
1776   1.000  -0.494  159.538
1777   1.000  -0.493  159.531
1778   1.000  -0.493  158.768
1779   1.000  -0.492  158.768
1780   1.000  -0.492  158.768
1781   1.000  -0.491  158.768
1782   1.000  -0.491  157.997
1783   1.000  -0.490  158.768
1784   1.000  -0.489  157.234
1785   1.000  -0.489  157.234
1786   1.000  -0.488  157.227
1787   1.000  -0.487  157.234
1788   1.000  -0.487  157.234
1789   1.000  -0.486  157.234
1790   1.000  -0.485  156.464
1791   1.000  -0.484  156.471
1792   1.000  -0.484  156.464
1793   1.000  -0.483  156.464
1794   1.000  -0.482  155.701
1795   1.000  -0.481  155.701
1796   1.000  -0.480  155.701
1797   1.000  -0.479  155.693
1798   1.000  -0.478  154.938
1799   1.000  -0.477  154.930
1800   1.000  -0.476  154.930
1801   1.000  -0.476  154.167
1802   1.000  -0.475  154.167
1803   1.000  -0.474  153.397
1804   1.000  -0.473  154.167
1805   1.000  -0.471  153.397
1806   1.000  -0.470  153.397
1807   1.000  -0.469  152.634
1808   1.000  -0.468  153.397
1809   1.000  -0.467  152.626
1810   1.000  -0.466  151.871
1811   1.000  -0.465  151.863
1812   1.000  -0.464  152.626
1813   1.000  -0.463  151.863
1814   1.000  -0.461  150.337
1815   1.000  -0.460  150.330
1816   1.000  -0.459  150.330
1817   1.000  -0.458  150.330
1818   1.000  -0.456  151.093
1819   1.000  -0.455  151.100
1820   1.000  -0.454  150.330
1821   1.000  -0.452  150.330
1822   1.000  -0.451  150.330
1823   1.000  -0.450  151.100
1824   1.000  -0.448  150.330
1825   1.000  -0.447  149.559
1826   1.000  -0.446  150.330
1827   1.000  -0.444  149.567
1828   1.000  -0.443  150.330
1829   1.000  -0.441  151.100
1830   1.000  -0.440  149.559
1831   1.000  -0.438  151.100
1832   1.000  -0.437  150.330
1833   1.000  -0.435  150.330
1834   1.000  -0.434  150.330
1835   1.000  -0.432  149.567
1836   1.000  -0.430  151.093
1837   1.000  -0.429  149.567
1838   1.000  -0.427  150.330
1839   1.000  -0.425  151.093
1840   1.000  -0.424  150.330
1841   1.000  -0.422  150.330
1842   1.000  -0.420  149.567
1843   1.000  -0.419  150.330
1844   1.000  -0.417  150.330
1845   1.000  -0.415  149.567
1846   1.000  -0.414  150.330
1847   1.000  -0.412  149.559
1848   1.000  -0.410  148.796
1849   1.000  -0.408  150.330
1850   1.000  -0.406  148.796
1851   1.000  -0.405  148.796
1852   1.000  -0.403  148.033
1853   1.000  -0.401  148.026
1854   1.000  -0.399  148.033
1855   1.000  -0.397  147.263
1856   1.000  -0.395  146.492
1857   1.000  -0.393  147.263
1858   1.000  -0.391  147.263
1859   1.000  -0.389  145.729
1860   1.000  -0.387  147.263
1861   1.000  -0.385  146.492
1862   1.000  -0.383  145.729
1863   1.000  -0.381  146.500
1864   1.000  -0.379  145.729
1865   1.000  -0.377  145.721
1866   1.000  -0.375  145.729
1867   1.000  -0.373  144.966
1868   1.000  -0.371  145.729
1869   1.000  -0.369  144.958
1870   1.000  -0.367  145.729
1871   1.000  -0.364  145.729
1872   1.000  -0.362  145.729
1873   1.000  -0.360  145.729
1874   1.000  -0.358  145.721
1875   1.000  -0.356  145.737
1876   1.000  -0.354  146.484
1877   1.000  -0.351  146.500
1878   1.000  -0.349  145.721
1879   1.000  -0.347  146.500
1880   1.000  -0.345  146.500
1881   1.000  -0.342  146.500
1882   1.000  -0.340  146.484
1883   1.000  -0.338  146.500
1884   1.000  -0.335  146.500
1885   1.000  -0.333  146.484
1886   1.000  -0.331  146.500
1887   1.000  -0.328  145.737
1888   1.000  -0.326  146.484
1889   1.000  -0.324  145.737
1890   1.000  -0.321  145.721
1891   1.000  -0.319  146.500
1892   1.000  -0.316  146.500
1893   1.000  -0.314  145.721
1894   1.000  -0.311  145.721
1895   1.000  -0.309  145.737
1896   1.000  -0.306  145.721
1897   1.000  -0.304  146.500
1898   1.000  -0.301  144.958
1899   1.000  -0.299  144.958
1900   1.000  -0.296  144.974
1901   1.000  -0.294  145.721
1902   1.000  -0.291  145.721
1903   1.000  -0.289  146.500
1904   1.000  -0.286  146.500
1905   1.000  -0.284  145.721
1906   1.000  -0.281  146.500
1907   1.000  -0.278  148.026
1908   1.000  -0.276  146.500
1909   1.000  -0.273  147.263
1910   1.000  -0.271  147.263
1911   1.000  -0.268  146.500
1912   1.000  -0.265  147.263
1913   1.000  -0.263  147.263
1914   1.000  -0.260  147.263
1915   1.000  -0.257  148.026
1916   1.000  -0.255  148.026
1917   1.000  -0.252  147.263
1918   1.000  -0.249  148.788
1919   1.000  -0.246  147.263
1920   1.000  -0.244  148.041
1921   1.000  -0.241  148.026
1922   1.000  -0.238  148.788
1923   1.000  -0.235  147.263
1924   1.000  -0.233  148.804
1925   1.000  -0.230  148.026
1926   1.000  -0.227  148.026
1927   1.000  -0.224  148.041
1928   1.000  -0.221  148.026
1929   1.000  -0.219  148.788
1930   1.000  -0.216  148.041
1931   1.000  -0.213  148.026
1932   1.000  -0.210  148.026
1933   1.000  -0.207  148.804
1934   1.000  -0.204  148.788
1935   1.000  -0.201  148.804
1936   1.000  -0.199  148.788
1937   1.000  -0.196  148.804
1938   1.000  -0.193  149.551
1939   1.000  -0.190  150.330
1940   1.000  -0.187  150.330
1941   1.000  -0.184  148.804
1942   1.000  -0.181  149.567
1943   1.000  -0.178  150.330
1944   1.000  -0.175  149.551
1945   1.000  -0.172  151.108
1946   1.000  -0.169  151.093
1947   1.000  -0.166  151.093
1948   1.000  -0.163  151.871
1949   1.000  -0.160  152.634
1950   1.000  -0.157  152.634
1951   1.000  -0.155  152.618
1952   1.000  -0.152  153.412
1953   1.000  -0.149  152.618
1954   1.000  -0.146  152.634
1955   1.000  -0.143  154.175
1956   1.000  -0.139  153.397
1957   1.000  -0.136  154.160
1958   1.000  -0.133  154.160
1959   1.000  -0.130  154.938
1960   1.000  -0.127  154.938
1961   1.000  -0.124  154.922
1962   1.000  -0.121  155.701
1963   1.000  -0.118  155.701
1964   1.000  -0.115  156.464
1965   1.000  -0.112  157.242
1966   1.000  -0.109  157.227
1967   1.000  -0.106  158.005
1968   1.000  -0.103  157.227
1969   1.000  -0.100  158.768
1970   1.000  -0.097  158.768
1971   1.000  -0.094  158.768
1972   1.000  -0.091  158.768
1973   1.000  -0.088  160.294
1974   1.000  -0.084  160.309
1975   1.000  -0.081  161.072
1976   1.000  -0.078  161.057
1977   1.000  -0.075  161.835
1978   1.000  -0.072  161.072
1979   1.000  -0.069  162.613
1980   1.000  -0.066  163.361
1981   1.000  -0.063  161.835
1982   1.000  -0.060  162.598
1983   1.000  -0.056  163.376
1984   1.000  -0.053  163.361
1985   1.000  -0.050  164.917
1986   1.000  -0.047  164.124
1987   1.000  -0.044  165.680
1988   1.000  -0.041  165.665
1989   1.000  -0.038  166.443
1990   1.000  -0.035  167.206
1991   1.000  -0.031  167.969
1992   1.000  -0.028  168.732
1993   1.000  -0.025  168.732
1994   1.000  -0.022  169.510
1995   1.000  -0.019  168.747
1996   1.000  -0.016  170.258
1997   1.000  -0.013  171.051
1998   1.000  -0.009  171.036
1999   1.000  -0.006  171.036
2000   1.000  -0.003  171.814
2001   1.000  -0.000  171.799
2002   1.000  0.003  171.814
2003   1.000  0.006  172.562
2004   1.000  0.009  172.577
2005   1.000  0.013  172.577
2006   1.000  0.016  172.562
2007   1.000  0.019  172.577
2008   1.000  0.022  172.577
2009   1.000  0.025  172.577
2010   1.000  0.028  172.562
2011   1.000  0.031  172.577
2012   1.000  0.035  172.577
2013   1.000  0.038  172.577
2014   1.000  0.041  172.562
2015   1.000  0.044  172.577
2016   1.000  0.047  172.577
2017   1.000  0.050  172.577
2018   1.000  0.053  172.562
2019   1.000  0.056  172.577
2020   1.000  0.060  109.680
2021   1.000  0.063  172.577
2022   1.000  0.066  172.562
2023   1.000  0.069  172.577
2024   1.000  0.072  172.577
2025   1.000  0.075  171.799
2026   1.000  0.078  172.577
2027   1.000  0.081  172.577
2028   1.000  0.084  110.443
2029   1.000  0.088  172.577
2030   1.000  0.091  172.577
2031   1.000  0.094  172.562
2032   1.000  0.097  172.577
2033   1.000  0.100  172.577
2034   1.000  0.103  172.562
2035   1.000  0.106  109.680
2036   1.000  0.109  172.577
2037   1.000  0.112  172.577
2038   1.000  0.115  172.577
2039   1.000  0.118  172.562
2040   1.000  0.121  172.577
2041   1.000  0.124  172.577
2042   1.000  0.127  110.443
2043   1.000  0.130  172.577
2044   1.000  0.133  172.577
2045   1.000  0.136  172.562
2046   1.000  0.139  172.577
2047   1.000  0.143  172.577
2048   1.000  0.146  111.206
2049   1.000  0.149  171.814
2050   1.000  0.152  172.562
2051   1.000  0.155  172.577
2052   1.000  0.157  172.577
2053   1.000  0.160  172.577
2054   1.000  0.163  172.562
2055   1.000  0.166  110.458
2056   1.000  0.169  172.562
2057   1.000  0.172  172.577
2058   1.000  0.175  172.577
2059   1.000  0.178  172.562
2060   1.000  0.181  172.577
2061   1.000  0.184  110.443
2062   1.000  0.187  172.577
2063   1.000  0.190  172.577
2064   1.000  0.193  172.577
2065   1.000  0.196  172.562
2066   1.000  0.199  110.458
2067   1.000  0.201  172.562
2068   1.000  0.204  172.577
2069   1.000  0.207  172.577
2070   1.000  0.210  172.577
2071   1.000  0.213  172.562
2072   1.000  0.216  110.458
2073   1.000  0.219  172.562
2074   1.000  0.221  172.577
2075   1.000  0.224  172.577
2076   1.000  0.227  172.562
2077   1.000  0.230  172.577
2078   1.000  0.233  110.443
2079   1.000  0.235  172.577
2080   1.000  0.238  172.577
2081   1.000  0.241  172.577
2082   1.000  0.244  172.562
2083   1.000  0.246  172.577
2084   1.000  0.249  109.680
2085   1.000  0.252  172.577
2086   1.000  0.255  172.577
2087   1.000  0.257  172.562
2088   1.000  0.260  172.577
2089   1.000  0.263  172.577
2090   1.000  0.265  130.386
2091   1.000  0.268  152.634
2092   1.000  0.271  172.562
2093   1.000  0.273  172.577
2094   1.000  0.276  172.577
2095   1.000  0.278  172.577
2096   1.000  0.281  110.443
2097   1.000  0.284  172.577
2098   1.000  0.286  172.562
2099   1.000  0.289  172.577
2100   1.000  0.291  172.577
2101   1.000  0.294  172.577
2102   1.000  0.296  111.206
2103   1.000  0.299  172.577
2104   1.000  0.301  172.562
2105   1.000  0.304  172.577
2106   1.000  0.306  172.577
2107   1.000  0.309  110.443
2108   1.000  0.311  172.577
2109   1.000  0.314  172.577
2110   1.000  0.316  172.562
2111   1.000  0.319  172.577
2112   1.000  0.321  172.577
2113   1.000  0.324  110.443
2114   1.000  0.326  172.577
2115   1.000  0.328  172.577
2116   1.000  0.331  172.562
2117   1.000  0.333  172.577
2118   1.000  0.335  172.577
2119   1.000  0.338  110.443
2120   1.000  0.340  172.577
2121   1.000  0.342  172.562
2122   1.000  0.345  172.577
2123   1.000  0.347  172.577
2124   1.000  0.349  172.577
2125   1.000  0.351  172.562
2126   1.000  0.354  110.458
2127   1.000  0.356  172.562
2128   1.000  0.358  172.577
2129   1.000  0.360  172.577
2130   1.000  0.362  172.577
2131   1.000  0.364  172.562
2132   1.000  0.367  110.443
2133   1.000  0.369  172.577
2134   1.000  0.371  172.577
2135   1.000  0.373  172.577
2136   1.000  0.375  172.562
2137   1.000  0.377  110.458
2138   1.000  0.379  172.562
2139   1.000  0.381  172.577
2140   1.000  0.383  172.577
2141   1.000  0.385  171.799
2142   1.000  0.387  172.577
2143   1.000  0.389  111.221
2144   1.000  0.391  172.562
2145   1.000  0.393  172.577
2146   1.000  0.395  172.577
2147   1.000  0.397  172.562
2148   1.000  0.399  160.309
2149   1.000  0.401  122.711
2150   1.000  0.403  172.577
2151   1.000  0.405  172.577
2152   1.000  0.406  172.577
2153   1.000  0.408  172.562
2154   1.000  0.410  172.577
2155   1.000  0.412  110.443
2156   1.000  0.414  172.577
2157   1.000  0.415  171.814
2158   1.000  0.417  172.562
2159   1.000  0.419  172.577
2160   1.000  0.420  172.577
2161   1.000  0.422  172.562
2162   1.000  0.424  111.221
2163   1.000  0.425  171.799
2164   1.000  0.427  172.577
2165   1.000  0.429  172.577
2166   1.000  0.430  172.577
2167   1.000  0.432  172.562
2168   1.000  0.434  111.221
2169   1.000  0.435  172.577
2170   1.000  0.437  172.562
2171   1.000  0.438  171.814
2172   1.000  0.440  172.577
2173   1.000  0.441  172.562
2174   1.000  0.443  111.221
2175   1.000  0.444  172.577
2176   1.000  0.446  172.562
2177   1.000  0.447  171.814
2178   1.000  0.448  172.562
2179   1.000  0.450  111.221
2180   1.000  0.451  172.577
2181   1.000  0.452  172.562
2182   1.000  0.454  172.577
2183   1.000  0.455  172.577
2184   1.000  0.456  149.567
2185   1.000  0.458  133.453
2186   1.000  0.459  172.577
2187   1.000  0.460  172.562
2188   1.000  0.461  172.577
2189   1.000  0.463  172.577
2190   1.000  0.464  172.577
2191   1.000  0.465  125.778
2192   1.000  0.466  157.227
2193   1.000  0.467  172.577
2194   1.000  0.468  172.577
2195   1.000  0.469  172.577
2196   1.000  0.470  172.562
2197   1.000  0.471  172.577
2198   1.000  0.473  127.319
2199   1.000  0.474  154.938
2200   1.000  0.475  172.577
2201   1.000  0.476  172.562
2202   1.000  0.476  172.577
2203   1.000  0.477  172.577
2204   1.000  0.478  172.562
2205   1.000  0.479  110.458
2206   1.000  0.480  172.562
2207   1.000  0.481  172.577
2208   1.000  0.482  172.577
2209   1.000  0.483  172.577
2210   1.000  0.484  111.206
2211   1.000  0.484  172.577
2212   1.000  0.485  171.799
2213   1.000  0.486  172.577
2214   1.000  0.487  172.577
2215   1.000  0.487  172.577
2216   1.000  0.488  110.443
2217   1.000  0.489  172.577
2218   1.000  0.489  172.562
2219   1.000  0.490  172.577
2220   1.000  0.491  172.577
2221   1.000  0.491  110.443
2222   1.000  0.492  172.577
2223   1.000  0.492  172.562
2224   1.000  0.493  172.577
2225   1.000  0.493  172.577
2226   1.000  0.494  172.577
2227   1.000  0.494  172.562
2228   1.000  0.495  109.680
2229   1.000  0.495  172.577
2230   1.000  0.496  172.577
2231   1.000  0.496  172.577
2232   1.000  0.496  172.562
2233   1.000  0.497  172.577
2234   1.000  0.497  172.577
2235   1.000  0.497  109.680
2236   1.000  0.498  172.562
2237   1.000  0.498  172.577
2238   1.000  0.498  172.577
2239   1.000  0.499  172.577
2240   1.000  0.499  172.562
2241   1.000  0.499  172.577
2242   1.000  0.499  110.443
2243   1.000  0.499  172.577
2244   1.000  0.500  172.577
2245   1.000  0.500  172.577
2246   1.000  0.500  171.799
2247   1.000  0.500  172.577
2248   1.000  0.500  111.206
2249   1.000  0.500  172.577
2250   1.000  0.500  172.577
2251   1.000  0.500  172.562
2252   1.000  0.500  172.577
2253   1.000  0.500  111.221
2254   1.000  0.500  172.562
2255   1.000  0.500  171.814
2256   1.000  0.500  172.577
2257   1.000  0.500  172.562
2258   1.000  0.500  172.577
2259   1.000  0.499  110.443
2260   1.000  0.499  172.577
2261   1.000  0.499  172.577
2262   1.000  0.499  172.562
2263   1.000  0.499  172.577
2264   1.000  0.498  172.577
2265   1.000  0.498  110.443
2266   1.000  0.498  172.577
2267   1.000  0.497  172.577
2268   1.000  0.497  172.562
2269   1.000  0.497  172.577
2270   1.000  0.496  172.577
2271   1.000  0.496  172.577
2272   1.000  0.496  109.680
2273   1.000  0.495  172.562
2274   1.000  0.495  172.577
2275   1.000  0.494  172.577
2276   1.000  0.494  172.562
2277   1.000  0.493  172.577
2278   1.000  0.493  172.577
2279   1.000  0.492  110.443
2280   1.000  0.492  172.577
2281   1.000  0.491  172.577
2282   1.000  0.491  172.562
2283   1.000  0.490  172.577
2284   1.000  0.489  172.577
2285   1.000  0.489  122.711
2286   1.000  0.488  160.309
2287   1.000  0.487  172.577
2288   1.000  0.487  172.562
2289   1.000  0.486  172.577
2290   1.000  0.485  172.577
2291   1.000  0.484  110.443
2292   1.000  0.484  172.577
2293   1.000  0.483  172.562
2294   1.000  0.482  172.577
2295   1.000  0.481  172.577
2296   1.000  0.480  110.443
2297   1.000  0.479  172.577
2298   1.000  0.478  172.577
2299   1.000  0.477  172.562
2300   1.000  0.476  172.577
2301   1.000  0.476  172.577
2302   1.000  0.475  110.443
2303   1.000  0.474  172.577
2304   1.000  0.473  172.562
2305   1.000  0.471  172.577
2306   1.000  0.470  172.577
2307   1.000  0.469  172.577
2308   1.000  0.468  171.799
2309   1.000  0.467  110.443
2310   1.000  0.466  172.577
2311   1.000  0.465  172.577
2312   1.000  0.464  172.577
2313   1.000  0.463  172.562
2314   1.000  0.461  172.577
2315   1.000  0.460  172.577
2316   1.000  0.459  110.443
2317   1.000  0.458  172.577
2318   1.000  0.456  172.562
2319   1.000  0.455  172.577
2320   1.000  0.454  172.577
2321   1.000  0.452  172.577
2322   1.000  0.451  156.464
2323   1.000  0.450  126.556
2324   1.000  0.448  172.562
2325   1.000  0.447  172.577
2326   1.000  0.446  172.577
2327   1.000  0.444  172.577
2328   1.000  0.443  120.407
2329   1.000  0.441  162.613
2330   1.000  0.440  172.562
2331   1.000  0.438  171.814
2332   1.000  0.437  172.562
2333   1.000  0.435  172.577
2334   1.000  0.434  111.221
2335   1.000  0.432  172.562
2336   1.000  0.430  172.577
2337   1.000  0.429  172.577
2338   1.000  0.427  172.577
2339   1.000  0.425  110.443
2340   1.000  0.424  172.577
2341   1.000  0.422  172.562
2342   1.000  0.420  172.577
2343   1.000  0.419  172.577
2344   1.000  0.417  172.577
2345   1.000  0.415  172.562
2346   1.000  0.414  110.458
2347   1.000  0.412  171.799
2348   1.000  0.410  172.577
2349   1.000  0.408  172.562
2350   1.000  0.406  172.577
2351   1.000  0.405  172.577
2352   1.000  0.403  172.577
2353   1.000  0.401  110.443
2354   1.000  0.399  172.577
2355   1.000  0.397  172.562
2356   1.000  0.395  172.577
2357   1.000  0.393  172.577
2358   1.000  0.391  172.577
2359   1.000  0.389  172.562
2360   1.000  0.387  110.443
2361   1.000  0.385  172.577
2362   1.000  0.383  172.577
2363   1.000  0.381  172.577
2364   1.000  0.379  172.562
2365   1.000  0.377  172.577
2366   1.000  0.375  110.443
2367   1.000  0.373  172.577
2368   1.000  0.371  172.577
2369   1.000  0.369  172.577
2370   1.000  0.367  172.562
2371   1.000  0.364  172.577
2372   1.000  0.362  110.443
2373   1.000  0.360  172.577
2374   1.000  0.358  172.577
2375   1.000  0.356  172.562
2376   1.000  0.354  172.577
2377   1.000  0.351  110.443
2378   1.000  0.349  172.577
2379   1.000  0.347  172.577
2380   1.000  0.345  172.577
2381   1.000  0.342  172.562
2382   1.000  0.340  172.577
2383   1.000  0.338  172.577
2384   1.000  0.335  110.443
2385   1.000  0.333  172.577
2386   1.000  0.331  172.577
2387   1.000  0.328  172.562
2388   1.000  0.326  172.577
2389   1.000  0.324  172.577
2390   1.000  0.321  172.562
2391   1.000  0.319  109.680
2392   1.000  0.316  172.577
2393   1.000  0.314  172.577
2394   1.000  0.311  172.577
2395   1.000  0.309  172.562
2396   1.000  0.306  172.577
2397   1.000  0.304  172.577
2398   1.000  0.301  110.443
2399   1.000  0.299  172.577
2400   1.000  0.296  172.577
2401   1.000  0.294  171.799
2402   1.000  0.291  172.577
2403   1.000  0.289  172.562
2404   1.000  0.286  110.458
2405   1.000  0.284  172.562
2406   1.000  0.281  172.577
2407   1.000  0.278  172.577
2408   1.000  0.276  172.577
2409   1.000  0.273  169.495
2410   1.000  0.271  113.525
2411   1.000  0.268  172.562
2412   1.000  0.265  172.577
2413   1.000  0.263  172.577
2414   1.000  0.260  172.577
2415   1.000  0.257  153.397
2416   1.000  0.255  129.623
2417   1.000  0.252  172.562
2418   1.000  0.249  172.577
2419   1.000  0.246  172.577
2420   1.000  0.244  172.562
2421   1.000  0.241  172.577
2422   1.000  0.238  110.443
2423   1.000  0.235  172.577
2424   1.000  0.233  171.814
2425   1.000  0.230  173.340
2426   1.000  0.227  171.799
2427   1.000  0.224  172.577
2428   1.000  0.221  148.788
2429   1.000  0.219  134.232
2430   1.000  0.216  172.577
2431   1.000  0.213  172.562
2432   1.000  0.210  171.814
2433   1.000  0.207  172.562
2434   1.000  0.204  172.577
2435   1.000  0.201  146.500
2436   1.000  0.199  136.520
2437   1.000  0.196  172.577
2438   1.000  0.193  172.577
2439   1.000  0.190  172.562
2440   1.000  0.187  172.577
2441   1.000  0.184  172.577
2442   1.000  0.181  110.443
2443   1.000  0.178  172.577
2444   1.000  0.175  172.577
2445   1.000  0.172  172.562
2446   1.000  0.169  172.577
2447   1.000  0.166  110.443
2448   1.000  0.163  172.577
2449   1.000  0.160  171.799
2450   1.000  0.157  172.577
2451   1.000  0.155  172.577
2452   1.000  0.152  172.577
2453   1.000  0.149  118.103
2454   1.000  0.146  165.680
2455   1.000  0.143  172.577
2456   1.000  0.139  172.562
2457   1.000  0.136  172.577
2458   1.000  0.133  172.577
2459   1.000  0.130  133.453
2460   1.000  0.127  149.567
2461   1.000  0.124  172.562
2462   1.000  0.121  172.577
2463   1.000  0.118  171.814
2464   1.000  0.115  172.562
2465   1.000  0.112  172.577
2466   1.000  0.109  111.221
2467   1.000  0.106  172.562
2468   1.000  0.103  172.577
2469   1.000  0.100  171.814
2470   1.000  0.097  172.562
2471   1.000  0.094  172.577
2472   1.000  0.091  172.577
2473   1.000  0.088  110.443
2474   1.000  0.084  172.577
2475   1.000  0.081  172.562
2476   1.000  0.078  172.577
2477   1.000  0.075  172.577
2478   1.000  0.072  172.577
2479   1.000  0.069  110.443
2480   1.000  0.066  172.577
2481   1.000  0.063  172.562
2482   1.000  0.060  172.577
2483   1.000  0.056  172.577
2484   1.000  0.053  172.577
2485   1.000  0.050  110.443
2486   1.000  0.047  172.577
2487   1.000  0.044  172.562
2488   1.000  0.041  172.577
2489   1.000  0.038  172.577
2490   1.000  0.035  172.562
2491   1.000  0.031  111.221
2492   1.000  0.028  172.577
2493   1.000  0.025  172.562
2494   1.000  0.022  172.577
2495   1.000  0.019  172.577
2496   1.000  0.016  171.799
2497   1.000  0.013  110.458
2498   1.000  0.009  172.562
2499   1.000  0.006  172.577
2500   1.000  0.003  172.577
2501   1.000  0.000  172.577
2502   1.000  -0.003  172.562
2503   1.000  -0.006  111.221
2504   1.000  -0.009  172.562
2505   1.000  -0.013  171.814
2506   1.000  -0.016  172.577
2507   1.000  -0.019  172.562
2508   1.000  -0.022  172.577
2509   1.000  -0.025  138.062
2510   1.000  -0.028  145.721
2511   1.000  -0.031  172.577
2512   1.000  -0.035  172.577
2513   1.000  -0.038  172.577
2514   1.000  -0.041  172.562
2515   1.000  -0.044  115.814
2516   1.000  -0.047  167.206
2517   1.000  -0.050  171.814
2518   1.000  -0.053  172.562
2519   1.000  -0.056  172.577
2520   1.000  -0.060  172.577
2521   1.000  -0.063  172.577
2522   1.000  -0.066  110.443
2523   1.000  -0.069  172.577
2524   1.000  -0.072  172.562
2525   1.000  -0.075  172.577
2526   1.000  -0.078  172.577
2527   1.000  -0.081  172.577
2528   1.000  -0.084  110.443
2529   1.000  -0.088  172.577
2530   1.000  -0.091  172.562
2531   1.000  -0.094  172.577
2532   1.000  -0.097  172.577
2533   1.000  -0.100  172.562
2534   1.000  -0.103  172.577
2535   1.000  -0.106  110.443
2536   1.000  -0.109  172.577
2537   1.000  -0.112  172.577
2538   1.000  -0.115  171.799
2539   1.000  -0.118  172.577
2540   1.000  -0.121  172.577
2541   1.000  -0.124  111.206
2542   1.000  -0.127  172.577
2543   1.000  -0.130  172.577
2544   1.000  -0.133  172.577
2545   1.000  -0.136  172.562
2546   1.000  -0.139  110.443
2547   1.000  -0.143  172.577
2548   1.000  -0.146  172.577
2549   1.000  -0.149  172.577
2550   1.000  -0.152  172.562
2551   1.000  -0.155  172.577
2552   1.000  -0.157  110.443
2553   1.000  -0.160  171.814
2554   1.000  -0.163  172.577
2555   1.000  -0.166  172.562
2556   1.000  -0.169  172.577
2557   1.000  -0.172  172.577
2558   1.000  -0.175  172.577
2559   1.000  -0.178  110.443
2560   1.000  -0.181  172.562
2561   1.000  -0.184  172.577
2562   1.000  -0.187  172.577
2563   1.000  -0.190  172.577
2564   1.000  -0.193  172.562
2565   1.000  -0.196  141.129
2566   1.000  -0.199  141.891
2567   1.000  -0.201  172.577
2568   1.000  -0.204  172.577
2569   1.000  -0.207  172.577
2570   1.000  -0.210  171.799
2571   1.000  -0.213  172.577
2572   1.000  -0.216  111.206
2573   1.000  -0.219  172.577
2574   1.000  -0.221  172.577
2575   1.000  -0.224  172.562
2576   1.000  -0.227  172.577
2577   1.000  -0.230  171.814
2578   1.000  -0.233  111.206
2579   1.000  -0.235  172.577
2580   1.000  -0.238  172.577
2581   1.000  -0.241  172.562
2582   1.000  -0.244  172.577
2583   1.000  -0.246  171.814
2584   1.000  -0.249  110.443
2585   1.000  -0.252  172.577
2586   1.000  -0.255  172.562
2587   1.000  -0.257  172.577
2588   1.000  -0.260  172.577
2589   1.000  -0.263  172.562
2590   1.000  -0.265  111.221
