1   1.000  0.000  0.000
2   1.000  0.006  0.000
3   1.000  0.013  0.000
4   1.000  0.019  0.000
5   1.000  0.025  0.000
6   1.000  0.031  0.000
7   1.000  0.038  0.000
8   1.000  0.044  0.000
9   1.000  0.050  0.000
10   1.000  0.057  0.000
11   1.000  0.063  0.000
12   1.000  0.069  0.000
13   1.000  0.075  0.000
14   1.000  0.082  0.000
15   1.000  0.088  0.000
16   1.000  0.094  0.000
17   1.000  0.100  0.000
18   1.000  0.107  0.000
19   1.000  0.113  0.000
20   1.000  0.119  0.000
21   1.000  0.125  0.000
22   1.000  0.132  0.000
23   1.000  0.138  0.000
24   1.000  0.144  0.763
25   1.000  0.150  0.000
26   1.000  0.156  0.000
27   1.000  0.163  0.000
28   1.000  0.169  0.000
29   1.000  0.175  0.000
30   1.000  0.181  0.000
31   1.000  0.187  0.000
32   1.000  0.194  0.000
33   1.000  0.200  0.000
34   1.000  0.206  0.000
35   1.000  0.212  0.000
36   1.000  0.218  0.000
37   1.000  0.224  0.793
38   1.000  0.230  0.000
39   1.000  0.236  0.000
40   1.000  0.243  0.000
41   1.000  0.249  0.000
42   1.000  0.255  0.000
43   1.000  0.261  0.000
44   1.000  0.267  0.000
45   1.000  0.273  0.000
46   1.000  0.279  0.000
47   1.000  0.285  0.000
48   1.000  0.291  0.000
49   1.000  0.297  0.763
50   1.000  0.303  0.000
51   1.000  0.309  0.000
52   1.000  0.315  0.000
53   1.000  0.321  0.000
54   1.000  0.327  0.000
55   1.000  0.333  0.000
56   1.000  0.339  0.000
57   1.000  0.345  0.763
58   1.000  0.351  0.000
59   1.000  0.356  0.000
60   1.000  0.362  0.000
61   1.000  0.368  0.000
62   1.000  0.374  0.000
63   1.000  0.380  0.000
64   1.000  0.386  0.000
65   1.000  0.391  0.763
66   1.000  0.397  0.000
67   1.000  0.403  0.000
68   1.000  0.409  0.000
69   1.000  0.414  0.000
70   1.000  0.420  0.000
71   1.000  0.426  0.000
72   1.000  0.431  0.763
73   1.000  0.437  0.000
74   1.000  0.443  0.000
75   1.000  0.448  0.000
76   1.000  0.454  0.000
77   1.000  0.460  0.763
78   1.000  0.465  0.000
79   1.000  0.471  0.000
80   1.000  0.476  0.000
81   1.000  0.482  0.000
82   1.000  0.487  0.763
83   1.000  0.493  0.000
84   1.000  0.498  0.000
85   1.000  0.504  0.000
86   1.000  0.509  0.793
87   1.000  0.514  0.000
88   1.000  0.520  0.000
89   1.000  0.525  0.763
90   1.000  0.531  0.000
91   1.000  0.536  0.000
92   1.000  0.541  0.763
93   1.000  0.546  0.000
94   1.000  0.552  0.763
95   1.000  0.557  0.000
96   1.000  0.562  0.000
97   1.000  0.567  0.763
98   1.000  0.572  0.000
99   1.000  0.578  0.763
100   1.000  0.583  0.000
101   1.000  0.588  0.763
102   1.000  0.593  0.763
103   1.000  0.598  0.000
104   1.000  0.603  0.793
105   1.000  0.608  0.763
106   1.000  0.613  0.000
107   1.000  0.618  0.763
108   1.000  0.623  0.763
109   1.000  0.628  0.000
110   1.000  0.633  0.763
111   1.000  0.637  0.763
112   1.000  0.642  0.763
113   1.000  0.647  0.793
114   1.000  0.652  0.763
115   1.000  0.657  0.763
116   1.000  0.661  0.763
117   1.000  0.666  0.763
118   1.000  0.671  0.763
119   1.000  0.675  0.763
120   1.000  0.680  0.763
121   1.000  0.685  0.793
122   1.000  0.689  0.763
123   1.000  0.694  0.763
124   1.000  0.698  1.526
125   1.000  0.703  0.763
126   1.000  0.707  0.763
127   1.000  0.712  0.793
128   1.000  0.716  1.526
129   1.000  0.720  0.763
130   1.000  0.725  0.763
131   1.000  0.729  1.526
132   1.000  0.733  0.763
133   1.000  0.738  0.793
134   1.000  0.742  1.526
135   1.000  0.746  0.763
136   1.000  0.750  1.526
137   1.000  0.754  0.763
138   1.000  0.758  1.556
139   1.000  0.762  0.763
140   1.000  0.766  1.526
141   1.000  0.771  0.763
142   1.000  0.775  1.526
143   1.000  0.778  0.793
144   1.000  0.782  1.526
145   1.000  0.786  1.526
146   1.000  0.790  0.763
147   1.000  0.794  1.556
148   1.000  0.798  1.526
149   1.000  0.802  1.526
150   1.000  0.805  1.526
151   1.000  0.809  1.556
152   1.000  0.813  1.526
153   1.000  0.816  1.526
154   1.000  0.820  2.289
155   1.000  0.824  1.556
156   1.000  0.827  2.289
157   1.000  0.831  1.526
158   1.000  0.834  2.319
159   1.000  0.838  1.526
160   1.000  0.841  2.289
161   1.000  0.844  2.319
162   1.000  0.848  2.289
163   1.000  0.851  3.082
164   1.000  0.854  2.289
165   1.000  0.858  2.319
166   1.000  0.861  3.052
167   1.000  0.864  3.082
168   1.000  0.867  2.289
169   1.000  0.870  3.082
170   1.000  0.873  3.052
171   1.000  0.876  3.845
172   1.000  0.879  3.052
173   1.000  0.882  3.845
174   1.000  0.885  3.845
175   1.000  0.888  3.815
176   1.000  0.891  3.845
177   1.000  0.894  3.845
178   1.000  0.897  3.815
179   1.000  0.899  3.845
180   1.000  0.902  3.845
181   1.000  0.905  3.815
182   1.000  0.907  3.845
183   1.000  0.910  3.845
184   1.000  0.913  3.815
185   1.000  0.915  3.845
186   1.000  0.918  3.052
187   1.000  0.920  3.845
188   1.000  0.923  3.845
189   1.000  0.925  3.815
190   1.000  0.927  3.082
191   1.000  0.930  3.845
192   1.000  0.932  3.815
193   1.000  0.934  3.082
194   1.000  0.937  3.052
195   1.000  0.939  3.845
196   1.000  0.941  3.082
197   1.000  0.943  3.052
198   1.000  0.945  3.082
199   1.000  0.947  3.052
200   1.000  0.949  3.082
201   1.000  0.951  3.052
202   1.000  0.953  3.082
203   1.000  0.955  3.052
204   1.000  0.957  3.082
205   1.000  0.959  2.289
206   1.000  0.960  3.082
207   1.000  0.962  3.052
208   1.000  0.964  3.082
209   1.000  0.965  3.052
210   1.000  0.967  3.082
211   1.000  0.969  3.845
212   1.000  0.970  3.052
213   1.000  0.972  3.082
214   1.000  0.973  3.052
215   1.000  0.975  2.319
216   1.000  0.976  3.052
217   1.000  0.977  3.082
218   1.000  0.979  3.052
219   1.000  0.980  3.082
220   1.000  0.981  3.052
221   1.000  0.982  3.082
222   1.000  0.983  3.052
223   1.000  0.985  2.319
224   1.000  0.986  3.815
225   1.000  0.987  3.082
226   1.000  0.988  3.052
227   1.000  0.989  3.082
228   1.000  0.990  3.052
229   1.000  0.990  3.082
230   1.000  0.991  3.082
231   1.000  0.992  3.052
232   1.000  0.993  3.845
233   1.000  0.994  3.052
234   1.000  0.994  3.082
235   1.000  0.995  3.052
236   1.000  0.996  3.845
237   1.000  0.996  3.052
238   1.000  0.997  3.082
239   1.000  0.997  3.845
240   1.000  0.998  3.052
241   1.000  0.998  3.845
242   1.000  0.998  3.052
243   1.000  0.999  3.845
244   1.000  0.999  3.082
245   1.000  0.999  3.052
246   1.000  1.000  3.845
247   1.000  1.000  3.815
248   1.000  1.000  3.082
249   1.000  1.000  3.845
250   1.000  1.000  3.815
251   1.000  1.000  3.082
252   1.000  1.000  3.845
253   1.000  1.000  3.815
254   1.000  1.000  3.082
255   1.000  1.000  3.052
256   1.000  1.000  3.845
257   1.000  0.999  3.052
258   1.000  0.999  3.845
259   1.000  0.999  3.082
260   1.000  0.998  3.815
261   1.000  0.998  3.082
262   1.000  0.998  3.815
263   1.000  0.997  3.845
264   1.000  0.997  3.082
265   1.000  0.996  3.815
266   1.000  0.996  3.845
267   1.000  0.995  4.608
268   1.000  0.994  3.815
269   1.000  0.994  4.608
270   1.000  0.993  3.845
271   1.000  0.992  4.608
272   1.000  0.991  4.608
273   1.000  0.990  4.578
274   1.000  0.990  4.608
275   1.000  0.989  4.608
276   1.000  0.988  5.371
277   1.000  0.987  4.608
278   1.000  0.986  5.371
279   1.000  0.985  5.371
280   1.000  0.983  5.341
281   1.000  0.982  5.371
282   1.000  0.981  5.371
283   1.000  0.980  5.371
284   1.000  0.979  4.608
285   1.000  0.977  5.371
286   1.000  0.976  4.608
287   1.000  0.975  5.371
288   1.000  0.973  5.371
289   1.000  0.972  4.578
290   1.000  0.970  5.371
291   1.000  0.969  4.608
292   1.000  0.967  5.371
293   1.000  0.965  4.608
294   1.000  0.964  5.371
295   1.000  0.962  4.608
296   1.000  0.960  4.578
297   1.000  0.959  4.608
298   1.000  0.957  4.608
299   1.000  0.955  4.608
300   1.000  0.953  4.608
301   1.000  0.951  4.578
302   1.000  0.949  4.608
303   1.000  0.947  4.608
304   1.000  0.945  4.608
305   1.000  0.943  4.608
306   1.000  0.941  4.578
307   1.000  0.939  4.608
308   1.000  0.937  3.845
309   1.000  0.934  4.608
310   1.000  0.932  4.578
311   1.000  0.930  3.845
312   1.000  0.927  4.608
313   1.000  0.925  3.845
314   1.000  0.923  4.578
315   1.000  0.920  3.845
316   1.000  0.918  4.608
317   1.000  0.915  3.815
318   1.000  0.913  4.608
319   1.000  0.910  3.845
320   1.000  0.907  4.608
321   1.000  0.905  4.578
322   1.000  0.902  3.845
323   1.000  0.899  4.608
324   1.000  0.897  4.608
325   1.000  0.894  3.815
326   1.000  0.891  4.608
327   1.000  0.888  3.845
328   1.000  0.885  4.608
329   1.000  0.882  3.815
330   1.000  0.879  4.608
331   1.000  0.876  3.845
332   1.000  0.873  4.608
333   1.000  0.870  4.578
334   1.000  0.867  3.845
335   1.000  0.864  4.608
336   1.000  0.861  4.608
337   1.000  0.858  3.815
338   1.000  0.854  4.608
339   1.000  0.851  3.845
340   1.000  0.848  4.608
341   1.000  0.844  3.815
342   1.000  0.841  4.608
343   1.000  0.838  4.608
344   1.000  0.834  4.608
345   1.000  0.831  4.578
346   1.000  0.827  4.608
347   1.000  0.824  4.608
348   1.000  0.820  4.608
349   1.000  0.816  4.608
350   1.000  0.813  5.371
351   1.000  0.809  4.578
352   1.000  0.805  5.371
353   1.000  0.802  4.608
354   1.000  0.798  5.371
355   1.000  0.794  4.608
356   1.000  0.790  4.608
357   1.000  0.786  4.578
358   1.000  0.782  4.608
359   1.000  0.778  4.608
360   1.000  0.775  4.608
361   1.000  0.771  4.608
362   1.000  0.766  4.578
363   1.000  0.762  3.845
364   1.000  0.758  4.608
365   1.000  0.754  3.815
366   1.000  0.750  3.845
367   1.000  0.746  3.845
368   1.000  0.742  3.815
369   1.000  0.738  3.845
370   1.000  0.733  3.845
371   1.000  0.729  3.815
372   1.000  0.725  3.082
373   1.000  0.720  3.845
374   1.000  0.716  3.052
375   1.000  0.712  3.845
376   1.000  0.707  3.052
377   1.000  0.703  3.082
378   1.000  0.698  3.845
379   1.000  0.694  3.052
380   1.000  0.689  3.082
381   1.000  0.685  3.052
382   1.000  0.680  3.082
383   1.000  0.675  3.052
384   1.000  0.671  3.082
385   1.000  0.666  3.052
386   1.000  0.661  3.082
387   1.000  0.657  3.052
388   1.000  0.652  2.319
389   1.000  0.647  3.052
390   1.000  0.642  2.319
391   1.000  0.637  2.289
392   1.000  0.633  3.082
393   1.000  0.628  2.289
394   1.000  0.623  2.289
395   1.000  0.618  2.319
396   1.000  0.613  2.289
397   1.000  0.608  2.319
398   1.000  0.603  2.289
399   1.000  0.598  2.289
400   1.000  0.593  2.319
401   1.000  0.588  2.289
402   1.000  0.583  1.526
403   1.000  0.578  2.319
404   1.000  0.572  2.289
405   1.000  0.567  2.319
406   1.000  0.562  1.526
407   1.000  0.557  2.289
408   1.000  0.552  1.556
409   1.000  0.546  2.289
410   1.000  0.541  1.526
411   1.000  0.536  1.556
412   1.000  0.531  1.526
413   1.000  0.525  2.289
414   1.000  0.520  1.526
415   1.000  0.514  1.556
416   1.000  0.509  1.526
417   1.000  0.504  1.526
418   1.000  0.498  1.526
419   1.000  0.493  1.556
420   1.000  0.487  1.526
421   1.000  0.482  1.526
422   1.000  0.476  1.556
423   1.000  0.471  1.526
424   1.000  0.465  1.526
425   1.000  0.460  0.763
426   1.000  0.454  1.526
427   1.000  0.448  1.556
428   1.000  0.443  1.526
429   1.000  0.437  1.526
430   1.000  0.431  0.763
431   1.000  0.426  1.556
432   1.000  0.420  0.763
433   1.000  0.414  1.526
434   1.000  0.409  0.763
435   1.000  0.403  1.526
436   1.000  0.397  0.793
437   1.000  0.391  1.526
438   1.000  0.386  0.763
439   1.000  0.380  0.763
440   1.000  0.374  1.526
441   1.000  0.368  0.793
442   1.000  0.362  0.763
443   1.000  0.356  0.763
444   1.000  0.351  0.763
445   1.000  0.345  0.763
446   1.000  0.339  0.763
447   1.000  0.333  0.763
448   1.000  0.327  0.763
449   1.000  0.321  0.793
450   1.000  0.315  0.763
451   1.000  0.309  0.763
452   1.000  0.303  0.763
453   1.000  0.297  0.763
454   1.000  0.291  0.763
455   1.000  0.285  0.000
456   1.000  0.279  0.763
457   1.000  0.273  0.793
458   1.000  0.267  0.000
459   1.000  0.261  0.763
460   1.000  0.255  0.000
461   1.000  0.249  0.763
462   1.000  0.243  0.000
463   1.000  0.236  0.763
464   1.000  0.230  0.000
465   1.000  0.224  0.763
466   1.000  0.218  0.000
467   1.000  0.212  0.763
468   1.000  0.206  0.000
469   1.000  0.200  0.000
470   1.000  0.194  0.000
471   1.000  0.187  0.763
472   1.000  0.181  0.000
473   1.000  0.175  0.000
474   1.000  0.169  0.000
475   1.000  0.163  0.000
476   1.000  0.156  0.763
477   1.000  0.150  0.000
478   1.000  0.144  0.000
479   1.000  0.138  0.000
480   1.000  0.132  0.000
481   1.000  0.125  0.000
482   1.000  0.119  0.000
483   1.000  0.113  0.000
484   1.000  0.107  0.000
485   1.000  0.100  -0.763
486   1.000  0.094  0.000
487   1.000  0.088  0.000
488   1.000  0.082  0.000
489   1.000  0.075  0.000
490   1.000  0.069  0.000
491   1.000  0.063  0.000
492   1.000  0.057  -0.763
493   1.000  0.050  0.000
494   1.000  0.044  0.000
495   1.000  0.038  0.000
496   1.000  0.031  0.000
497   1.000  0.025  0.000
498   1.000  0.019  -0.763
499   1.000  0.013  0.000
500   1.000  0.006  0.000
501   1.000  0.000  0.000
502   1.000  -0.006  -0.763
503   1.000  -0.013  0.000
504   1.000  -0.019  0.000
505   1.000  -0.025  0.000
506   1.000  -0.031  0.000
507   1.000  -0.038  -0.763
508   1.000  -0.044  0.000
509   1.000  -0.050  0.000
510   1.000  -0.057  0.000
511   1.000  -0.063  0.000
512   1.000  -0.069  -0.763
513   1.000  -0.075  0.000
514   1.000  -0.082  0.000
515   1.000  -0.088  0.000
516   1.000  -0.094  -0.763
517   1.000  -0.100  0.000
518   1.000  -0.107  0.000
519   1.000  -0.113  0.000
520   1.000  -0.119  -0.793
521   1.000  -0.125  0.000
522   1.000  -0.132  0.000
523   1.000  -0.138  -0.763
524   1.000  -0.144  0.000
525   1.000  -0.150  0.000
526   1.000  -0.156  -0.763
527   1.000  -0.163  0.000
528   1.000  -0.169  0.000
529   1.000  -0.175  -0.763
530   1.000  -0.181  0.000
531   1.000  -0.187  0.000
532   1.000  -0.194  -0.763
533   1.000  -0.200  0.000
534   1.000  -0.206  0.000
535   1.000  -0.212  -0.763
536   1.000  -0.218  0.000
537   1.000  -0.224  -0.763
538   1.000  -0.230  0.000
539   1.000  -0.236  0.000
540   1.000  -0.243  -0.793
541   1.000  -0.249  0.000
542   1.000  -0.255  -0.763
543   1.000  -0.261  0.000
544   1.000  -0.267  -0.763
545   1.000  -0.273  0.000
546   1.000  -0.279  -0.763
547   1.000  -0.285  0.000
548   1.000  -0.291  -0.763
549   1.000  -0.297  0.000
550   1.000  -0.303  -0.763
551   1.000  -0.309  -0.763
552   1.000  -0.315  0.000
553   1.000  -0.321  -0.763
554   1.000  -0.327  0.000
555   1.000  -0.333  -0.793
556   1.000  -0.339  -0.763
557   1.000  -0.345  -0.763
558   1.000  -0.351  0.000
559   1.000  -0.356  -0.763
560   1.000  -0.362  -0.763
561   1.000  -0.368  -0.763
562   1.000  -0.374  -0.763
563   1.000  -0.380  -0.793
564   1.000  -0.386  -0.763
565   1.000  -0.391  -0.763
566   1.000  -0.397  -0.763
567   1.000  -0.403  -0.763
568   1.000  -0.409  -0.763
569   1.000  -0.414  -0.763
570   1.000  -0.420  -0.763
571   1.000  -0.426  -0.793
572   1.000  -0.431  -1.526
573   1.000  -0.437  -0.763
574   1.000  -0.443  -0.763
575   1.000  -0.448  -0.763
576   1.000  -0.454  -1.556
577   1.000  -0.460  -0.763
578   1.000  -0.465  -0.763
579   1.000  -0.471  -1.526
580   1.000  -0.476  -0.763
581   1.000  -0.482  -1.526
582   1.000  -0.487  -0.793
583   1.000  -0.493  -1.526
584   1.000  -0.498  -0.763
585   1.000  -0.504  -1.526
586   1.000  -0.509  -0.763
587   1.000  -0.514  -1.556
588   1.000  -0.520  -1.526
589   1.000  -0.525  -0.763
590   1.000  -0.531  -1.526
591   1.000  -0.536  -1.556
592   1.000  -0.541  -0.763
593   1.000  -0.546  -1.526
594   1.000  -0.552  -1.526
595   1.000  -0.557  -1.526
596   1.000  -0.562  -1.556
597   1.000  -0.567  -1.526
598   1.000  -0.572  -1.526
599   1.000  -0.578  -1.556
600   1.000  -0.583  -1.526
601   1.000  -0.588  -2.289
602   1.000  -0.593  -1.526
603   1.000  -0.598  -1.556
604   1.000  -0.603  -2.289
605   1.000  -0.608  -2.319
606   1.000  -0.613  -1.526
607   1.000  -0.618  -2.289
608   1.000  -0.623  -2.319
609   1.000  -0.628  -2.289
610   1.000  -0.633  -1.526
611   1.000  -0.637  -2.319
612   1.000  -0.642  -2.289
613   1.000  -0.647  -2.289
614   1.000  -0.652  -2.319
615   1.000  -0.657  -2.289
616   1.000  -0.661  -2.319
617   1.000  -0.666  -3.052
618   1.000  -0.671  -2.319
619   1.000  -0.675  -2.289
620   1.000  -0.680  -3.082
621   1.000  -0.685  -2.289
622   1.000  -0.689  -3.052
623   1.000  -0.694  -2.319
624   1.000  -0.698  -3.052
625   1.000  -0.703  -3.082
626   1.000  -0.707  -3.052
627   1.000  -0.712  -3.082
628   1.000  -0.716  -3.082
629   1.000  -0.720  -3.052
630   1.000  -0.725  -3.082
631   1.000  -0.729  -3.052
632   1.000  -0.733  -3.845
633   1.000  -0.738  -3.052
634   1.000  -0.742  -3.082
635   1.000  -0.746  -3.815
636   1.000  -0.750  -3.082
637   1.000  -0.754  -3.845
638   1.000  -0.758  -3.815
639   1.000  -0.762  -3.845
640   1.000  -0.766  -3.082
641   1.000  -0.771  -3.815
642   1.000  -0.775  -3.845
643   1.000  -0.778  -3.845
644   1.000  -0.782  -4.578
645   1.000  -0.786  -3.845
646   1.000  -0.790  -3.845
647   1.000  -0.794  -4.578
648   1.000  -0.798  -3.845
649   1.000  -0.802  -4.608
650   1.000  -0.805  -3.845
651   1.000  -0.809  -4.578
652   1.000  -0.813  -3.845
653   1.000  -0.816  -3.845
654   1.000  -0.820  -4.578
655   1.000  -0.824  -3.845
656   1.000  -0.827  -3.845
657   1.000  -0.831  -4.608
658   1.000  -0.834  -3.815
659   1.000  -0.838  -3.845
660   1.000  -0.841  -3.845
661   1.000  -0.844  -3.815
662   1.000  -0.848  -3.082
663   1.000  -0.851  -3.815
664   1.000  -0.854  -3.082
665   1.000  -0.858  -3.845
666   1.000  -0.861  -3.052
667   1.000  -0.864  -3.082
668   1.000  -0.867  -2.289
669   1.000  -0.870  -3.082
670   1.000  -0.873  -3.052
671   1.000  -0.876  -3.082
672   1.000  -0.879  -2.289
673   1.000  -0.882  -3.082
674   1.000  -0.885  -2.289
675   1.000  -0.888  -2.289
676   1.000  -0.891  -3.082
677   1.000  -0.894  -2.289
678   1.000  -0.897  -3.082
679   1.000  -0.899  -2.289
680   1.000  -0.902  -2.319
681   1.000  -0.905  -3.052
682   1.000  -0.907  -3.082
683   1.000  -0.910  -2.289
684   1.000  -0.913  -3.082
685   1.000  -0.915  -3.052
686   1.000  -0.918  -2.319
687   1.000  -0.920  -3.052
688   1.000  -0.923  -3.082
689   1.000  -0.925  -3.052
690   1.000  -0.927  -2.319
691   1.000  -0.930  -3.052
692   1.000  -0.932  -3.082
693   1.000  -0.934  -3.052
694   1.000  -0.937  -3.082
695   1.000  -0.939  -3.052
696   1.000  -0.941  -3.082
697   1.000  -0.943  -3.052
698   1.000  -0.945  -3.082
699   1.000  -0.947  -3.052
700   1.000  -0.949  -3.082
701   1.000  -0.951  -3.052
702   1.000  -0.953  -3.082
703   1.000  -0.955  -3.845
704   1.000  -0.957  -3.052
705   1.000  -0.959  -3.845
706   1.000  -0.960  -3.052
707   1.000  -0.962  -3.082
708   1.000  -0.964  -3.845
709   1.000  -0.965  -3.052
710   1.000  -0.967  -3.845
711   1.000  -0.969  -3.052
712   1.000  -0.970  -3.845
713   1.000  -0.972  -3.845
714   1.000  -0.973  -3.815
715   1.000  -0.975  -3.845
716   1.000  -0.976  -3.845
717   1.000  -0.977  -3.815
718   1.000  -0.979  -3.845
719   1.000  -0.980  -3.845
720   1.000  -0.981  -4.578
721   1.000  -0.982  -3.845
722   1.000  -0.983  -4.608
723   1.000  -0.985  -4.608
724   1.000  -0.986  -4.578
725   1.000  -0.987  -4.608
726   1.000  -0.988  -3.845
727   1.000  -0.989  -5.371
728   1.000  -0.990  -4.608
729   1.000  -0.990  -4.578
730   1.000  -0.991  -4.608
731   1.000  -0.992  -4.608
732   1.000  -0.993  -5.371
733   1.000  -0.994  -5.371
734   1.000  -0.994  -4.608
735   1.000  -0.995  -5.371
736   1.000  -0.996  -5.371
737   1.000  -0.996  -5.341
738   1.000  -0.997  -5.371
739   1.000  -0.997  -5.371
740   1.000  -0.998  -5.371
741   1.000  -0.998  -5.371
742   1.000  -0.998  -5.371
743   1.000  -0.999  -5.371
744   1.000  -0.999  -6.134
745   1.000  -0.999  -5.371
746   1.000  -1.000  -5.371
747   1.000  -1.000  -6.134
748   1.000  -1.000  -5.371
749   1.000  -1.000  -4.608
750   1.000  -1.000  -5.371
751   1.000  -1.000  -4.578
752   1.000  -1.000  -5.371
753   1.000  -1.000  -4.608
754   1.000  -1.000  -4.608
755   1.000  -1.000  -4.608
756   1.000  -1.000  -4.608
757   1.000  -0.999  -3.815
758   1.000  -0.999  -4.608
759   1.000  -0.999  -3.845
760   1.000  -0.998  -3.815
761   1.000  -0.998  -3.845
762   1.000  -0.998  -4.608
763   1.000  -0.997  -3.052
764   1.000  -0.997  -3.845
765   1.000  -0.996  -3.845
766   1.000  -0.996  -3.815
767   1.000  -0.995  -3.845
768   1.000  -0.994  -3.845
769   1.000  -0.994  -3.815
770   1.000  -0.993  -4.608
771   1.000  -0.992  -3.845
772   1.000  -0.991  -3.815
773   1.000  -0.990  -4.608
774   1.000  -0.990  -3.845
775   1.000  -0.989  -4.608
776   1.000  -0.988  -4.608
777   1.000  -0.987  -3.815
778   1.000  -0.986  -4.608
779   1.000  -0.985  -3.845
780   1.000  -0.983  -4.578
781   1.000  -0.982  -3.845
782   1.000  -0.981  -4.608
783   1.000  -0.980  -4.608
784   1.000  -0.979  -3.815
785   1.000  -0.977  -4.608
786   1.000  -0.976  -4.608
787   1.000  -0.975  -4.608
788   1.000  -0.973  -4.608
789   1.000  -0.972  -4.578
790   1.000  -0.970  -3.845
791   1.000  -0.969  -4.608
792   1.000  -0.967  -4.608
793   1.000  -0.965  -4.578
794   1.000  -0.964  -4.608
795   1.000  -0.962  -4.608
796   1.000  -0.960  -4.608
797   1.000  -0.959  -4.608
798   1.000  -0.957  -4.578
799   1.000  -0.955  -4.608
800   1.000  -0.953  -4.608
801   1.000  -0.951  -5.371
802   1.000  -0.949  -4.608
803   1.000  -0.947  -5.371
804   1.000  -0.945  -5.371
805   1.000  -0.943  -4.578
806   1.000  -0.941  -4.608
807   1.000  -0.939  -5.371
808   1.000  -0.937  -4.608
809   1.000  -0.934  -5.371
810   1.000  -0.932  -5.371
811   1.000  -0.930  -4.608
812   1.000  -0.927  -5.341
813   1.000  -0.925  -5.371
814   1.000  -0.923  -5.371
815   1.000  -0.920  -5.371
816   1.000  -0.918  -5.371
817   1.000  -0.915  -5.371
818   1.000  -0.913  -5.371
819   1.000  -0.910  -5.371
820   1.000  -0.907  -5.371
821   1.000  -0.905  -5.371
822   1.000  -0.902  -5.371
823   1.000  -0.899  -4.608
824   1.000  -0.897  -5.341
825   1.000  -0.894  -4.608
826   1.000  -0.891  -5.371
827   1.000  -0.888  -4.608
828   1.000  -0.885  -4.608
829   1.000  -0.882  -4.608
830   1.000  -0.879  -4.578
831   1.000  -0.876  -3.845
832   1.000  -0.873  -3.845
833   1.000  -0.870  -3.815
834   1.000  -0.867  -3.845
835   1.000  -0.864  -3.082
836   1.000  -0.861  -3.815
837   1.000  -0.858  -3.082
838   1.000  -0.854  -3.815
839   1.000  -0.851  -3.082
840   1.000  -0.848  -3.082
841   1.000  -0.844  -3.052
842   1.000  -0.841  -3.082
843   1.000  -0.838  -3.052
844   1.000  -0.834  -3.082
845   1.000  -0.831  -3.052
846   1.000  -0.827  -3.082
847   1.000  -0.824  -3.052
848   1.000  -0.820  -3.845
849   1.000  -0.816  -3.052
850   1.000  -0.813  -3.082
851   1.000  -0.809  -3.052
852   1.000  -0.805  -3.082
853   1.000  -0.802  -3.082
854   1.000  -0.798  -3.052
855   1.000  -0.794  -3.082
856   1.000  -0.790  -3.052
857   1.000  -0.786  -3.082
858   1.000  -0.782  -3.052
859   1.000  -0.778  -2.319
860   1.000  -0.775  -3.052
861   1.000  -0.771  -3.082
862   1.000  -0.766  -3.052
863   1.000  -0.762  -3.082
864   1.000  -0.758  -3.052
865   1.000  -0.754  -2.319
866   1.000  -0.750  -3.052
867   1.000  -0.746  -3.082
868   1.000  -0.742  -3.052
869   1.000  -0.738  -2.319
870   1.000  -0.733  -3.052
871   1.000  -0.729  -2.319
872   1.000  -0.725  -3.052
873   1.000  -0.720  -2.289
874   1.000  -0.716  -3.082
875   1.000  -0.712  -2.289
876   1.000  -0.707  -2.319
877   1.000  -0.703  -3.052
878   1.000  -0.698  -2.319
879   1.000  -0.694  -3.052
880   1.000  -0.689  -2.319
881   1.000  -0.685  -2.289
882   1.000  -0.680  -3.082
883   1.000  -0.675  -2.289
884   1.000  -0.671  -2.289
885   1.000  -0.666  -3.082
886   1.000  -0.661  -2.289
887   1.000  -0.657  -2.319
888   1.000  -0.652  -3.052
889   1.000  -0.647  -2.319
890   1.000  -0.642  -2.289
891   1.000  -0.637  -3.082
892   1.000  -0.633  -2.289
893   1.000  -0.628  -2.289
894   1.000  -0.623  -2.319
895   1.000  -0.618  -2.289
896   1.000  -0.613  -2.319
897   1.000  -0.608  -3.052
898   1.000  -0.603  -2.319
899   1.000  -0.598  -2.289
900   1.000  -0.593  -2.289
901   1.000  -0.588  -2.319
902   1.000  -0.583  -3.052
903   1.000  -0.578  -2.319
904   1.000  -0.572  -2.289
905   1.000  -0.567  -2.289
906   1.000  -0.562  -2.319
907   1.000  -0.557  -2.289
908   1.000  -0.552  -2.319
909   1.000  -0.546  -2.289
910   1.000  -0.541  -3.082
911   1.000  -0.536  -2.289
912   1.000  -0.531  -2.289
913   1.000  -0.525  -3.082
914   1.000  -0.520  -2.289
915   1.000  -0.514  -3.082
916   1.000  -0.509  -2.289
917   1.000  -0.504  -3.082
918   1.000  -0.498  -2.289
919   1.000  -0.493  -3.082
920   1.000  -0.487  -2.289
921   1.000  -0.482  -2.289
922   1.000  -0.476  -3.082
923   1.000  -0.471  -2.289
924   1.000  -0.465  -3.082
925   1.000  -0.460  -2.289
926   1.000  -0.454  -3.082
927   1.000  -0.448  -3.052
928   1.000  -0.443  -2.319
929   1.000  -0.437  -3.052
930   1.000  -0.431  -3.082
931   1.000  -0.426  -2.289
932   1.000  -0.420  -3.082
933   1.000  -0.414  -3.052
934   1.000  -0.409  -2.319
935   1.000  -0.403  -3.052
936   1.000  -0.397  -3.082
937   1.000  -0.391  -2.289
938   1.000  -0.386  -3.082
939   1.000  -0.380  -2.289
940   1.000  -0.374  -3.082
941   1.000  -0.368  -2.289
942   1.000  -0.362  -2.289
943   1.000  -0.356  -2.319
944   1.000  -0.351  -2.289
945   1.000  -0.345  -2.319
946   1.000  -0.339  -2.289
947   1.000  -0.333  -1.526
948   1.000  -0.327  -1.556
949   1.000  -0.321  -2.289
950   1.000  -0.315  -1.526
951   1.000  -0.309  -0.763
952   1.000  -0.303  -1.556
953   1.000  -0.297  -1.526
954   1.000  -0.291  -0.763
955   1.000  -0.285  -0.763
956   1.000  -0.279  -0.763
957   1.000  -0.273  -0.763
958   1.000  -0.267  0.000
959   1.000  -0.261  -0.793
960   1.000  -0.255  0.000
961   1.000  -0.249  0.000
962   1.000  -0.243  -0.763
963   1.000  -0.236  0.000
964   1.000  -0.230  0.763
965   1.000  -0.224  0.000
966   1.000  -0.218  0.000
967   1.000  -0.212  0.793
968   1.000  -0.206  0.763
969   1.000  -0.200  0.000
970   1.000  -0.194  0.763
971   1.000  -0.187  0.763
972   1.000  -0.181  0.763
973   1.000  -0.175  0.763
974   1.000  -0.169  0.763
975   1.000  -0.163  0.793
976   1.000  -0.156  0.763
977   1.000  -0.150  0.763
978   1.000  -0.144  0.763
979   1.000  -0.138  0.763
980   1.000  -0.132  0.763
981   1.000  -0.125  0.763
982   1.000  -0.119  0.763
983   1.000  -0.113  0.793
984   1.000  -0.107  0.763
985   1.000  -0.100  0.763
986   1.000  -0.094  0.763
987   1.000  -0.088  0.763
988   1.000  -0.082  0.763
989   1.000  -0.075  0.000
990   1.000  -0.069  0.763
991   1.000  -0.063  0.793
992   1.000  -0.057  0.763
993   1.000  -0.050  0.000
994   1.000  -0.044  0.763
995   1.000  -0.038  0.763
996   1.000  -0.031  0.000
997   1.000  -0.025  0.763
998   1.000  -0.019  0.000
999   1.000  -0.013  0.763
1000   1.000  -0.006  0.000
1001   1.000  -0.000  0.763
1002   1.000  0.006  0.000
1003   1.000  0.013  0.763
1004   1.000  0.019  0.000
1005   1.000  0.025  0.000
1006   1.000  0.031  0.793
1007   1.000  0.038  0.000
1008   1.000  0.044  0.000
1009   1.000  0.050  0.763
1010   1.000  0.057  0.000
1011   1.000  0.063  0.000
1012   1.000  0.069  0.000
1013   1.000  0.075  0.000
1014   1.000  0.082  0.763
1015   1.000  0.088  0.000
1016   1.000  0.094  0.000
1017   1.000  0.100  0.000
1018   1.000  0.107  0.000
1019   1.000  0.113  0.000
1020   1.000  0.119  0.763
1021   1.000  0.125  0.000
1022   1.000  0.132  0.000
1023   1.000  0.138  0.000
1024   1.000  0.144  0.000
1025   1.000  0.150  0.000
1026   1.000  0.156  0.000
1027   1.000  0.163  0.763
1028   1.000  0.169  0.000
1029   1.000  0.175  0.000
1030   1.000  0.181  0.000
1031   1.000  0.187  0.000
1032   1.000  0.194  0.000
1033   1.000  0.200  0.763
1034   1.000  0.206  0.000
1035   1.000  0.212  0.000
1036   1.000  0.218  0.000
1037   1.000  0.224  0.000
1038   1.000  0.230  0.763
1039   1.000  0.236  0.000
1040   1.000  0.243  0.000
1041   1.000  0.249  0.000
1042   1.000  0.255  0.000
1043   1.000  0.261  0.793
1044   1.000  0.267  0.000
1045   1.000  0.273  0.000
1046   1.000  0.279  0.000
1047   1.000  0.285  0.763
1048   1.000  0.291  0.000
1049   1.000  0.297  0.000
1050   1.000  0.303  0.000
1051   1.000  0.309  0.000
1052   1.000  0.315  0.763
1053   1.000  0.321  0.000
1054   1.000  0.327  0.000
1055   1.000  0.333  0.763
1056   1.000  0.339  0.000
1057   1.000  0.345  0.000
1058   1.000  0.351  0.000
1059   1.000  0.356  0.763
1060   1.000  0.362  0.000
1061   1.000  0.368  0.000
1062   1.000  0.374  0.000
1063   1.000  0.380  0.763
1064   1.000  0.386  0.000
1065   1.000  0.391  0.000
1066   1.000  0.397  0.000
1067   1.000  0.403  0.763
1068   1.000  0.409  0.000
1069   1.000  0.414  0.000
1070   1.000  0.420  0.000
1071   1.000  0.426  0.763
1072   1.000  0.431  0.000
1073   1.000  0.437  0.000
1074   1.000  0.443  0.793
1075   1.000  0.448  0.000
1076   1.000  0.454  0.000
1077   1.000  0.460  0.000
1078   1.000  0.465  0.763
1079   1.000  0.471  0.000
1080   1.000  0.476  0.000
1081   1.000  0.482  0.000
1082   1.000  0.487  0.763
1083   1.000  0.493  0.000
1084   1.000  0.498  0.000
1085   1.000  0.504  0.000
1086   1.000  0.509  0.763
1087   1.000  0.514  0.000
1088   1.000  0.520  0.000
1089   1.000  0.525  0.000
1090   1.000  0.531  0.763
1091   1.000  0.536  0.000
1092   1.000  0.541  0.000
1093   1.000  0.546  0.763
1094   1.000  0.552  0.000
1095   1.000  0.557  0.000
1096   1.000  0.562  0.763
1097   1.000  0.567  0.000
1098   1.000  0.572  0.000
1099   1.000  0.578  0.763
1100   1.000  0.583  0.000
1101   1.000  0.588  0.793
1102   1.000  0.593  0.000
1103   1.000  0.598  0.000
1104   1.000  0.603  0.763
1105   1.000  0.608  0.000
1106   1.000  0.613  0.000
1107   1.000  0.618  0.763
1108   1.000  0.623  0.000
1109   1.000  0.628  0.000
1110   1.000  0.633  0.763
1111   1.000  0.637  0.000
1112   1.000  0.642  0.763
1113   1.000  0.647  0.000
1114   1.000  0.652  0.000
1115   1.000  0.657  0.763
1116   1.000  0.661  0.000
1117   1.000  0.666  0.763
1118   1.000  0.671  0.000
1119   1.000  0.675  0.793
1120   1.000  0.680  0.000
1121   1.000  0.685  0.763
1122   1.000  0.689  0.000
1123   1.000  0.694  0.763
1124   1.000  0.698  0.000
1125   1.000  0.703  0.000
1126   1.000  0.707  0.763
1127   1.000  0.712  0.000
1128   1.000  0.716  0.763
1129   1.000  0.720  0.000
1130   1.000  0.725  0.763
1131   1.000  0.729  0.763
1132   1.000  0.733  0.000
1133   1.000  0.738  0.763
1134   1.000  0.742  0.000
1135   1.000  0.746  0.793
1136   1.000  0.750  0.000
1137   1.000  0.754  0.763
1138   1.000  0.758  0.000
1139   1.000  0.762  0.763
1140   1.000  0.766  0.000
1141   1.000  0.771  0.763
1142   1.000  0.775  0.763
1143   1.000  0.778  0.000
1144   1.000  0.782  0.763
1145   1.000  0.786  0.763
1146   1.000  0.790  0.000
1147   1.000  0.794  0.793
1148   1.000  0.798  0.763
1149   1.000  0.802  0.000
1150   1.000  0.805  0.763
1151   1.000  0.809  0.763
1152   1.000  0.813  0.000
1153   1.000  0.816  0.763
1154   1.000  0.820  0.763
1155   1.000  0.824  0.763
1156   1.000  0.827  0.000
1157   1.000  0.831  0.763
1158   1.000  0.834  0.793
1159   1.000  0.838  0.763
1160   1.000  0.841  0.763
1161   1.000  0.844  0.000
1162   1.000  0.848  0.763
1163   1.000  0.851  0.763
1164   1.000  0.854  0.763
1165   1.000  0.858  0.763
1166   1.000  0.861  0.793
1167   1.000  0.864  0.763
1168   1.000  0.867  0.763
1169   1.000  0.870  0.763
1170   1.000  0.873  0.763
1171   1.000  0.876  0.763
1172   1.000  0.879  0.763
1173   1.000  0.882  0.763
1174   1.000  0.885  0.793
1175   1.000  0.888  0.763
1176   1.000  0.891  1.526
1177   1.000  0.894  0.763
1178   1.000  0.897  0.763
1179   1.000  0.899  0.763
1180   1.000  0.902  1.556
1181   1.000  0.905  0.763
1182   1.000  0.907  0.763
1183   1.000  0.910  0.763
1184   1.000  0.913  1.526
1185   1.000  0.915  0.763
1186   1.000  0.918  1.556
1187   1.000  0.920  0.763
1188   1.000  0.923  1.526
1189   1.000  0.925  0.763
1190   1.000  0.927  1.556
1191   1.000  0.930  0.763
1192   1.000  0.932  1.526
1193   1.000  0.934  0.763
1194   1.000  0.937  1.526
1195   1.000  0.939  1.556
1196   1.000  0.941  1.526
1197   1.000  0.943  0.763
1198   1.000  0.945  1.526
1199   1.000  0.947  1.556
1200   1.000  0.949  1.526
1201   1.000  0.951  1.526
1202   1.000  0.953  0.763
1203   1.000  0.955  1.526
1204   1.000  0.957  1.556
1205   1.000  0.959  1.526
1206   1.000  0.960  1.526
1207   1.000  0.962  1.556
1208   1.000  0.964  1.526
1209   1.000  0.965  1.526
1210   1.000  0.967  1.526
1211   1.000  0.969  2.319
1212   1.000  0.970  1.526
1213   1.000  0.972  1.526
1214   1.000  0.973  2.319
1215   1.000  0.975  1.526
1216   1.000  0.976  2.289
1217   1.000  0.977  2.319
1218   1.000  0.979  2.289
1219   1.000  0.980  1.526
1220   1.000  0.981  2.319
1221   1.000  0.982  2.289
1222   1.000  0.983  2.319
1223   1.000  0.985  2.289
1224   1.000  0.986  2.289
1225   1.000  0.987  3.082
1226   1.000  0.988  2.289
1227   1.000  0.989  2.319
1228   1.000  0.990  3.052
1229   1.000  0.990  2.319
1230   1.000  0.991  3.052
1231   1.000  0.992  3.082
1232   1.000  0.993  2.289
1233   1.000  0.994  3.082
1234   1.000  0.994  3.052
1235   1.000  0.995  3.082
1236   1.000  0.996  3.052
1237   1.000  0.996  3.082
1238   1.000  0.997  3.052
1239   1.000  0.997  3.845
1240   1.000  0.998  3.052
1241   1.000  0.998  3.082
1242   1.000  0.998  3.845
1243   1.000  0.999  3.052
1244   1.000  0.999  3.845
1245   1.000  0.999  3.052
1246   1.000  1.000  3.845
1247   1.000  1.000  3.845
1248   1.000  1.000  3.815
1249   1.000  1.000  3.845
1250   1.000  1.000  3.845
1251   1.000  1.000  3.815
1252   1.000  1.000  3.845
1253   1.000  1.000  3.845
1254   1.000  1.000  3.815
1255   1.000  1.000  3.845
1256   1.000  1.000  3.845
1257   1.000  0.999  4.578
1258   1.000  0.999  3.845
1259   1.000  0.999  3.845
1260   1.000  0.998  3.815
1261   1.000  0.998  3.845
1262   1.000  0.998  3.845
1263   1.000  0.997  4.608
1264   1.000  0.997  3.815
1265   1.000  0.996  3.845
1266   1.000  0.996  3.845
1267   1.000  0.995  4.578
1268   1.000  0.994  3.845
1269   1.000  0.994  3.845
1270   1.000  0.993  4.578
1271   1.000  0.992  4.608
1272   1.000  0.991  3.845
1273   1.000  0.990  4.608
1274   1.000  0.990  4.608
1275   1.000  0.989  5.341
1276   1.000  0.988  4.608
1277   1.000  0.987  5.371
1278   1.000  0.986  5.371
1279   1.000  0.985  5.371
1280   1.000  0.983  5.371
1281   1.000  0.982  5.371
1282   1.000  0.981  5.371
1283   1.000  0.980  5.371
1284   1.000  0.979  5.371
1285   1.000  0.977  5.371
1286   1.000  0.976  6.134
1287   1.000  0.975  5.371
1288   1.000  0.973  5.371
1289   1.000  0.972  5.341
1290   1.000  0.970  5.371
1291   1.000  0.969  4.608
1292   1.000  0.967  5.371
1293   1.000  0.965  5.371
1294   1.000  0.964  4.608
1295   1.000  0.962  4.608
1296   1.000  0.960  5.371
1297   1.000  0.959  4.578
1298   1.000  0.957  4.608
1299   1.000  0.955  4.608
1300   1.000  0.953  4.608
1301   1.000  0.951  4.608
1302   1.000  0.949  4.578
1303   1.000  0.947  4.608
1304   1.000  0.945  5.371
1305   1.000  0.943  4.608
1306   1.000  0.941  4.608
1307   1.000  0.939  3.815
1308   1.000  0.937  4.608
1309   1.000  0.934  4.608
1310   1.000  0.932  4.608
1311   1.000  0.930  4.608
1312   1.000  0.927  3.815
1313   1.000  0.925  4.608
1314   1.000  0.923  4.608
1315   1.000  0.920  4.608
1316   1.000  0.918  4.578
1317   1.000  0.915  4.608
1318   1.000  0.913  4.608
1319   1.000  0.910  4.608
1320   1.000  0.907  4.608
1321   1.000  0.905  4.578
1322   1.000  0.902  3.845
1323   1.000  0.899  4.608
1324   1.000  0.897  4.608
1325   1.000  0.894  4.578
1326   1.000  0.891  3.845
1327   1.000  0.888  4.608
1328   1.000  0.885  4.608
1329   1.000  0.882  3.815
1330   1.000  0.879  4.608
1331   1.000  0.876  4.608
1332   1.000  0.873  4.608
1333   1.000  0.870  4.608
1334   1.000  0.867  4.578
1335   1.000  0.864  3.845
1336   1.000  0.861  4.608
1337   1.000  0.858  3.815
1338   1.000  0.854  3.845
1339   1.000  0.851  4.608
1340   1.000  0.848  3.845
1341   1.000  0.844  4.578
1342   1.000  0.841  3.845
1343   1.000  0.838  4.608
1344   1.000  0.834  3.815
1345   1.000  0.831  4.608
1346   1.000  0.827  4.608
1347   1.000  0.824  4.608
1348   1.000  0.820  4.608
1349   1.000  0.816  5.371
1350   1.000  0.813  4.578
1351   1.000  0.809  4.608
1352   1.000  0.805  5.371
1353   1.000  0.802  4.608
1354   1.000  0.798  5.371
1355   1.000  0.794  5.371
1356   1.000  0.790  5.371
1357   1.000  0.786  5.371
1358   1.000  0.782  5.371
1359   1.000  0.778  5.341
1360   1.000  0.775  5.371
1361   1.000  0.771  5.371
1362   1.000  0.766  5.371
1363   1.000  0.762  4.608
1364   1.000  0.758  5.371
1365   1.000  0.754  4.608
1366   1.000  0.750  5.371
1367   1.000  0.746  4.608
1368   1.000  0.742  4.578
1369   1.000  0.738  5.371
1370   1.000  0.733  4.608
1371   1.000  0.729  4.608
1372   1.000  0.725  4.608
1373   1.000  0.720  4.578
1374   1.000  0.716  4.608
1375   1.000  0.712  3.845
1376   1.000  0.707  4.608
1377   1.000  0.703  4.578
1378   1.000  0.698  3.845
1379   1.000  0.694  3.845
1380   1.000  0.689  4.608
1381   1.000  0.685  3.815
1382   1.000  0.680  3.845
1383   1.000  0.675  3.845
1384   1.000  0.671  3.815
1385   1.000  0.666  3.845
1386   1.000  0.661  3.845
1387   1.000  0.657  3.815
1388   1.000  0.652  3.845
1389   1.000  0.647  3.052
1390   1.000  0.642  3.845
1391   1.000  0.637  3.082
1392   1.000  0.633  3.815
1393   1.000  0.628  3.082
1394   1.000  0.623  3.052
1395   1.000  0.618  3.082
1396   1.000  0.613  3.052
1397   1.000  0.608  3.082
1398   1.000  0.603  3.082
1399   1.000  0.598  3.052
1400   1.000  0.593  3.082
1401   1.000  0.588  3.052
1402   1.000  0.583  3.082
1403   1.000  0.578  3.052
1404   1.000  0.572  3.082
1405   1.000  0.567  3.052
1406   1.000  0.562  3.082
1407   1.000  0.557  2.289
1408   1.000  0.552  3.082
1409   1.000  0.546  3.052
1410   1.000  0.541  3.082
1411   1.000  0.536  2.289
1412   1.000  0.531  3.082
1413   1.000  0.525  2.289
1414   1.000  0.520  3.082
1415   1.000  0.514  2.289
1416   1.000  0.509  3.082
1417   1.000  0.504  2.289
1418   1.000  0.498  2.289
1419   1.000  0.493  3.082
1420   1.000  0.487  2.289
1421   1.000  0.482  2.319
1422   1.000  0.476  2.289
1423   1.000  0.471  2.289
1424   1.000  0.465  2.319
1425   1.000  0.460  3.052
1426   1.000  0.454  2.319
1427   1.000  0.448  2.289
1428   1.000  0.443  2.319
1429   1.000  0.437  1.526
1430   1.000  0.431  2.289
1431   1.000  0.426  2.319
1432   1.000  0.420  2.289
1433   1.000  0.414  2.289
1434   1.000  0.409  1.556
1435   1.000  0.403  2.289
1436   1.000  0.397  1.526
1437   1.000  0.391  2.319
1438   1.000  0.386  1.526
1439   1.000  0.380  2.289
1440   1.000  0.374  1.556
1441   1.000  0.368  2.289
1442   1.000  0.362  1.526
1443   1.000  0.356  2.319
1444   1.000  0.351  1.526
1445   1.000  0.345  2.289
1446   1.000  0.339  2.319
1447   1.000  0.333  1.526
1448   1.000  0.327  2.289
1449   1.000  0.321  2.319
1450   1.000  0.315  1.526
1451   1.000  0.309  2.319
1452   1.000  0.303  2.289
1453   1.000  0.297  2.289
1454   1.000  0.291  1.556
1455   1.000  0.285  2.289
1456   1.000  0.279  2.289
1457   1.000  0.273  2.319
1458   1.000  0.267  2.289
1459   1.000  0.261  2.319
1460   1.000  0.255  3.052
1461   1.000  0.249  2.319
1462   1.000  0.243  2.289
1463   1.000  0.236  2.289
1464   1.000  0.230  2.319
1465   1.000  0.224  2.289
1466   1.000  0.218  2.319
1467   1.000  0.212  2.289
1468   1.000  0.206  2.289
1469   1.000  0.200  2.319
1470   1.000  0.194  2.289
1471   1.000  0.187  1.526
1472   1.000  0.181  2.319
1473   1.000  0.175  1.526
1474   1.000  0.169  2.289
1475   1.000  0.163  1.556
1476   1.000  0.156  2.289
1477   1.000  0.150  1.526
1478   1.000  0.144  1.556
1479   1.000  0.138  1.526
1480   1.000  0.132  1.526
1481   1.000  0.125  0.763
1482   1.000  0.119  1.556
1483   1.000  0.113  1.526
1484   1.000  0.107  0.763
1485   1.000  0.100  0.763
1486   1.000  0.094  1.526
1487   1.000  0.088  0.763
1488   1.000  0.082  0.793
1489   1.000  0.075  0.763
1490   1.000  0.069  0.763
1491   1.000  0.063  0.000
1492   1.000  0.057  0.763
1493   1.000  0.050  0.000
1494   1.000  0.044  0.763
1495   1.000  0.038  0.000
1496   1.000  0.031  0.000
1497   1.000  0.025  0.000
1498   1.000  0.019  0.000
1499   1.000  0.013  0.000
1500   1.000  0.006  0.000
1501   1.000  0.000  0.000
1502   1.000  -0.006  0.000
1503   1.000  -0.013  -0.763
1504   1.000  -0.019  0.000
1505   1.000  -0.025  0.000
1506   1.000  -0.031  -0.763
1507   1.000  -0.038  0.000
1508   1.000  -0.044  -0.763
1509   1.000  -0.050  -0.763
1510   1.000  -0.057  0.000
1511   1.000  -0.063  -0.793
1512   1.000  -0.069  -0.763
1513   1.000  -0.075  -0.763
1514   1.000  -0.082  0.000
1515   1.000  -0.088  -0.763
1516   1.000  -0.094  -0.763
1517   1.000  -0.100  -0.763
1518   1.000  -0.107  -0.763
1519   1.000  -0.113  0.000
1520   1.000  -0.119  -0.763
1521   1.000  -0.125  -0.793
1522   1.000  -0.132  -0.763
1523   1.000  -0.138  0.000
1524   1.000  -0.144  -0.763
1525   1.000  -0.150  -0.763
1526   1.000  -0.156  0.000
1527   1.000  -0.163  -0.763
1528   1.000  -0.169  -0.763
1529   1.000  -0.175  -0.763
1530   1.000  -0.181  0.000
1531   1.000  -0.187  -0.793
1532   1.000  -0.194  0.000
1533   1.000  -0.200  -0.763
1534   1.000  -0.206  -0.763
1535   1.000  -0.212  0.000
1536   1.000  -0.218  -0.763
1537   1.000  -0.224  0.000
1538   1.000  -0.230  -0.763
1539   1.000  -0.236  -0.763
1540   1.000  -0.243  0.000
1541   1.000  -0.249  -0.763
1542   1.000  -0.255  0.000
1543   1.000  -0.261  0.000
1544   1.000  -0.267  -0.763
1545   1.000  -0.273  0.000
1546   1.000  -0.279  -0.793
1547   1.000  -0.285  0.000
1548   1.000  -0.291  0.000
1549   1.000  -0.297  -0.763
1550   1.000  -0.303  0.000
1551   1.000  -0.309  -0.763
1552   1.000  -0.315  0.000
1553   1.000  -0.321  0.000
1554   1.000  -0.327  -0.763
1555   1.000  -0.333  0.000
1556   1.000  -0.339  0.000
1557   1.000  -0.345  0.000
1558   1.000  -0.351  -0.763
1559   1.000  -0.356  0.000
1560   1.000  -0.362  0.000
1561   1.000  -0.368  -0.763
1562   1.000  -0.374  0.000
1563   1.000  -0.380  0.000
1564   1.000  -0.386  0.000
1565   1.000  -0.391  -0.763
1566   1.000  -0.397  0.000
1567   1.000  -0.403  0.000
1568   1.000  -0.409  0.000
1569   1.000  -0.414  -0.763
1570   1.000  -0.420  0.000
1571   1.000  -0.426  0.000
1572   1.000  -0.431  0.000
1573   1.000  -0.437  -0.793
1574   1.000  -0.443  0.000
1575   1.000  -0.448  0.000
1576   1.000  -0.454  0.000
1577   1.000  -0.460  -0.763
1578   1.000  -0.465  0.000
1579   1.000  -0.471  0.000
1580   1.000  -0.476  0.000
1581   1.000  -0.482  -0.763
1582   1.000  -0.487  0.000
1583   1.000  -0.493  0.000
1584   1.000  -0.498  0.000
1585   1.000  -0.504  -0.763
1586   1.000  -0.509  0.000
1587   1.000  -0.514  0.000
1588   1.000  -0.520  0.000
1589   1.000  -0.525  -0.763
1590   1.000  -0.531  0.000
1591   1.000  -0.536  0.000
1592   1.000  -0.541  0.000
1593   1.000  -0.546  -0.763
1594   1.000  -0.552  0.000
1595   1.000  -0.557  0.000
1596   1.000  -0.562  -0.763
1597   1.000  -0.567  0.000
1598   1.000  -0.572  0.000
1599   1.000  -0.578  0.000
1600   1.000  -0.583  -0.793
1601   1.000  -0.588  0.000
1602   1.000  -0.593  0.000
1603   1.000  -0.598  -0.763
1604   1.000  -0.603  0.000
1605   1.000  -0.608  0.000
1606   1.000  -0.613  -0.763
1607   1.000  -0.618  0.000
1608   1.000  -0.623  0.000
1609   1.000  -0.628  -0.763
1610   1.000  -0.633  0.000
1611   1.000  -0.637  0.000
1612   1.000  -0.642  -0.763
1613   1.000  -0.647  0.000
1614   1.000  -0.652  0.000
1615   1.000  -0.657  0.000
1616   1.000  -0.661  -0.763
1617   1.000  -0.666  0.000
1618   1.000  -0.671  0.000
1619   1.000  -0.675  -0.763
1620   1.000  -0.680  0.000
1621   1.000  -0.685  0.000
1622   1.000  -0.689  -0.763
1623   1.000  -0.694  0.000
1624   1.000  -0.698  0.000
1625   1.000  -0.703  -0.793
1626   1.000  -0.707  0.000
1627   1.000  -0.712  0.000
1628   1.000  -0.716  -0.763
1629   1.000  -0.720  0.000
1630   1.000  -0.725  0.000
1631   1.000  -0.729  -0.763
1632   1.000  -0.733  0.000
1633   1.000  -0.738  0.000
1634   1.000  -0.742  -0.763
1635   1.000  -0.746  0.000
1636   1.000  -0.750  0.000
1637   1.000  -0.754  -0.763
1638   1.000  -0.758  0.000
1639   1.000  -0.762  0.000
1640   1.000  -0.766  -0.763
1641   1.000  -0.771  0.000
1642   1.000  -0.775  -0.763
1643   1.000  -0.778  0.000
1644   1.000  -0.782  0.000
1645   1.000  -0.786  -0.793
1646   1.000  -0.790  0.000
1647   1.000  -0.794  0.000
1648   1.000  -0.798  -0.763
1649   1.000  -0.802  0.000
1650   1.000  -0.805  0.000
1651   1.000  -0.809  -0.763
1652   1.000  -0.813  0.000
1653   1.000  -0.816  0.000
1654   1.000  -0.820  -0.763
1655   1.000  -0.824  0.000
1656   1.000  -0.827  0.000
1657   1.000  -0.831  -0.763
1658   1.000  -0.834  0.000
1659   1.000  -0.838  0.000
1660   1.000  -0.841  -0.763
1661   1.000  -0.844  0.000
1662   1.000  -0.848  0.000
1663   1.000  -0.851  0.000
1664   1.000  -0.854  -0.763
1665   1.000  -0.858  0.000
1666   1.000  -0.861  0.000
1667   1.000  -0.864  -0.763
1668   1.000  -0.867  0.000
1669   1.000  -0.870  0.000
1670   1.000  -0.873  -0.793
1671   1.000  -0.876  0.000
1672   1.000  -0.879  0.000
1673   1.000  -0.882  -0.763
1674   1.000  -0.885  0.000
1675   1.000  -0.888  0.000
1676   1.000  -0.891  0.000
1677   1.000  -0.894  -0.763
1678   1.000  -0.897  0.000
1679   1.000  -0.899  0.000
1680   1.000  -0.902  -0.763
1681   1.000  -0.905  0.000
1682   1.000  -0.907  0.000
1683   1.000  -0.910  -0.763
1684   1.000  -0.913  0.000
1685   1.000  -0.915  0.000
1686   1.000  -0.918  -0.763
1687   1.000  -0.920  0.000
1688   1.000  -0.923  0.000
1689   1.000  -0.925  -0.763
1690   1.000  -0.927  0.000
1691   1.000  -0.930  0.000
1692   1.000  -0.932  -0.793
1693   1.000  -0.934  0.000
1694   1.000  -0.937  0.000
1695   1.000  -0.939  -0.763
1696   1.000  -0.941  0.000
1697   1.000  -0.943  0.000
1698   1.000  -0.945  -0.763
1699   1.000  -0.947  0.000
1700   1.000  -0.949  0.000
1701   1.000  -0.951  -0.763
1702   1.000  -0.953  0.000
1703   1.000  -0.955  0.000
1704   1.000  -0.957  0.000
1705   1.000  -0.959  -0.763
1706   1.000  -0.960  0.000
1707   1.000  -0.962  0.000
1708   1.000  -0.964  -0.763
1709   1.000  -0.965  0.000
1710   1.000  -0.967  0.000
1711   1.000  -0.969  -0.763
1712   1.000  -0.970  0.000
1713   1.000  -0.972  0.000
1714   1.000  -0.973  -0.763
1715   1.000  -0.975  0.000
1716   1.000  -0.976  0.000
1717   1.000  -0.977  -0.793
1718   1.000  -0.979  0.000
1719   1.000  -0.980  0.000
1720   1.000  -0.981  -0.763
1721   1.000  -0.982  0.000
1722   1.000  -0.983  0.000
1723   1.000  -0.985  -0.763
1724   1.000  -0.986  0.000
1725   1.000  -0.987  0.000
1726   1.000  -0.988  -0.763
1727   1.000  -0.989  0.000
1728   1.000  -0.990  0.000
1729   1.000  -0.990  -0.763
1730   1.000  -0.991  0.000
1731   1.000  -0.992  0.000
1732   1.000  -0.993  -0.763
1733   1.000  -0.994  0.000
1734   1.000  -0.994  0.000
1735   1.000  -0.995  -0.763
1736   1.000  -0.996  0.000
1737   1.000  -0.996  0.000
1738   1.000  -0.997  -0.793
1739   1.000  -0.997  0.000
1740   1.000  -0.998  0.000
1741   1.000  -0.998  -0.763
1742   1.000  -0.998  0.000
1743   1.000  -0.999  -0.763
1744   1.000  -0.999  0.000
1745   1.000  -0.999  0.000
1746   1.000  -1.000  -0.763
1747   1.000  -1.000  0.000
1748   1.000  -1.000  -0.763
1749   1.000  -1.000  0.000
1750   1.000  -1.000  0.000
1751   1.000  -1.000  -0.763
1752   1.000  -1.000  0.000
1753   1.000  -1.000  -0.763
1754   1.000  -1.000  0.000
1755   1.000  -1.000  -0.763
1756   1.000  -1.000  0.000
1757   1.000  -0.999  -0.793
1758   1.000  -0.999  0.000
1759   1.000  -0.999  -0.763
1760   1.000  -0.998  0.000
1761   1.000  -0.998  -0.763
1762   1.000  -0.998  0.000
1763   1.000  -0.997  -0.763
1764   1.000  -0.997  0.000
1765   1.000  -0.996  -0.763
1766   1.000  -0.996  -0.763
1767   1.000  -0.995  0.000
1768   1.000  -0.994  -0.763
1769   1.000  -0.994  -0.793
1770   1.000  -0.993  0.000
1771   1.000  -0.992  -0.763
1772   1.000  -0.991  -0.763
1773   1.000  -0.990  0.000
1774   1.000  -0.990  -0.763
1775   1.000  -0.989  -0.763
1776   1.000  -0.988  -0.763
1777   1.000  -0.987  0.000
1778   1.000  -0.986  -0.763
1779   1.000  -0.985  -0.763
1780   1.000  -0.983  -0.793
1781   1.000  -0.982  -0.763
1782   1.000  -0.981  0.000
1783   1.000  -0.980  -0.763
1784   1.000  -0.979  -0.763
1785   1.000  -0.977  -0.763
1786   1.000  -0.976  -0.763
1787   1.000  -0.975  -0.763
1788   1.000  -0.973  -0.793
1789   1.000  -0.972  -0.763
1790   1.000  -0.970  -0.763
1791   1.000  -0.969  -0.763
1792   1.000  -0.967  -0.763
1793   1.000  -0.965  -1.526
1794   1.000  -0.964  -0.763
1795   1.000  -0.962  -0.793
1796   1.000  -0.960  -0.763
1797   1.000  -0.959  -1.526
1798   1.000  -0.957  -0.763
1799   1.000  -0.955  -0.763
1800   1.000  -0.953  -1.556
1801   1.000  -0.951  -0.763
1802   1.000  -0.949  -0.763
1803   1.000  -0.947  -1.526
1804   1.000  -0.945  -1.526
1805   1.000  -0.943  -0.763
1806   1.000  -0.941  -1.556
1807   1.000  -0.939  -1.526
1808   1.000  -0.937  -1.526
1809   1.000  -0.934  -1.526
1810   1.000  -0.932  -1.556
1811   1.000  -0.930  -1.526
1812   1.000  -0.927  -1.526
1813   1.000  -0.925  -1.556
1814   1.000  -0.923  -2.289
1815   1.000  -0.920  -1.526
1816   1.000  -0.918  -2.319
1817   1.000  -0.915  -2.289
1818   1.000  -0.913  -1.526
1819   1.000  -0.910  -2.319
1820   1.000  -0.907  -1.526
1821   1.000  -0.905  -2.289
1822   1.000  -0.902  -2.319
1823   1.000  -0.899  -2.289
1824   1.000  -0.897  -2.319
1825   1.000  -0.894  -2.289
1826   1.000  -0.891  -2.289
1827   1.000  -0.888  -2.319
1828   1.000  -0.885  -2.289
1829   1.000  -0.882  -2.319
1830   1.000  -0.879  -2.289
1831   1.000  -0.876  -2.289
1832   1.000  -0.873  -2.319
1833   1.000  -0.870  -2.289
1834   1.000  -0.867  -3.082
1835   1.000  -0.864  -2.289
1836   1.000  -0.861  -2.289
1837   1.000  -0.858  -3.082
1838   1.000  -0.854  -3.082
1839   1.000  -0.851  -2.289
1840   1.000  -0.848  -3.052
1841   1.000  -0.844  -2.319
1842   1.000  -0.841  -3.052
1843   1.000  -0.838  -3.082
1844   1.000  -0.834  -2.289
1845   1.000  -0.831  -3.082
1846   1.000  -0.827  -2.289
1847   1.000  -0.824  -3.082
1848   1.000  -0.820  -3.052
1849   1.000  -0.816  -3.082
1850   1.000  -0.813  -3.052
1851   1.000  -0.809  -3.082
1852   1.000  -0.805  -3.052
1853   1.000  -0.802  -3.082
1854   1.000  -0.798  -3.052
1855   1.000  -0.794  -3.082
1856   1.000  -0.790  -3.082
1857   1.000  -0.786  -3.052
1858   1.000  -0.782  -3.082
1859   1.000  -0.778  -3.815
1860   1.000  -0.775  -3.845
1861   1.000  -0.771  -3.052
1862   1.000  -0.766  -3.845
1863   1.000  -0.762  -3.845
1864   1.000  -0.758  -3.052
1865   1.000  -0.754  -3.845
1866   1.000  -0.750  -3.845
1867   1.000  -0.746  -3.815
1868   1.000  -0.742  -3.845
1869   1.000  -0.738  -3.845
1870   1.000  -0.733  -3.815
1871   1.000  -0.729  -3.845
1872   1.000  -0.725  -3.845
1873   1.000  -0.720  -3.815
1874   1.000  -0.716  -3.845
1875   1.000  -0.712  -3.845
1876   1.000  -0.707  -4.578
1877   1.000  -0.703  -3.845
1878   1.000  -0.698  -4.608
1879   1.000  -0.694  -3.845
1880   1.000  -0.689  -3.815
1881   1.000  -0.685  -4.608
1882   1.000  -0.680  -3.845
1883   1.000  -0.675  -4.578
1884   1.000  -0.671  -3.845
1885   1.000  -0.666  -4.608
1886   1.000  -0.661  -3.845
1887   1.000  -0.657  -3.815
1888   1.000  -0.652  -4.608
1889   1.000  -0.647  -3.845
1890   1.000  -0.642  -3.815
1891   1.000  -0.637  -4.608
1892   1.000  -0.633  -3.845
1893   1.000  -0.628  -3.815
1894   1.000  -0.623  -3.845
1895   1.000  -0.618  -3.845
1896   1.000  -0.613  -3.815
1897   1.000  -0.608  -3.082
1898   1.000  -0.603  -3.082
1899   1.000  -0.598  -3.052
1900   1.000  -0.593  -3.082
1901   1.000  -0.588  -3.052
1902   1.000  -0.583  -3.082
1903   1.000  -0.578  -2.289
1904   1.000  -0.572  -2.289
1905   1.000  -0.567  -2.319
1906   1.000  -0.562  -2.289
1907   1.000  -0.557  -1.556
1908   1.000  -0.552  -2.289
1909   1.000  -0.546  -1.526
1910   1.000  -0.541  -1.526
1911   1.000  -0.536  -1.556
1912   1.000  -0.531  -1.526
1913   1.000  -0.525  -1.526
1914   1.000  -0.520  -0.763
1915   1.000  -0.514  -1.556
1916   1.000  -0.509  -0.763
1917   1.000  -0.504  -1.526
1918   1.000  -0.498  -0.763
1919   1.000  -0.493  -0.763
1920   1.000  -0.487  -0.763
1921   1.000  -0.482  -0.793
1922   1.000  -0.476  -0.763
1923   1.000  -0.471  -0.763
1924   1.000  -0.465  -0.763
1925   1.000  -0.460  0.000
1926   1.000  -0.454  -0.763
1927   1.000  -0.448  0.000
1928   1.000  -0.443  -0.763
1929   1.000  -0.437  0.000
1930   1.000  -0.431  0.000
1931   1.000  -0.426  -0.763
1932   1.000  -0.420  0.000
1933   1.000  -0.414  0.000
1934   1.000  -0.409  0.000
1935   1.000  -0.403  0.000
1936   1.000  -0.397  0.000
1937   1.000  -0.391  0.000
1938   1.000  -0.386  0.000
1939   1.000  -0.380  0.000
1940   1.000  -0.374  0.000
1941   1.000  -0.368  0.000
1942   1.000  -0.362  0.000
1943   1.000  -0.356  0.763
1944   1.000  -0.351  0.000
1945   1.000  -0.345  0.000
1946   1.000  -0.339  0.763
1947   1.000  -0.333  0.000
1948   1.000  -0.327  0.000
1949   1.000  -0.321  0.763
1950   1.000  -0.315  0.000
1951   1.000  -0.309  0.000
1952   1.000  -0.303  0.763
1953   1.000  -0.297  0.000
1954   1.000  -0.291  0.763
1955   1.000  -0.285  0.000
1956   1.000  -0.279  0.763
1957   1.000  -0.273  0.000
1958   1.000  -0.267  0.793
1959   1.000  -0.261  0.000
1960   1.000  -0.255  0.763
1961   1.000  -0.249  0.000
1962   1.000  -0.243  0.763
1963   1.000  -0.236  0.763
1964   1.000  -0.230  0.000
1965   1.000  -0.224  0.763
1966   1.000  -0.218  0.763
1967   1.000  -0.212  0.000
1968   1.000  -0.206  0.763
1969   1.000  -0.200  0.000
1970   1.000  -0.194  0.763
1971   1.000  -0.187  0.793
1972   1.000  -0.181  0.000
1973   1.000  -0.175  0.763
1974   1.000  -0.169  0.763
1975   1.000  -0.163  0.763
1976   1.000  -0.156  0.000
1977   1.000  -0.150  0.763
1978   1.000  -0.144  0.763
1979   1.000  -0.138  0.763
1980   1.000  -0.132  0.793
1981   1.000  -0.125  0.763
1982   1.000  -0.119  0.000
1983   1.000  -0.113  0.763
1984   1.000  -0.107  0.763
1985   1.000  -0.100  0.763
1986   1.000  -0.094  0.763
1987   1.000  -0.088  0.763
1988   1.000  -0.082  1.556
1989   1.000  -0.075  0.763
1990   1.000  -0.069  0.763
1991   1.000  -0.063  0.763
1992   1.000  -0.057  0.763
1993   1.000  -0.050  1.526
1994   1.000  -0.044  0.793
1995   1.000  -0.038  1.526
1996   1.000  -0.031  0.763
1997   1.000  -0.025  1.526
1998   1.000  -0.019  0.763
1999   1.000  -0.013  1.556
2000   1.000  -0.006  0.763
2001   1.000  -0.000  1.526
2002   1.000  0.006  1.526
2003   1.000  0.013  0.763
2004   1.000  0.019  1.556
2005   1.000  0.025  1.526
2006   1.000  0.031  1.526
2007   1.000  0.038  1.526
2008   1.000  0.044  1.556
2009   1.000  0.050  1.526
2010   1.000  0.057  1.526
2011   1.000  0.063  0.763
2012   1.000  0.069  1.556
2013   1.000  0.075  1.526
2014   1.000  0.082  1.526
2015   1.000  0.088  1.526
2016   1.000  0.094  1.556
2017   1.000  0.100  1.526
2018   1.000  0.107  1.526
2019   1.000  0.113  1.556
2020   1.000  0.119  1.526
2021   1.000  0.125  1.526
2022   1.000  0.132  0.763
2023   1.000  0.138  1.526
2024   1.000  0.144  1.556
2025   1.000  0.150  1.526
2026   1.000  0.156  0.763
2027   1.000  0.163  1.526
2028   1.000  0.169  1.556
2029   1.000  0.175  0.763
2030   1.000  0.181  1.526
2031   1.000  0.187  0.763
2032   1.000  0.194  0.763
2033   1.000  0.200  1.556
2034   1.000  0.206  0.763
2035   1.000  0.212  0.763
2036   1.000  0.218  0.763
2037   1.000  0.224  0.763
2038   1.000  0.230  0.763
2039   1.000  0.236  0.763
2040   1.000  0.243  0.763
2041   1.000  0.249  0.000
2042   1.000  0.255  0.793
2043   1.000  0.261  0.763
2044   1.000  0.267  0.000
2045   1.000  0.273  0.763
2046   1.000  0.279  0.763
2047   1.000  0.285  0.000
2048   1.000  0.291  0.763
2049   1.000  0.297  0.000
2050   1.000  0.303  0.763
2051   1.000  0.309  0.000
2052   1.000  0.315  0.000
2053   1.000  0.321  0.763
2054   1.000  0.327  0.000
2055   1.000  0.333  0.793
2056   1.000  0.339  0.000
2057   1.000  0.345  0.000
2058   1.000  0.351  0.000
2059   1.000  0.356  0.763
2060   1.000  0.362  0.000
2061   1.000  0.368  0.000
2062   1.000  0.374  0.000
2063   1.000  0.380  0.000
2064   1.000  0.386  0.763
2065   1.000  0.391  0.000
2066   1.000  0.397  0.000
2067   1.000  0.403  0.000
2068   1.000  0.409  0.000
2069   1.000  0.414  0.763
2070   1.000  0.420  0.000
2071   1.000  0.426  0.000
2072   1.000  0.431  0.000
2073   1.000  0.437  0.000
2074   1.000  0.443  0.763
2075   1.000  0.448  0.000
2076   1.000  0.454  0.000
2077   1.000  0.460  0.000
2078   1.000  0.465  0.763
2079   1.000  0.471  0.000
2080   1.000  0.476  0.000
2081   1.000  0.482  0.000
2082   1.000  0.487  0.763
2083   1.000  0.493  0.000
2084   1.000  0.498  0.000
2085   1.000  0.504  0.000
2086   1.000  0.509  0.763
2087   1.000  0.514  0.000
2088   1.000  0.520  0.000
2089   1.000  0.525  0.793
2090   1.000  0.531  0.000
2091   1.000  0.536  0.763
2092   1.000  0.541  0.000
2093   1.000  0.546  0.000
2094   1.000  0.552  0.763
2095   1.000  0.557  0.000
2096   1.000  0.562  0.763
2097   1.000  0.567  0.000
2098   1.000  0.572  0.763
2099   1.000  0.578  0.000
2100   1.000  0.583  0.763
2101   1.000  0.588  0.000
2102   1.000  0.593  0.763
2103   1.000  0.598  0.000
2104   1.000  0.603  0.793
2105   1.000  0.608  0.763
2106   1.000  0.613  0.000
2107   1.000  0.618  0.763
2108   1.000  0.623  0.763
2109   1.000  0.628  0.000
2110   1.000  0.633  0.763
2111   1.000  0.637  0.763
2112   1.000  0.642  0.763
2113   1.000  0.647  0.763
2114   1.000  0.652  0.793
2115   1.000  0.657  0.763
2116   1.000  0.661  0.000
2117   1.000  0.666  0.763
2118   1.000  0.671  0.763
2119   1.000  0.675  0.763
2120   1.000  0.680  1.526
2121   1.000  0.685  0.793
2122   1.000  0.689  0.763
2123   1.000  0.694  0.763
2124   1.000  0.698  0.763
2125   1.000  0.703  0.763
2126   1.000  0.707  1.526
2127   1.000  0.712  0.763
2128   1.000  0.716  0.793
2129   1.000  0.720  1.526
2130   1.000  0.725  0.763
2131   1.000  0.729  0.763
2132   1.000  0.733  1.526
2133   1.000  0.738  0.793
2134   1.000  0.742  1.526
2135   1.000  0.746  0.763
2136   1.000  0.750  1.526
2137   1.000  0.754  0.763
2138   1.000  0.758  1.556
2139   1.000  0.762  1.526
2140   1.000  0.766  0.763
2141   1.000  0.771  1.526
2142   1.000  0.775  0.763
2143   1.000  0.778  1.556
2144   1.000  0.782  1.526
2145   1.000  0.786  0.763
2146   1.000  0.790  1.526
2147   1.000  0.794  1.556
2148   1.000  0.798  0.763
2149   1.000  0.802  1.526
2150   1.000  0.805  1.526
2151   1.000  0.809  1.556
2152   1.000  0.813  0.763
2153   1.000  0.816  1.526
2154   1.000  0.820  1.526
2155   1.000  0.824  1.526
2156   1.000  0.827  1.556
2157   1.000  0.831  1.526
2158   1.000  0.834  1.526
2159   1.000  0.838  1.526
2160   1.000  0.841  1.556
2161   1.000  0.844  1.526
2162   1.000  0.848  2.289
2163   1.000  0.851  1.556
2164   1.000  0.854  1.526
2165   1.000  0.858  1.526
2166   1.000  0.861  1.526
2167   1.000  0.864  2.319
2168   1.000  0.867  1.526
2169   1.000  0.870  1.526
2170   1.000  0.873  2.319
2171   1.000  0.876  1.526
2172   1.000  0.879  2.289
2173   1.000  0.882  1.556
2174   1.000  0.885  2.289
2175   1.000  0.888  1.526
2176   1.000  0.891  2.319
2177   1.000  0.894  2.289
2178   1.000  0.897  1.526
2179   1.000  0.899  2.319
2180   1.000  0.902  2.289
2181   1.000  0.905  2.319
2182   1.000  0.907  2.289
2183   1.000  0.910  1.526
2184   1.000  0.913  2.319
2185   1.000  0.915  2.289
2186   1.000  0.918  2.319
2187   1.000  0.920  2.289
2188   1.000  0.923  2.289
2189   1.000  0.925  2.319
2190   1.000  0.927  2.289
2191   1.000  0.930  2.319
2192   1.000  0.932  2.289
2193   1.000  0.934  2.289
2194   1.000  0.937  2.319
2195   1.000  0.939  2.289
2196   1.000  0.941  3.082
2197   1.000  0.943  2.289
2198   1.000  0.945  2.289
2199   1.000  0.947  3.082
2200   1.000  0.949  2.289
2201   1.000  0.951  3.082
2202   1.000  0.953  3.052
2203   1.000  0.955  2.319
2204   1.000  0.957  3.052
2205   1.000  0.959  3.082
2206   1.000  0.960  3.052
2207   1.000  0.962  3.082
2208   1.000  0.964  3.052
2209   1.000  0.965  3.082
2210   1.000  0.967  3.845
2211   1.000  0.969  3.052
2212   1.000  0.970  3.082
2213   1.000  0.972  3.052
2214   1.000  0.973  3.845
2215   1.000  0.975  3.052
2216   1.000  0.976  3.845
2217   1.000  0.977  3.082
2218   1.000  0.979  3.815
2219   1.000  0.980  3.082
2220   1.000  0.981  3.845
2221   1.000  0.982  3.815
2222   1.000  0.983  3.845
2223   1.000  0.985  3.845
2224   1.000  0.986  3.815
2225   1.000  0.987  3.845
2226   1.000  0.988  3.815
2227   1.000  0.989  3.845
2228   1.000  0.990  3.845
2229   1.000  0.990  3.815
2230   1.000  0.991  4.608
2231   1.000  0.992  3.845
2232   1.000  0.993  4.608
2233   1.000  0.994  4.608
2234   1.000  0.994  4.578
2235   1.000  0.995  5.371
2236   1.000  0.996  4.608
2237   1.000  0.996  5.371
2238   1.000  0.997  5.371
2239   1.000  0.997  6.134
2240   1.000  0.998  5.371
2241   1.000  0.998  5.371
2242   1.000  0.998  5.371
2243   1.000  0.999  5.371
2244   1.000  0.999  5.371
2245   1.000  0.999  5.371
2246   1.000  1.000  5.341
2247   1.000  1.000  5.371
2248   1.000  1.000  5.371
2249   1.000  1.000  5.371
2250   1.000  1.000  5.371
2251   1.000  1.000  4.608
2252   1.000  1.000  4.608
2253   1.000  1.000  5.371
2254   1.000  1.000  4.608
2255   1.000  1.000  4.578
2256   1.000  1.000  5.371
2257   1.000  0.999  4.608
2258   1.000  0.999  4.608
2259   1.000  0.999  4.608
2260   1.000  0.998  4.578
2261   1.000  0.998  5.371
2262   1.000  0.998  4.608
2263   1.000  0.997  4.608
2264   1.000  0.997  4.608
2265   1.000  0.996  4.608
2266   1.000  0.996  4.578
2267   1.000  0.995  4.608
2268   1.000  0.994  5.371
2269   1.000  0.994  3.845
2270   1.000  0.993  4.608
2271   1.000  0.992  4.578
2272   1.000  0.991  4.608
2273   1.000  0.990  4.608
2274   1.000  0.990  4.608
2275   1.000  0.989  4.608
2276   1.000  0.988  4.578
2277   1.000  0.987  5.371
2278   1.000  0.986  3.845
2279   1.000  0.985  4.608
2280   1.000  0.983  4.578
2281   1.000  0.982  4.608
2282   1.000  0.981  3.845
2283   1.000  0.980  4.608
2284   1.000  0.979  4.608
2285   1.000  0.977  4.578
2286   1.000  0.976  4.608
2287   1.000  0.975  4.608
2288   1.000  0.973  4.608
2289   1.000  0.972  4.608
2290   1.000  0.970  4.578
2291   1.000  0.969  4.608
2292   1.000  0.967  4.608
2293   1.000  0.965  3.845
2294   1.000  0.964  4.578
2295   1.000  0.962  4.608
2296   1.000  0.960  4.608
2297   1.000  0.959  3.845
2298   1.000  0.957  4.578
2299   1.000  0.955  4.608
2300   1.000  0.953  3.845
2301   1.000  0.951  4.608
2302   1.000  0.949  4.578
2303   1.000  0.947  4.608
2304   1.000  0.945  4.608
2305   1.000  0.943  5.371
2306   1.000  0.941  4.608
2307   1.000  0.939  4.608
2308   1.000  0.937  4.578
2309   1.000  0.934  4.608
2310   1.000  0.932  5.371
2311   1.000  0.930  4.608
2312   1.000  0.927  5.371
2313   1.000  0.925  4.608
2314   1.000  0.923  5.371
2315   1.000  0.920  5.341
2316   1.000  0.918  5.371
2317   1.000  0.915  4.608
2318   1.000  0.913  5.371
2319   1.000  0.910  5.371
2320   1.000  0.907  4.608
2321   1.000  0.905  4.608
2322   1.000  0.902  4.578
2323   1.000  0.899  5.371
2324   1.000  0.897  4.608
2325   1.000  0.894  4.608
2326   1.000  0.891  3.845
2327   1.000  0.888  4.578
2328   1.000  0.885  4.608
2329   1.000  0.882  4.608
2330   1.000  0.879  4.608
2331   1.000  0.876  4.608
2332   1.000  0.873  4.578
2333   1.000  0.870  4.608
2334   1.000  0.867  4.608
2335   1.000  0.864  3.845
2336   1.000  0.861  4.578
2337   1.000  0.858  4.608
2338   1.000  0.854  3.845
2339   1.000  0.851  4.608
2340   1.000  0.848  4.608
2341   1.000  0.844  4.578
2342   1.000  0.841  4.608
2343   1.000  0.838  4.608
2344   1.000  0.834  4.608
2345   1.000  0.831  4.608
2346   1.000  0.827  3.815
2347   1.000  0.824  4.608
2348   1.000  0.820  4.608
2349   1.000  0.816  4.608
2350   1.000  0.813  4.578
2351   1.000  0.809  3.845
2352   1.000  0.805  4.608
2353   1.000  0.802  4.608
2354   1.000  0.798  3.815
2355   1.000  0.794  4.608
2356   1.000  0.790  4.608
