0.000  0.000  0.207
1.000  0.000  0.413
2.000  0.000  0.620
3.000  0.000  0.826
4.000  0.090  0.473
5.000  0.122  0.484
6.000  0.174  0.370
7.000  0.207  0.370
8.000  0.236  0.396
9.000  0.268  0.408
10.000  0.302  0.402
11.000  0.335  0.404
12.000  0.365  0.422
13.000  0.395  0.442
14.000  0.428  0.444
15.000  0.460  0.455
16.000  0.490  0.475
17.000  0.521  0.490
18.000  0.552  0.506
19.000  0.584  0.513
20.000  0.615  0.527
21.000  0.647  0.534
22.000  0.677  0.558
23.000  0.708  0.568
24.000  0.741  0.575
25.000  0.771  0.596
26.000  0.803  0.598
27.000  0.836  0.604
28.000  0.865  0.628
29.000  0.898  0.632
30.000  1.747  0.946
31.000  2.610  1.180
32.000  3.481  1.359
33.000  4.353  1.534
34.000  5.234  1.650
35.000  6.118  1.750
36.000  6.990  1.924
37.000  7.854  2.145
38.000  8.686  2.569
39.000  9.558  2.739
40.000  8.691  2.537
41.000  7.820  2.357
42.000  6.947  2.188
43.000  6.081  1.977
44.000  5.212  1.785
45.000  4.349  1.554
46.000  3.483  1.348
47.000  2.616  1.139
48.000  1.754  0.904
49.000  0.901  0.617
50.000  0.868  0.610
51.000  0.839  0.587
52.000  0.807  0.577
53.000  0.774  0.572
54.000  0.744  0.554
55.000  0.713  0.539
56.000  0.681  0.529
57.000  0.650  0.515
58.000  0.619  0.501
59.000  0.587  0.491
60.000  0.556  0.480
61.000  0.525  0.465
62.000  0.494  0.449
63.000  0.463  0.434
64.000  0.431  0.427
65.000  0.399  0.419
66.000  0.369  0.398
67.000  0.338  0.383
68.000  0.307  0.372
69.000  0.274  0.365
70.000  0.242  0.359
71.000  0.210  0.351
72.000  0.177  0.351
73.000  0.125  0.465
74.000  0.092  0.464
75.000  0.000  0.826
76.000  -0.000  0.620
77.000  -0.000  0.413
78.000  -0.000  0.207
79.000  -0.000  0.000
80.000  -0.000  -0.207
81.000  -0.000  -0.413
82.000  -0.000  -0.620
83.000  -0.000  -0.826
84.000  -0.093  -0.459
85.000  -0.127  -0.453
86.000  -0.177  -0.348
87.000  -0.210  -0.352
88.000  -0.240  -0.375
89.000  -0.273  -0.373
90.000  -0.305  -0.383
91.000  -0.337  -0.391
92.000  -0.368  -0.403
93.000  -0.400  -0.414
94.000  -0.431  -0.428
95.000  -0.462  -0.441
96.000  -0.493  -0.456
97.000  -0.525  -0.463
98.000  -0.555  -0.489
99.000  -0.585  -0.508
100.000  -0.617  -0.516
101.000  -0.648  -0.527
102.000  -0.678  -0.548
103.000  -0.710  -0.559
104.000  -0.740  -0.577
105.000  -0.772  -0.588
106.000  -0.805  -0.590
107.000  -0.835  -0.611
108.000  -0.868  -0.611
109.000  -0.898  -0.630
110.000  -1.754  -0.904
111.000  -2.620  -1.115
112.000  -3.485  -1.335
113.000  -4.352  -1.540
114.000  -5.231  -1.671
115.000  -6.109  -1.802
116.000  -6.984  -1.961
117.000  -7.872  -2.033
118.000  -8.704  -2.455
119.000  -9.567  -2.682
120.000  -8.698  -2.494
121.000  -7.827  -2.313
122.000  -6.960  -2.110
123.000  -6.093  -1.902
124.000  -5.221  -1.730
125.000  -4.354  -1.526
126.000  -3.484  -1.338
127.000  -2.615  -1.144
128.000  -1.752  -0.919
129.000  -0.899  -0.624
130.000  -0.867  -0.619
131.000  -0.837  -0.599
132.000  -0.804  -0.592
133.000  -0.773  -0.584
134.000  -0.740  -0.578
135.000  -0.710  -0.556
136.000  -0.678  -0.548
137.000  -0.647  -0.535
138.000  -0.616  -0.523
139.000  -0.584  -0.510
140.000  -0.554  -0.495
141.000  -0.523  -0.475
142.000  -0.491  -0.469
143.000  -0.460  -0.456
144.000  -0.429  -0.441
145.000  -0.398  -0.425
146.000  -0.367  -0.414
147.000  -0.335  -0.403
148.000  -0.303  -0.396
149.000  -0.272  -0.379
150.000  -0.241  -0.367
151.000  -0.209  -0.356
152.000  -0.175  -0.360
153.000  -0.125  -0.466
154.000  -0.089  -0.483
155.000  -0.000  -0.826
156.000  0.000  -0.620
157.000  0.000  -0.413
158.000  0.000  -0.207
159.000  0.000  -0.000
