0.000  0.196  0.021
1.000  0.374  0.140
2.000  0.554  0.252
3.000  0.732  0.368
4.000  0.911  0.482
5.000  1.092  0.587
6.000  1.274  0.686
7.000  1.455  0.789
8.000  1.638  0.880
9.000  1.820  0.975
10.000  2.001  1.083
11.000  2.184  1.171
12.000  2.366  1.270
13.000  2.542  1.403
14.000  2.728  1.476
15.000  3.158  1.678
16.000  3.589  1.872
17.000  4.023  2.050
18.000  4.456  2.231
19.000  4.884  2.443
20.000  5.316  2.627
21.000  5.746  2.826
22.000  6.175  3.030
23.000  6.604  3.235
24.000  7.034  3.439
25.000  7.450  3.714
26.000  7.878  3.922
27.000  8.273  4.311
28.000  8.686  4.605
29.000  9.089  4.947
30.000  8.658  4.754
31.000  8.238  4.503
32.000  7.821  4.232
33.000  7.404  3.963
34.000  6.982  3.720
35.000  6.558  3.490
36.000  6.134  3.254
37.000  5.709  3.029
38.000  5.283  2.811
39.000  4.856  2.596
40.000  4.427  2.387
41.000  4.002  2.163
42.000  3.574  1.954
43.000  3.147  1.736
44.000  2.725  1.496
45.000  2.545  1.387
46.000  2.362  1.294
47.000  2.177  1.209
48.000  2.000  1.088
49.000  1.815  1.007
50.000  1.636  0.890
51.000  1.453  0.799
52.000  1.274  0.686
53.000  1.090  0.597
54.000  0.911  0.482
55.000  0.732  0.370
56.000  0.553  0.254
57.000  0.373  0.148
58.000  0.194  0.032
59.000  0.000  -0.000
60.000  -0.192  -0.042
61.000  -0.371  -0.158
62.000  -0.552  -0.261
63.000  -0.731  -0.375
64.000  -0.905  -0.514
65.000  -1.089  -0.602
66.000  -1.270  -0.706
67.000  -1.449  -0.820
68.000  -1.635  -0.897
69.000  -1.815  -1.004
70.000  -1.999  -1.092
71.000  -2.183  -1.180
72.000  -2.361  -1.296
73.000  -2.547  -1.376
74.000  -2.728  -1.478
75.000  -3.158  -1.678
76.000  -3.577  -1.935
77.000  -4.011  -2.112
78.000  -4.447  -2.279
79.000  -4.878  -2.474
80.000  -5.309  -2.669
81.000  -5.740  -2.858
82.000  -6.171  -3.052
83.000  -6.599  -3.266
84.000  -7.026  -3.479
85.000  -7.426  -3.841
86.000  -7.842  -4.116
87.000  -8.261  -4.373
88.000  -8.671  -4.683
89.000  -9.083  -4.980
90.000  -8.665  -4.719
91.000  -8.244  -4.470
92.000  -7.827  -4.198
93.000  -7.409  -3.933
94.000  -6.989  -3.680
95.000  -6.567  -3.438
96.000  -6.143  -3.206
97.000  -5.717  -2.983
98.000  -5.290  -2.768
99.000  -4.865  -2.542
100.000  -4.436  -2.342
101.000  -4.009  -2.123
102.000  -3.582  -1.908
103.000  -3.156  -1.689
104.000  -2.728  -1.475
105.000  -2.547  -1.376
106.000  -2.363  -1.285
107.000  -2.185  -1.170
108.000  -2.004  -1.067
109.000  -1.818  -0.991
110.000  -1.640  -0.868
111.000  -1.456  -0.783
112.000  -1.277  -0.667
113.000  -1.093  -0.581
114.000  -0.913  -0.475
115.000  -0.733  -0.366
116.000  -0.555  -0.246
117.000  -0.376  -0.133
118.000  -0.197  -0.015
119.000  -0.000  0.000
