0  0  0.000  
1  0  0.000  
2  0  0.000  
3  0  0.000  
4  0  0.000  
5  0  0.000  
6  0  0.000  
7  0  0.000  
8  0  0.000  
9  0  0.000  
10  0  0.000  
11  0  0.000  
12  0  0.000  
13  0  0.000  
14  0  0.000  
15  0  0.000  
16  0  0.000  
17  0  0.000  
18  0  0.000  
19  0  0.000  
20  0  0.000  
21  0  0.000  
22  0  0.000  
23  0  0.000  
24  0  0.000  
25  0  0.000  
26  0  0.000  
27  0  0.000  
28  0  0.000  
29  0  0.000  
30  0  0.000  
31  0  0.000  
32  0  0.000  
33  0  0.000  
34  0  0.000  
35  0  0.000  
36  0  0.000  
37  0  0.000  
38  0  0.000  
39  0  0.000  
40  0  0.000  
41  0  0.000  
42  0  0.000  
43  0  0.000  
44  0  0.000  
45  0  0.000  
46  0  0.000  
47  0  0.000  
48  0  0.000  
49  0  0.000  
50  0  0.000  
51  0  0.000  
52  0  0.000  
53  0  0.000  
54  0  0.000  
55  0  0.000  
56  0  0.000  
57  0  0.000  
58  0  0.000  
59  0  0.000  
60  0  0.000  
61  0  0.000  
62  0  0.000  
63  0  0.000  
64  0  0.000  
65  0  0.000  
66  0  0.000  
67  0  0.000  
68  0  0.000  
69  0  0.000  
70  0  0.000  
71  0  0.000  
72  0  0.000  
73  0  0.000  
74  0  0.000  
75  0  0.000  
76  0  0.000  
77  0  0.000  
78  0  0.000  
79  0  0.000  
80  0  0.000  
81  0  0.000  
82  0  0.000  
83  0  0.000  
84  0  0.000  
85  0  0.000  
86  0  0.000  
87  0  0.000  
88  0  0.000  
89  0  0.000  
90  0  0.000  
91  0  0.000  
92  0  0.000  
93  0  0.000  
94  0  0.000  
95  0  0.000  
96  0  0.000  
97  0  0.000  
98  0  0.000  
99  0  0.000  
100  0  0.000  
101  0  0.000  
102  0  0.000  
103  0  0.000  
104  0  0.000  
105  0  0.000  
106  0  0.000  
107  0  0.000  
108  0  0.000  
109  0  0.000  
110  0  0.000  
111  0  0.000  
112  0  0.000  
113  0  0.000  
114  0  0.000  
115  0  0.000  
116  0  0.000  
117  0  0.000  
118  0  0.000  
119  0  0.000  
120  0  0.000  
121  0  0.000  
122  0  0.000  
123  0  0.000  
124  0  0.000  
125  0  0.000  
126  0  0.000  
127  0  0.000  
128  0  0.000  
129  0  0.000  
130  0  0.000  
131  0  0.000  
132  0  0.000  
133  0  0.000  
134  0  0.000  
135  0  0.000  
136  0  0.000  
137  0  0.000  
138  0  0.000  
139  0  0.000  
140  0  0.000  
141  0  0.000  
142  0  0.000  
143  0  0.000  
144  0  0.000  
145  0  0.000  
146  0  0.000  
147  0  0.000  
148  0  0.000  
149  0  0.000  
150  0  0.000  
151  0  0.000  
152  0  0.000  
153  0  0.000  
154  0  0.000  
155  0  0.000  
156  0  0.000  
157  0  0.000  
158  0  0.000  
159  0  0.000  
160  0  0.000  
161  0  0.000  
162  0  0.000  
163  0  0.000  
164  0  0.000  
165  0  0.000  
166  0  0.000  
167  0  0.000  
168  0  0.000  
169  0  0.000  
170  0  0.000  
171  0  0.000  
172  0  0.000  
173  0  0.000  
174  0  0.000  
175  0  0.000  
176  0  0.000  
177  0  0.000  
178  0  0.000  
179  0  0.000  
180  0  0.000  
181  0  0.000  
182  0  0.000  
183  0  0.000  
184  0  0.000  
185  0  0.000  
186  0  0.000  
187  0  0.000  
188  0  0.000  
189  0  0.000  
190  0  0.000  
191  0  0.000  
192  0  0.000  
193  0  0.000  
194  0  0.000  
195  0  0.000  
196  0  0.000  
197  0  0.000  
198  0  0.000  
199  0  0.000  
200  0  0.000  
201  0  0.000  
202  0  0.000  
203  0  0.000  
204  0  0.000  
205  0  0.000  
206  0  0.000  
207  0  0.000  
208  0  0.000  
209  0  0.000  
210  0  0.000  
211  0  0.000  
212  0  0.000  
213  0  0.000  
214  0  0.000  
215  0  0.000  
216  0  0.000  
217  0  0.000  
218  0  0.000  
219  0  0.000  
220  0  0.000  
221  0  0.000  
222  0  0.000  
223  0  0.000  
224  0  0.000  
225  0  0.000  
226  0  0.000  
227  0  0.000  
228  0  0.000  
229  0  0.000  
230  0  0.000  
231  0  0.000  
232  0  0.000  
233  0  0.000  
234  0  0.000  
235  0  0.000  
236  0  0.000  
237  0  0.000  
238  0  0.000  
239  0  0.000  
240  0  0.000  
241  0  0.000  
242  0  0.000  
243  0  0.000  
244  0  0.000  
245  0  0.000  
246  0  0.000  
247  0  0.000  
248  0  0.000  
249  0  0.000  
250  0  0.000  
251  0  0.000  
252  0  0.000  
253  0  0.000  
254  0  0.000  
255  0  0.000  
256  0  0.000  
257  0  0.000  
258  0  0.000  
259  0  0.000  
260  0  0.000  
261  0  0.000  
262  0  0.000  
263  0  0.000  
264  0  0.000  
265  0  0.000  
266  0  0.000  
267  0  0.000  
268  0  0.000  
269  0  0.000  
270  0  0.000  
271  0  0.000  
272  0  0.000  
273  0  0.000  
274  0  0.000  
275  0  0.000  
276  0  0.000  
277  0  0.000  
278  0  0.000  
279  0  0.000  
280  0  0.000  
281  0  0.000  
282  0  0.000  
283  0  0.000  
284  0  0.000  
285  0  0.000  
286  0  0.000  
287  0  0.000  
288  0  0.000  
289  0  0.000  
290  0  0.000  
291  0  0.000  
292  0  0.000  
293  0  0.000  
294  0  0.000  
295  0  0.000  
296  0  0.000  
297  0  0.000  
298  0  0.000  
299  0  0.000  
300  0  0.000  
301  0  0.000  
302  0  0.000  
303  0  0.000  
304  0  0.000  
305  0  0.000  
306  0  0.000  
307  0  0.000  
308  0  0.000  
309  0  0.000  
310  0  0.000  
311  0  0.000  
312  0  0.000  
313  0  0.000  
314  0  0.000  
315  0  0.000  
316  0  0.000  
317  0  0.000  
318  0  0.000  
319  0  0.000  
320  0  0.000  
321  0  0.000  
322  0  0.000  
323  0  0.000  
324  0  0.000  
325  0  0.000  
326  0  0.000  
327  0  0.000  
328  0  0.000  
329  0  0.000  
330  0  0.000  
331  0  0.000  
332  0  0.000  
333  0  0.000  
334  0  0.000  
335  0  0.000  
336  0  0.000  
337  0  0.000  
338  0  0.000  
339  0  0.000  
340  0  0.000  
341  0  0.000  
342  0  0.000  
343  0  0.000  
344  0  0.000  
345  0  0.000  
346  0  0.000  
347  0  0.000  
348  0  0.000  
349  0  0.000  
350  0  0.000  
351  0  0.000  
352  0  0.000  
353  0  0.000  
354  0  0.000  
355  0  0.000  
356  0  0.000  
357  0  0.000  
358  0  0.000  
359  0  0.000  
360  0  0.000  
361  0  0.000  
362  0  0.000  
363  0  0.000  
364  0  0.000  
365  0  0.000  
366  0  0.000  
367  0  0.000  
368  0  0.000  
369  0  0.000  
370  0  0.000  
371  0  0.000  
372  0  0.000  
373  0  0.000  
374  0  0.000  
375  0  0.000  
376  0  0.000  
377  0  0.000  
378  0  0.000  
379  0  0.000  
380  0  0.000  
381  0  0.000  
382  0  0.000  
383  0  0.000  
384  0  0.000  
385  0  0.000  
386  0  0.000  
387  0  0.000  
388  0  0.000  
389  0  0.000  
390  0  0.000  
391  0  0.000  
392  0  0.000  
393  0  0.000  
394  0  0.000  
395  0  0.000  
396  0  0.000  
397  0  0.000  
398  0  0.000  
399  0  0.000  
400  0  0.000  
401  0  0.000  
402  0  0.000  
403  0  0.000  
404  0  0.000  
405  0  0.000  
406  0  0.000  
407  0  0.000  
408  0  0.000  
409  0  0.000  
410  0  0.000  
411  0  0.000  
412  0  0.000  
413  0  0.000  
414  0  0.000  
415  0  0.000  
416  0  0.000  
417  0  0.000  
418  0  0.000  
419  0  0.000  
420  0  0.000  
421  0  0.000  
422  0  0.000  
423  0  0.000  
424  0  0.000  
425  0  0.000  
426  0  0.000  
427  0  0.000  
428  0  0.000  
429  0  0.000  
430  0  0.000  
431  0  0.000  
432  0  0.000  
433  0  0.000  
434  0  0.000  
435  0  0.000  
436  0  0.000  
437  0  0.000  
438  0  0.000  
439  0  0.000  
440  0  0.000  
441  0  0.000  
442  0  0.000  
443  0  0.000  
444  0  0.000  
445  0  0.000  
446  0  0.000  
447  0  0.000  
448  0  0.000  
449  0  0.000  
450  0  0.000  
451  0  0.000  
452  0  0.000  
453  0  0.000  
454  0  0.000  
455  0  0.000  
456  0  0.000  
457  0  0.000  
458  0  0.000  
459  0  0.000  
460  0  0.000  
461  0  0.000  
462  0  0.000  
463  0  0.000  
464  0  0.000  
465  0  0.000  
466  0  0.000  
467  0  0.000  
468  0  0.000  
469  0  0.000  
470  0  0.000  
471  0  0.000  
472  0  0.000  
473  0  0.000  
474  0  0.000  
475  0  0.000  
476  0  0.000  
477  0  0.000  
478  0  0.000  
479  0  0.000  
480  0  0.000  
481  0  0.000  
482  0  0.000  
483  0  0.000  
484  0  0.000  
485  0  0.000  
486  0  0.000  
487  0  0.000  
488  0  0.000  
489  0  0.000  
490  0  0.000  
491  0  0.000  
492  0  0.000  
493  0  0.000  
494  0  0.000  
495  0  0.000  
496  0  0.000  
497  0  0.000  
498  0  0.000  
499  0  0.000  
500  0  0.000  
501  0  0.000  
502  0  0.000  
503  0  0.000  
504  0  0.000  
505  0  0.000  
506  0  0.000  
507  0  0.000  
508  0  0.000  
509  0  0.000  
510  0  0.000  
511  0  0.000  
512  0  0.000  
513  0  0.000  
514  0  0.000  
515  0  0.000  
516  0  0.000  
517  0  0.000  
518  0  0.000  
519  0  0.000  
520  0  0.000  
521  0  0.000  
522  0  0.000  
523  0  0.000  
524  0  0.000  
525  0  0.000  
526  0  0.000  
527  0  0.000  
528  0  0.000  
529  0  0.000  
530  0  0.000  
531  0  0.000  
532  0  0.000  
533  0  0.000  
534  0  0.000  
535  0  0.000  
536  0  0.000  
537  0  0.000  
538  0  0.000  
539  0  0.000  
540  0  0.000  
541  0  0.000  
542  0  0.000  
543  0  0.000  
544  0  0.000  
545  0  0.000  
546  0  0.000  
547  0  0.000  
548  0  0.000  
549  0  0.000  
550  0  0.000  
551  0  0.000  
552  0  0.000  
553  0  0.000  
554  0  0.000  
555  0  0.000  
556  0  0.000  
557  0  0.000  
558  0  0.000  
559  0  0.000  
560  0  0.000  
561  0  0.000  
562  0  0.000  
563  0  0.000  
564  0  0.000  
565  0  0.000  
566  0  0.000  
567  0  0.000  
568  0  0.000  
569  0  0.000  
570  0  0.000  
571  0  0.000  
572  0  0.000  
573  0  0.000  
574  0  0.000  
575  0  0.000  
576  0  0.000  
577  0  0.000  
578  0  0.000  
579  0  0.000  
580  0  0.000  
581  0  0.000  
582  0  0.000  
583  0  0.000  
584  0  0.000  
585  0  0.000  
586  0  0.000  
587  0  0.000  
588  0  0.000  
589  0  0.000  
590  0  0.000  
591  0  0.000  
592  0  0.000  
593  0  0.000  
594  0  0.000  
595  0  0.000  
596  0  0.000  
597  0  0.000  
598  0  0.000  
599  0  0.000  
600  0  0.000  
601  0  0.000  
602  0  0.000  
603  0  0.000  
604  0  0.000  
605  0  0.000  
606  0  0.000  
607  0  0.000  
608  0  0.000  
609  0  0.000  
610  0  0.000  
611  0  0.000  
612  0  0.000  
613  0  0.000  
614  0  0.000  
615  0  0.000  
616  0  0.000  
617  0  0.000  
618  0  0.000  
619  0  0.000  
620  0  0.000  
621  0  0.000  
622  0  0.000  
623  0  0.000  
624  0  0.000  
625  0  0.000  
626  0  0.000  
627  0  0.000  
628  0  0.000  
629  0  0.000  
630  0  0.000  
631  0  0.000  
632  0  0.000  
633  0  0.000  
634  0  0.000  
635  0  0.000  
636  0  0.000  
637  0  0.000  
638  0  0.000  
639  0  0.000  
640  0  0.000  
641  0  0.000  
642  0  0.000  
643  0  0.000  
644  0  0.000  
645  0  0.000  
646  0  0.000  
647  0  0.000  
648  0  0.000  
649  0  0.000  
650  0  0.000  
651  0  0.000  
652  0  0.000  
653  0  0.000  
654  0  0.000  
655  0  0.000  
656  0  0.000  
657  0  0.000  
658  0  0.000  
659  0  0.000  
660  0  0.000  
661  0  0.000  
662  0  0.000  
663  0  0.000  
664  0  0.000  
665  0  0.000  
666  0  0.000  
667  0  0.000  
668  0  0.000  
669  0  0.000  
670  0  0.000  
671  0  0.000  
672  0  0.000  
673  0  0.000  
674  0  0.000  
675  0  0.000  
676  0  0.000  
677  0  0.000  
678  0  0.000  
679  0  0.000  
680  0  0.000  
681  0  0.000  
682  0  0.000  
683  0  0.000  
684  0  0.000  
685  0  0.000  
686  0  0.000  
687  0  0.000  
688  0  0.000  
689  0  0.000  
690  0  0.000  
691  0  0.000  
692  0  0.000  
693  0  0.000  
694  0  0.000  
695  0  0.000  
696  0  0.000  
697  0  0.000  
698  0  0.000  
699  0  0.000  
700  0  0.000  
701  0  0.000  
702  0  0.000  
703  0  0.000  
704  0  0.000  
705  0  0.000  
706  0  0.000  
707  0  0.000  
708  0  0.000  
709  0  0.000  
710  0  0.000  
711  0  0.000  
712  0  0.000  
713  0  0.000  
714  0  0.000  
715  0  0.000  
716  0  0.000  
717  0  0.000  
718  0  0.000  
719  0  0.000  
720  0  0.000  
721  0  0.000  
722  0  0.000  
723  0  0.000  
724  0  0.000  
725  0  0.000  
726  0  0.000  
727  0  0.000  
728  0  0.000  
729  0  0.000  
730  0  0.000  
731  0  0.000  
732  0  0.000  
733  0  0.000  
734  0  0.000  
735  0  0.000  
736  0  0.000  
737  0  0.000  
738  0  0.000  
739  0  0.000  
740  0  0.000  
741  0  0.000  
742  0  0.000  
743  0  0.000  
744  0  0.000  
745  0  0.000  
746  0  0.000  
747  0  0.000  
748  0  0.000  
749  0  0.000  
750  0  0.000  
751  0  0.000  
752  0  0.000  
753  0  0.000  
754  0  0.000  
755  0  0.000  
756  0  0.000  
757  0  0.000  
758  0  0.000  
759  0  0.000  
760  0  0.000  
761  0  0.000  
762  0  0.000  
763  0  0.000  
764  0  0.000  
765  0  0.000  
766  0  0.000  
767  0  0.000  
768  0  0.000  
769  0  0.000  
770  0  0.000  
771  0  0.000  
772  0  0.000  
773  0  0.000  
774  0  0.000  
775  0  0.000  
776  0  0.000  
777  0  0.000  
778  0  0.000  
779  0  0.000  
780  0  0.000  
781  0  0.000  
782  0  0.000  
783  0  0.000  
784  0  0.000  
785  0  0.000  
786  0  0.000  
787  0  0.000  
788  0  0.000  
789  0  0.000  
790  0  0.000  
791  0  0.000  
792  0  0.000  
793  0  0.000  
794  0  0.000  
795  0  0.000  
796  0  0.000  
797  0  0.000  
798  0  0.000  
799  0  0.000  
800  0  0.000  
801  0  0.000  
802  0  0.000  
803  0  0.000  
804  0  0.000  
805  0  0.000  
806  0  0.000  
807  0  0.000  
808  0  0.000  
809  0  0.000  
810  0  0.000  
811  0  0.000  
812  0  0.000  
813  0  0.000  
814  0  0.000  
815  0  0.000  
816  0  0.000  
817  0  0.000  
818  0  0.000  
819  0  0.000  
820  0  0.000  
821  0  0.000  
822  0  0.000  
823  0  0.000  
824  0  0.000  
825  0  0.000  
826  0  0.000  
827  0  0.000  
828  0  0.000  
829  0  0.000  
830  0  0.000  
831  0  0.000  
832  0  0.000  
833  0  0.000  
834  0  0.000  
835  0  0.000  
836  0  0.000  
837  0  0.000  
838  0  0.000  
839  0  0.000  
840  0  0.000  
841  0  0.000  
842  0  0.000  
843  0  0.000  
844  0  0.000  
845  0  0.000  
846  0  0.000  
847  0  0.000  
848  0  0.000  
849  0  0.000  
850  0  0.000  
851  0  0.000  
852  0  0.000  
853  0  0.000  
854  0  0.000  
855  0  0.000  
856  0  0.000  
857  0  0.000  
858  0  0.000  
859  0  0.000  
860  0  0.000  
861  0  0.000  
862  0  0.000  
863  0  0.000  
864  0  0.000  
865  0  0.000  
866  0  0.000  
867  0  0.000  
868  0  0.000  
869  0  0.000  
870  0  0.000  
871  0  0.000  
872  0  0.000  
873  0  0.000  
874  0  0.000  
875  0  0.000  
876  0  0.000  
877  0  0.000  
878  0  0.000  
879  0  0.000  
880  0  0.000  
881  0  0.000  
882  0  0.000  
883  0  0.000  
884  0  0.000  
885  0  0.000  
886  0  0.000  
887  0  0.000  
888  0  0.000  
889  0  0.000  
890  0  0.000  
891  0  0.000  
892  0  0.000  
893  0  0.000  
894  0  0.000  
895  0  0.000  
896  0  0.000  
897  0  0.000  
898  0  0.000  
899  0  0.000  
900  0  0.000  
901  0  0.000  
902  0  0.000  
903  0  0.000  
904  0  0.000  
905  0  0.000  
906  0  0.000  
907  0  0.000  
908  0  0.000  
909  0  0.000  
910  0  0.000  
911  0  0.000  
912  0  0.000  
913  0  0.000  
914  0  0.000  
915  0  0.000  
916  0  0.000  
917  0  0.000  
918  0  0.000  
919  0  0.000  
920  0  0.000  
921  0  0.000  
922  0  0.000  
923  0  0.000  
924  0  0.000  
925  0  0.000  
926  0  0.000  
927  0  0.000  
928  0  0.000  
929  0  0.000  
930  0  0.000  
931  0  0.000  
932  0  0.000  
933  0  0.000  
934  0  0.000  
935  0  0.000  
936  0  0.000  
937  0  0.000  
938  0  0.000  
939  0  0.000  
940  0  0.000  
941  0  0.000  
942  0  0.000  
943  0  0.000  
944  0  0.000  
945  0  0.000  
946  0  0.000  
947  0  0.000  
948  0  0.000  
949  0  0.000  
950  0  0.000  
951  0  0.000  
952  0  0.000  
953  0  0.000  
954  0  0.000  
955  0  0.000  
956  0  0.000  
957  0  0.000  
958  0  0.000  
959  0  0.000  
960  0  0.000  
961  0  0.000  
962  0  0.000  
963  0  0.000  
964  0  0.000  
965  0  0.000  
966  0  0.000  
967  0  0.000  
968  0  0.000  
969  0  0.000  
970  0  0.000  
971  0  0.000  
972  0  0.000  
973  0  0.000  
974  0  0.000  
975  0  0.000  
976  0  0.000  
977  0  0.000  
978  0  0.000  
979  0  0.000  
980  0  0.000  
981  0  0.000  
982  0  0.000  
983  0  0.000  
984  0  0.000  
985  0  0.000  
986  0  0.000  
987  0  0.000  
988  0  0.000  
989  0  0.000  
990  0  0.000  
991  0  0.000  
992  0  0.000  
993  0  0.000  
994  0  0.000  
995  0  0.000  
996  0  0.000  
997  0  0.000  
998  0  0.000  
999  0  0.000  
1000  0  0.000  
1001  0  0.000  
1002  0  0.000  
1003  0  0.000  
1004  0  0.000  
1005  0  0.000  
1006  0  0.000  
1007  0  0.000  
1008  0  0.000  
1009  0  0.000  
1010  0  0.000  
1011  0  0.000  
1012  0  0.000  
1013  0  0.000  
1014  0  0.000  
1015  0  0.000  
1016  0  0.000  
1017  0  0.000  
1018  0  0.000  
1019  0  0.000  
1020  0  0.000  
1021  0  0.000  
1022  0  0.000  
1023  0  0.000  
1024  0  0.000  
1025  0  0.000  
1026  0  0.000  
1027  0  0.000  
1028  0  0.000  
1029  0  0.000  
1030  0  0.000  
1031  0  0.000  
1032  0  0.000  
1033  0  0.000  
1034  0  0.000  
1035  0  0.000  
1036  0  0.000  
1037  0  0.000  
1038  0  0.000  
1039  0  0.000  
1040  0  0.000  
1041  0  0.000  
1042  0  0.000  
1043  0  0.000  
1044  0  0.000  
1045  0  0.000  
1046  0  0.000  
1047  0  0.000  
1048  0  0.000  
1049  0  0.000  
1050  0  0.000  
1051  0  0.000  
1052  0  0.000  
1053  0  0.000  
1054  0  0.000  
1055  0  0.000  
1056  0  0.000  
1057  0  0.000  
1058  0  0.000  
1059  0  0.000  
1060  0  0.000  
1061  0  0.000  
1062  0  0.000  
1063  0  0.000  
1064  0  0.000  
1065  0  0.000  
1066  0  0.000  
1067  0  0.000  
1068  0  0.000  
1069  0  0.000  
1070  0  0.000  
1071  0  0.000  
1072  0  0.000  
1073  0  0.000  
1074  0  0.000  
1075  0  0.000  
1076  0  0.000  
1077  0  0.000  
1078  0  0.000  
1079  0  0.000  
1080  0  0.000  
1081  0  0.000  
1082  0  0.000  
1083  0  0.000  
1084  0  0.000  
1085  0  0.000  
1086  0  0.000  
1087  0  0.000  
1088  0  0.000  
1089  0  0.000  
1090  0  0.000  
1091  0  0.000  
1092  0  0.000  
1093  0  0.000  
1094  0  0.000  
1095  0  0.000  
1096  0  0.000  
1097  0  0.000  
1098  0  0.000  
1099  0  0.000  
1100  0  0.000  
1101  0  0.000  
1102  0  0.000  
1103  0  0.000  
1104  0  0.000  
1105  0  0.000  
1106  0  0.000  
1107  0  0.000  
1108  0  0.000  
1109  0  0.000  
1110  0  0.000  
1111  0  0.000  
1112  0  0.000  
1113  0  0.000  
1114  0  0.000  
1115  0  0.000  
1116  0  0.000  
1117  0  0.000  
1118  0  0.000  
1119  0  0.000  
1120  0  0.000  
1121  0  0.000  
1122  0  0.000  
1123  0  0.000  
1124  0  0.000  
1125  0  0.000  
1126  0  0.000  
1127  0  0.000  
1128  0  0.000  
1129  0  0.000  
1130  0  0.000  
1131  0  0.000  
1132  0  0.000  
1133  0  0.000  
1134  0  0.000  
1135  0  0.000  
1136  0  0.000  
1137  0  0.000  
1138  0  0.000  
1139  0  0.000  
1140  0  0.000  
1141  0  0.000  
1142  0  0.000  
1143  0  0.000  
1144  0  0.000  
1145  0  0.000  
1146  0  0.000  
1147  0  0.000  
1148  0  0.000  
1149  0  0.000  
1150  0  0.000  
1151  0  0.000  
1152  0  0.000  
1153  0  0.000  
1154  0  0.000  
1155  0  0.000  
1156  0  0.000  
1157  0  0.000  
1158  0  0.000  
1159  0  0.000  
1160  0  0.000  
1161  0  0.000  
1162  0  0.000  
1163  0  0.000  
1164  0  0.000  
1165  0  0.000  
1166  0  0.000  
1167  0  0.000  
1168  0  0.000  
1169  0  0.000  
1170  0  0.000  
1171  0  0.000  
1172  0  0.000  
1173  0  0.000  
1174  0  0.000  
1175  0  0.000  
1176  0  0.000  
1177  0  0.000  
1178  0  0.000  
1179  0  0.000  
1180  0  0.000  
1181  0  0.000  
1182  0  0.000  
1183  0  0.000  
1184  0  0.000  
1185  0  0.000  
1186  0  0.000  
1187  0  0.000  
1188  0  0.000  
1189  0  0.000  
1190  0  0.000  
1191  0  0.000  
1192  0  0.000  
1193  0  0.000  
1194  0  0.000  
1195  0  0.000  
1196  0  0.000  
1197  0  0.000  
1198  0  0.000  
1199  0  0.000  
1200  0  0.000  
1201  0  0.000  
1202  0  0.000  
1203  0  0.000  
1204  0  0.000  
1205  0  0.000  
1206  0  0.000  
1207  0  0.000  
1208  0  0.000  
1209  0  0.000  
1210  0  0.000  
1211  0  0.000  
1212  0  0.000  
1213  0  0.000  
1214  0  0.000  
1215  0  0.000  
1216  0  0.000  
1217  0  0.000  
1218  0  0.000  
1219  0  0.000  
1220  0  0.000  
1221  0  0.000  
1222  0  0.000  
1223  0  0.000  
1224  0  0.000  
1225  0  0.000  
1226  0  0.000  
1227  0  0.000  
1228  0  0.000  
1229  0  0.000  
1230  0  0.000  
1231  0  0.000  
1232  0  0.000  
1233  0  0.000  
1234  0  0.000  
1235  0  0.000  
1236  0  0.000  
1237  0  0.000  
1238  0  0.000  
1239  0  0.000  
1240  0  0.000  
1241  0  0.000  
1242  0  0.000  
1243  0  0.000  
1244  0  0.000  
1245  0  0.000  
1246  0  0.000  
1247  0  0.000  
1248  0  0.000  
1249  0  0.000  
1250  0  0.000  
1251  0  0.000  
1252  0  0.000  
1253  0  0.000  
1254  0  0.000  
1255  0  0.000  
1256  0  0.000  
1257  0  0.000  
1258  0  0.000  
1259  0  0.000  
1260  0  0.000  
1261  0  0.000  
1262  0  0.000  
1263  0  0.000  
1264  0  0.000  
1265  0  0.000  
1266  0  0.000  
1267  0  0.000  
1268  0  0.000  
1269  0  0.000  
1270  0  0.000  
1271  0  0.000  
1272  0  0.000  
1273  0  0.000  
1274  0  0.000  
1275  0  0.000  
1276  0  0.000  
1277  0  0.000  
1278  0  0.000  
1279  0  0.000  
1280  0  0.000  
1281  0  0.000  
1282  0  0.000  
1283  0  0.000  
1284  0  0.000  
1285  0  0.000  
1286  0  0.000  
1287  0  0.000  
1288  0  0.000  
1289  0  0.000  
1290  0  0.000  
1291  0  0.000  
1292  0  0.000  
1293  0  0.000  
1294  0  0.000  
1295  0  0.000  
1296  0  0.000  
1297  0  0.000  
1298  0  0.000  
1299  0  0.000  
1300  0  0.000  
1301  0  0.000  
1302  0  0.000  
1303  0  0.000  
1304  0  0.000  
1305  0  0.000  
1306  0  0.000  
1307  0  0.000  
1308  0  0.000  
1309  0  0.000  
1310  0  0.000  
1311  0  0.000  
1312  0  0.000  
1313  0  0.000  
1314  0  0.000  
1315  0  0.000  
1316  0  0.000  
1317  0  0.000  
1318  0  0.000  
1319  0  0.000  
1320  0  0.000  
1321  0  0.000  
1322  0  0.000  
1323  0  0.000  
1324  0  0.000  
1325  0  0.000  
1326  0  0.000  
1327  0  0.000  
1328  0  0.000  
1329  0  0.000  
1330  0  0.000  
1331  0  0.000  
1332  0  0.000  
1333  0  0.000  
1334  0  0.000  
1335  0  0.000  
1336  0  0.000  
1337  0  0.000  
1338  0  0.000  
1339  0  0.000  
1340  0  0.000  
1341  0  0.000  
1342  0  0.000  
1343  0  0.000  
1344  0  0.000  
1345  0  0.000  
1346  0  0.000  
1347  0  0.000  
1348  0  0.000  
1349  0  0.000  
1350  0  0.000  
1351  0  0.000  
1352  0  0.000  
1353  0  0.000  
1354  0  0.000  
1355  0  0.000  
1356  0  0.000  
1357  0  0.000  
1358  0  0.000  
1359  0  0.000  
1360  0  0.000  
1361  0  0.000  
1362  0  0.000  
1363  0  0.000  
1364  0  0.000  
1365  0  0.000  
1366  0  0.000  
1367  0  0.000  
1368  0  0.000  
1369  0  0.000  
1370  0  0.000  
1371  0  0.000  
1372  0  0.000  
1373  0  0.000  
1374  0  0.000  
1375  0  0.000  
1376  0  0.000  
1377  0  0.000  
1378  0  0.000  
1379  0  0.000  
1380  0  0.000  
1381  0  0.000  
1382  0  0.000  
1383  0  0.000  
1384  0  0.000  
1385  0  0.000  
1386  0  0.000  
1387  0  0.000  
1388  0  0.000  
1389  0  0.000  
1390  0  0.000  
1391  0  0.000  
1392  0  0.000  
1393  0  0.000  
1394  0  0.000  
1395  0  0.000  
1396  0  0.000  
1397  0  0.000  
1398  0  0.000  
1399  0  0.000  
1400  0  0.000  
1401  0  0.000  
1402  0  0.000  
1403  0  0.000  
1404  0  0.000  
1405  0  0.000  
1406  0  0.000  
1407  0  0.000  
1408  0  0.000  
1409  0  0.000  
1410  0  0.000  
1411  0  0.000  
1412  0  0.000  
1413  0  0.000  
1414  0  0.000  
1415  0  0.000  
1416  0  0.000  
1417  0  0.000  
1418  0  0.000  
1419  0  0.000  
1420  0  0.000  
1421  0  0.000  
1422  0  0.000  
1423  0  0.000  
1424  0  0.000  
1425  0  0.000  
1426  0  0.000  
1427  0  0.000  
1428  0  0.000  
1429  0  0.000  
1430  0  0.000  
1431  0  0.000  
1432  0  0.000  
1433  0  0.000  
1434  0  0.000  
1435  0  0.000  
1436  0  0.000  
1437  0  0.000  
1438  0  0.000  
1439  0  0.000  
1440  0  0.000  
1441  0  0.000  
1442  0  0.000  
1443  0  0.000  
1444  0  0.000  
1445  0  0.000  
1446  0  0.000  
1447  0  0.000  
1448  0  0.000  
1449  0  0.000  
1450  0  0.000  
1451  0  0.000  
1452  0  0.000  
1453  0  0.000  
1454  0  0.000  
1455  0  0.000  
1456  0  0.000  
1457  0  0.000  
1458  0  0.000  
1459  0  0.000  
1460  0  0.000  
1461  0  0.000  
1462  0  0.000  
1463  0  0.000  
1464  0  0.000  
1465  0  0.000  
1466  0  0.000  
1467  0  0.000  
1468  0  0.000  
1469  0  0.000  
1470  0  0.000  
1471  0  0.000  
1472  0  0.000  
1473  0  0.000  
1474  0  0.000  
1475  0  0.000  
1476  0  0.000  
1477  0  0.000  
1478  0  0.000  
1479  0  0.000  
1480  0  0.000  
1481  -1  0.000  
1482  -1  0.000  
1483  -1  0.000  
1484  -1  0.000  
1485  -2  0.000  
1486  -2  0.000  
1487  -2  0.000  
1488  -2  0.000  
1489  -3  0.000  
1490  -3  0.000  
1491  -3  0.000  
1492  -4  0.000  
1493  -4  0.000  
1494  -4  0.000  
1495  -4  0.000  
1496  -4  0.000  
1497  -4  0.000  
1498  -4  0.000  
1499  -4  0.000  
1500  -4  0.000  
1501  -5  0.000  
1502  -5  0.000  
1503  -5  0.000  
1504  -5  0.000  
1505  -5  0.000  
1506  -5  0.000  
1507  -5  0.000  
1508  -5  0.000  
1509  -5  0.000  
1510  -5  0.000  
1511  -5  0.000  
1512  -5  0.000  
1513  -5  0.000  
1514  -5  0.000  
1515  -5  0.000  
1516  -5  0.000  
1517  -5  0.000  
1518  -5  0.000  
1519  -5  0.000  
1520  -5  0.000  
1521  -5  0.000  
1522  -5  0.000  
1523  -5  0.000  
1524  -5  0.000  
1525  -5  0.000  
1526  -5  0.000  
1527  -5  0.000  
1528  -5  0.000  
1529  -5  0.000  
1530  -5  0.000  
1531  -5  0.000  
1532  -5  0.000  
1533  -5  0.000  
1534  -5  0.000  
1535  -5  0.000  
1536  -5  0.000  
1537  -5  0.000  
1538  -5  0.000  
1539  -5  0.000  
1540  -5  0.000  
1541  -5  0.000  
1542  -5  0.000  
1543  -5  0.000  
1544  -5  0.000  
1545  -5  0.000  
1546  -5  0.000  
1547  -5  0.000  
1548  -5  0.000  
1549  -5  0.000  
1550  -5  0.000  
1551  -5  0.000  
1552  -5  0.000  
1553  -5  0.000  
1554  -5  0.000  
1555  -5  0.000  
1556  -5  0.000  
1557  -5  0.000  
1558  -5  0.000  
1559  -5  0.000  
1560  -5  0.000  
1561  -5  0.000  
1562  -5  0.000  
1563  -5  0.000  
1564  -5  0.000  
1565  -5  0.000  
1566  -5  0.000  
1567  -5  0.000  
1568  -5  0.000  
1569  -5  0.000  
1570  -5  0.000  
1571  -5  0.000  
1572  -5  0.000  
1573  -5  0.000  
1574  -4  0.000  
1575  -4  0.000  
1576  -4  0.000  
1577  -4  0.000  
1578  -4  0.000  
1579  -3  0.000  
1580  -3  0.000  
1581  -3  0.000  
1582  -3  0.000  
1583  -3  0.000  
1584  -3  0.000  
1585  -3  0.000  
1586  -3  0.000  
1587  -3  0.000  
1588  -3  0.000  
1589  -3  0.000  
1590  -3  0.000  
1591  -3  0.000  
1592  -3  0.000  
1593  -3  0.000  
1594  -3  0.000  
1595  -3  0.000  
1596  -3  0.000  
1597  -3  0.000  
1598  -3  0.000  
1599  -3  0.000  
1600  -3  0.000  
1601  -3  0.000  
1602  -3  0.000  
1603  -3  0.000  
1604  -3  0.000  
1605  -3  0.000  
1606  -3  0.000  
1607  -3  0.000  
1608  -3  0.000  
1609  -3  0.000  
1610  -3  0.000  
1611  -3  0.000  
1612  -3  0.000  
1613  -3  0.000  
1614  -3  0.000  
1615  -3  0.000  
1616  -3  0.000  
1617  -3  0.000  
1618  -3  0.000  
1619  -3  0.000  
1620  -3  0.000  
1621  -3  0.000  
1622  -3  0.000  
1623  -3  0.000  
1624  -3  0.000  
1625  -3  0.000  
1626  -3  0.000  
1627  -3  0.000  
1628  -3  0.000  
1629  -3  0.000  
1630  -3  0.000  
1631  -3  0.000  
1632  -3  0.000  
1633  -3  0.000  
1634  -3  0.000  
1635  -3  0.000  
1636  -3  0.000  
1637  -3  0.000  
1638  -3  0.000  
1639  -3  0.000  
1640  -3  0.000  
1641  -3  0.000  
1642  -3  0.000  
1643  -3  0.000  
1644  -3  0.000  
1645  -3  0.000  
1646  -3  0.000  
1647  -3  0.000  
1648  -3  0.000  
1649  -3  0.000  
1650  -3  0.000  
1651  -3  0.000  
1652  -3  0.000  
1653  -3  0.000  
1654  -3  0.000  
1655  -3  0.000  
1656  -3  0.000  
1657  -3  0.000  
1658  -3  0.000  
1659  -3  0.000  
1660  -3  0.000  
1661  -3  0.000  
1662  -3  0.000  
1663  -3  0.000  
1664  -3  0.000  
1665  -3  0.000  
1666  -3  0.000  
1667  -3  0.000  
1668  -3  0.000  
1669  -3  0.000  
1670  -3  0.000  
1671  -3  0.000  
1672  -3  0.000  
1673  -2  0.000  
1674  -2  0.000  
1675  -2  0.000  
1676  -2  0.000  
1677  -2  0.000  
1678  -2  0.000  
1679  -2  0.000  
1680  -2  0.000  
1681  -1  0.000  
1682  0  0.000  
1683  0  0.000  
1684  0  0.000  
1685  0  0.000  
1686  1  -0.000  
1687  1  -0.000  
1688  2  -0.000  
1689  3  -0.000  
1690  4  -0.000  
1691  4  -0.000  
1692  5  -0.000  
1693  5  -0.000  
1694  6  -0.000  
1695  6  -0.000  
1696  7  -0.000  
1697  7  -0.000  
1698  8  -0.000  
1699  8  -0.000  
1700  10  -0.000  
1701  10  -0.000  
1702  11  -0.000  
1703  12  -0.000  
1704  14  -0.001  
1705  15  -0.001  
1706  16  -0.001  
1707  17  -0.001  
1708  19  -0.001  
1709  20  -0.001  
1710  21  -0.001  
1711  22  -0.001  
1712  23  -0.001  
1713  24  -0.001  
1714  25  -0.001  
1715  26  -0.001  
1716  27  -0.001  
1717  27  -0.001  
1718  28  -0.001  
1719  29  -0.001  
1720  30  -0.001  
1721  31  -0.001  
1722  31  -0.001  
1723  32  -0.001  
1724  33  -0.001  
1725  34  -0.001  
1726  34  -0.001  
1727  36  -0.001  
1728  36  -0.001  
1729  37  -0.002  
1730  38  -0.002  
1731  38  -0.002  
1732  39  -0.002  
1733  40  -0.002  
1734  41  -0.002  
1735  42  -0.002  
1736  42  -0.002  
1737  43  -0.002  
1738  44  -0.002  
1739  44  -0.002  
1740  45  -0.002  
1741  45  -0.002  
1742  46  -0.002  
1743  46  -0.002  
1744  46  -0.002  
1745  46  -0.002  
1746  46  -0.002  
1747  46  -0.002  
1748  46  -0.002  
1749  46  -0.002  
1750  46  -0.002  
1751  47  -0.002  
1752  47  -0.002  
1753  47  -0.002  
1754  47  -0.002  
1755  47  -0.002  
1756  47  -0.002  
1757  47  -0.002  
1758  47  -0.002  
1759  47  -0.002  
1760  47  -0.002  
1761  47  -0.002  
1762  47  -0.002  
1763  47  -0.002  
1764  47  -0.002  
1765  47  -0.002  
1766  47  -0.002  
1767  47  -0.002  
1768  47  -0.002  
1769  47  -0.002  
1770  47  -0.002  
1771  47  -0.002  
1772  47  -0.002  
1773  47  -0.002  
1774  47  -0.002  
1775  47  -0.002  
1776  47  -0.002  
1777  47  -0.002  
1778  47  -0.002  
1779  47  -0.002  
1780  47  -0.002  
1781  47  -0.002  
1782  47  -0.002  
1783  47  -0.002  
1784  47  -0.002  
1785  47  -0.002  
1786  47  -0.002  
1787  47  -0.002  
1788  47  -0.002  
1789  47  -0.002  
1790  47  -0.002  
1791  47  -0.002  
1792  47  -0.002  
1793  47  -0.002  
1794  46  -0.002  
1795  46  -0.002  
1796  46  -0.002  
1797  46  -0.002  
1798  46  -0.002  
1799  46  -0.002  
1800  45  -0.002  
1801  45  -0.002  
1802  45  -0.002  
1803  45  -0.002  
1804  45  -0.002  
1805  44  -0.002  
1806  44  -0.002  
1807  44  -0.002  
1808  44  -0.002  
1809  44  -0.002  
1810  44  -0.002  
1811  44  -0.002  
1812  44  -0.002  
1813  43  -0.002  
1814  43  -0.002  
1815  43  -0.002  
1816  42  -0.002  
1817  42  -0.002  
1818  42  -0.002  
1819  42  -0.002  
1820  42  -0.002  
1821  42  -0.002  
1822  42  -0.002  
1823  42  -0.002  
1824  42  -0.002  
1825  42  -0.002  
1826  42  -0.002  
1827  42  -0.002  
1828  42  -0.002  
1829  42  -0.002  
1830  42  -0.002  
1831  42  -0.002  
1832  42  -0.002  
1833  42  -0.002  
1834  42  -0.002  
1835  42  -0.002  
1836  42  -0.002  
1837  42  -0.002  
1838  42  -0.002  
1839  42  -0.002  
1840  42  -0.002  
1841  42  -0.002  
1842  42  -0.002  
1843  42  -0.002  
1844  42  -0.002  
1845  42  -0.002  
1846  42  -0.002  
1847  42  -0.002  
1848  42  -0.002  
1849  42  -0.002  
1850  42  -0.002  
1851  42  -0.002  
1852  42  -0.002  
1853  42  -0.002  
1854  42  -0.002  
1855  43  -0.002  
1856  44  -0.002  
1857  44  -0.002  
1858  45  -0.002  
1859  46  -0.002  
1860  47  -0.002  
1861  47  -0.002  
1862  48  -0.002  
1863  49  -0.002  
1864  50  -0.002  
1865  51  -0.002  
1866  52  -0.002  
1867  53  -0.002  
1868  55  -0.002  
1869  56  -0.002  
1870  58  -0.002  
1871  60  -0.002  
1872  62  -0.003  
1873  64  -0.003  
1874  66  -0.003  
1875  69  -0.003  
1876  72  -0.003  
1877  74  -0.003  
1878  77  -0.003  
1879  81  -0.003  
1880  84  -0.003  
1881  88  -0.004  
1882  92  -0.004  
1883  96  -0.004  
1884  101  -0.004  
1885  107  -0.004  
1886  112  -0.005  
1887  118  -0.005  
1888  124  -0.005  
1889  131  -0.005  
1890  138  -0.006  
1891  146  -0.006  
1892  154  -0.006  
1893  163  -0.007  
1894  172  -0.007  
1895  182  -0.007  
1896  192  -0.008  
1897  203  -0.008  
1898  214  -0.009  
1899  226  -0.009  
1900  237  -0.010  
1901  250  -0.010  
1902  263  -0.011  
1903  276  -0.011  
1904  290  -0.012  
1905  304  -0.012  
1906  319  -0.013  
1907  334  -0.014  
1908  349  -0.014  
1909  365  -0.015  
1910  381  -0.016  
1911  396  -0.016  
1912  412  -0.017  
1913  428  -0.018  
1914  444  -0.018  
1915  461  -0.019  
1916  478  -0.020  
1917  494  -0.020  
1918  512  -0.021  
1919  530  -0.022  
1920  548  -0.022  
1921  566  -0.023  
1922  585  -0.024  
1923  602  -0.025  
1924  621  -0.025  
1925  639  -0.026  
1926  657  -0.027  
1927  676  -0.028  
1928  695  -0.028  
1929  714  -0.029  
1930  734  -0.030  
1931  753  -0.031  
1932  772  -0.032  
1933  792  -0.032  
1934  812  -0.033  
1935  832  -0.034  
1936  852  -0.035  
1937  873  -0.036  
1938  893  -0.037  
1939  913  -0.037  
1940  933  -0.038  
1941  952  -0.039  
1942  973  -0.040  
1943  993  -0.041  
1944  1013  -0.041  
1945  1033  -0.042  
1946  1054  -0.043  
1947  1076  -0.044  
1948  1098  -0.045  
1949  1119  -0.046  
1950  1140  -0.047  
1951  1162  -0.048  
1952  1184  -0.048  
1953  1206  -0.049  
1954  1227  -0.050  
1955  1248  -0.051  
1956  1270  -0.052  
1957  1291  -0.053  
1958  1313  -0.054  
1959  1335  -0.055  
1960  1358  -0.056  
1961  1381  -0.056  
1962  1405  -0.057  
1963  1428  -0.058  
1964  1451  -0.059  
1965  1475  -0.060  
1966  1499  -0.061  
1967  1523  -0.062  
1968  1547  -0.063  
1969  1571  -0.064  
1970  1595  -0.065  
1971  1619  -0.066  
1972  1644  -0.067  
1973  1669  -0.068  
1974  1695  -0.069  
1975  1721  -0.070  
1976  1748  -0.072  
1977  1774  -0.073  
1978  1800  -0.074  
1979  1827  -0.075  
1980  1854  -0.076  
1981  1880  -0.077  
1982  1907  -0.078  
1983  1934  -0.079  
1984  1962  -0.080  
1985  1990  -0.081  
1986  2018  -0.083  
1987  2047  -0.084  
1988  2076  -0.085  
1989  2105  -0.086  
1990  2134  -0.087  
1991  2162  -0.088  
1992  2192  -0.090  
1993  2221  -0.091  
1994  2250  -0.092  
1995  2279  -0.093  
1996  2309  -0.094  
1997  2339  -0.096  
1998  2370  -0.097  
1999  2400  -0.098  
2000  2431  -0.099  
2001  2462  -0.101  
2002  2492  -0.102  
2003  2524  -0.103  
2004  2554  -0.104  
2005  2585  -0.106  
2006  2617  -0.107  
2007  2648  -0.108  
2008  2679  -0.110  
2009  2711  -0.111  
2010  2742  -0.112  
2011  2773  -0.113  
2012  2804  -0.115  
2013  2835  -0.116  
2014  2866  -0.117  
2015  2897  -0.119  
2016  2928  -0.120  
2017  2959  -0.121  
2018  2990  -0.122  
2019  3020  -0.124  
2020  3050  -0.125  
2021  3081  -0.126  
2022  3112  -0.127  
2023  3142  -0.129  
2024  3173  -0.130  
2025  3204  -0.131  
2026  3234  -0.132  
2027  3264  -0.134  
2028  3293  -0.135  
2029  3322  -0.136  
2030  3350  -0.137  
2031  3379  -0.138  
2032  3408  -0.139  
2033  3436  -0.141  
2034  3465  -0.142  
2035  3493  -0.143  
2036  3521  -0.144  
2037  3548  -0.145  
2038  3576  -0.146  
2039  3602  -0.147  
2040  3629  -0.148  
2041  3655  -0.150  
2042  3680  -0.151  
2043  3706  -0.152  
2044  3732  -0.153  
2045  3757  -0.154  
2046  3782  -0.155  
2047  3808  -0.156  
2048  3832  -0.157  
2049  3856  -0.158  
2050  3880  -0.159  
2051  3903  -0.160  
2052  3926  -0.161  
2053  3949  -0.162  
2054  3971  -0.162  
2055  3993  -0.163  
2056  4014  -0.164  
2057  4036  -0.165  
2058  4057  -0.166  
2059  4078  -0.167  
2060  4098  -0.168  
2061  4119  -0.168  
2062  4139  -0.169  
2063  4158  -0.170  
2064  4176  -0.171  
2065  4193  -0.172  
2066  4211  -0.172  
2067  4227  -0.173  
2068  4244  -0.174  
2069  4259  -0.174  
2070  4275  -0.175  
2071  4291  -0.176  
2072  4305  -0.176  
2073  4319  -0.177  
2074  4333  -0.177  
2075  4347  -0.178  
2076  4360  -0.178  
2077  4372  -0.179  
2078  4385  -0.179  
2079  4396  -0.180  
2080  4408  -0.180  
2081  4419  -0.181  
2082  4429  -0.181  
2083  4439  -0.182  
2084  4448  -0.182  
2085  4457  -0.182  
2086  4465  -0.183  
2087  4472  -0.183  
2088  4479  -0.183  
2089  4485  -0.183  
2090  4490  -0.184  
2091  4496  -0.184  
2092  4499  -0.184  
2093  4502  -0.184  
2094  4506  -0.184  
2095  4508  -0.184  
2096  4510  -0.184  
2097  4511  -0.185  
2098  4512  -0.185  
2099  4512  -0.185  
2100  4512  -0.185  
2101  4512  -0.185  
2102  4512  -0.185  
2103  4512  -0.185  
2104  4511  -0.185  
2105  4511  -0.185  
2106  4510  -0.184  
2107  4509  -0.184  
2108  4508  -0.184  
2109  4507  -0.184  
2110  4507  -0.184  
2111  4506  -0.184  
2112  4505  -0.184  
2113  4504  -0.184  
2114  4504  -0.184  
2115  4504  -0.184  
2116  4503  -0.184  
2117  4502  -0.184  
2118  4501  -0.184  
2119  4501  -0.184  
2120  4501  -0.184  
2121  4500  -0.184  
2122  4499  -0.184  
2123  4499  -0.184  
2124  4499  -0.184  
2125  4498  -0.184  
2126  4498  -0.184  
2127  4498  -0.184  
2128  4498  -0.184  
2129  4498  -0.184  
2130  4498  -0.184  
2131  4498  -0.184  
2132  4498  -0.184  
2133  4498  -0.184  
2134  4498  -0.184  
2135  4498  -0.184  
2136  4498  -0.184  
2137  4498  -0.184  
2138  4498  -0.184  
2139  4497  -0.184  
2140  4497  -0.184  
2141  4496  -0.184  
2142  4496  -0.184  
2143  4495  -0.184  
2144  4495  -0.184  
2145  4494  -0.184  
2146  4493  -0.184  
2147  4491  -0.184  
2148  4489  -0.184  
2149  4486  -0.184  
2150  4483  -0.183  
2151  4479  -0.183  
2152  4476  -0.183  
2153  4471  -0.183  
2154  4466  -0.183  
2155  4461  -0.182  
2156  4456  -0.182  
2157  4450  -0.182  
2158  4446  -0.182  
2159  4440  -0.182  
2160  4435  -0.181  
2161  4429  -0.181  
2162  4424  -0.181  
2163  4418  -0.181  
2164  4413  -0.181  
2165  4407  -0.180  
2166  4401  -0.180  
2167  4396  -0.180  
2168  4389  -0.180  
2169  4384  -0.179  
2170  4378  -0.179  
2171  4371  -0.179  
2172  4365  -0.179  
2173  4358  -0.178  
2174  4351  -0.178  
2175  4345  -0.178  
2176  4337  -0.177  
2177  4329  -0.177  
2178  4321  -0.177  
2179  4312  -0.176  
2180  4305  -0.176  
2181  4296  -0.176  
2182  4287  -0.175  
2183  4278  -0.175  
2184  4269  -0.175  
2185  4260  -0.174  
2186  4249  -0.174  
2187  4240  -0.173  
2188  4229  -0.173  
2189  4219  -0.173  
2190  4208  -0.172  
2191  4196  -0.172  
2192  4184  -0.171  
2193  4171  -0.171  
2194  4158  -0.170  
2195  4145  -0.170  
2196  4130  -0.169  
2197  4116  -0.168  
2198  4102  -0.168  
2199  4087  -0.167  
2200  4073  -0.167  
2201  4058  -0.166  
2202  4044  -0.165  
2203  4029  -0.165  
2204  4015  -0.164  
2205  4001  -0.164  
2206  3986  -0.163  
2207  3972  -0.162  
2208  3956  -0.162  
2209  3941  -0.161  
2210  3926  -0.161  
2211  3911  -0.160  
2212  3895  -0.159  
2213  3880  -0.159  
2214  3864  -0.158  
2215  3848  -0.157  
2216  3831  -0.157  
2217  3815  -0.156  
2218  3798  -0.155  
2219  3782  -0.155  
2220  3765  -0.154  
2221  3748  -0.153  
2222  3733  -0.153  
2223  3718  -0.152  
2224  3701  -0.151  
2225  3687  -0.151  
2226  3672  -0.150  
2227  3658  -0.150  
2228  3643  -0.149  
2229  3628  -0.148  
2230  3612  -0.148  
2231  3598  -0.147  
2232  3582  -0.147  
2233  3566  -0.146  
2234  3550  -0.145  
2235  3534  -0.145  
2236  3517  -0.144  
2237  3501  -0.143  
2238  3485  -0.143  
2239  3468  -0.142  
2240  3452  -0.141  
2241  3435  -0.141  
2242  3419  -0.140  
2243  3403  -0.139  
2244  3388  -0.139  
2245  3373  -0.138  
2246  3358  -0.137  
2247  3343  -0.137  
2248  3328  -0.136  
2249  3312  -0.135  
2250  3296  -0.135  
2251  3280  -0.134  
2252  3263  -0.133  
2253  3246  -0.133  
2254  3229  -0.132  
2255  3211  -0.131  
2256  3193  -0.131  
2257  3175  -0.130  
2258  3157  -0.129  
2259  3139  -0.128  
2260  3121  -0.128  
2261  3103  -0.127  
2262  3085  -0.126  
2263  3068  -0.126  
2264  3050  -0.125  
2265  3031  -0.124  
2266  3014  -0.123  
2267  2995  -0.123  
2268  2976  -0.122  
2269  2957  -0.121  
2270  2937  -0.120  
2271  2917  -0.119  
2272  2897  -0.119  
2273  2876  -0.118  
2274  2856  -0.117  
2275  2835  -0.116  
2276  2815  -0.115  
2277  2794  -0.114  
2278  2773  -0.113  
2279  2752  -0.113  
2280  2731  -0.112  
2281  2710  -0.111  
2282  2688  -0.110  
2283  2666  -0.109  
2284  2644  -0.108  
2285  2622  -0.107  
2286  2599  -0.106  
2287  2576  -0.105  
2288  2553  -0.104  
2289  2530  -0.103  
2290  2507  -0.103  
2291  2484  -0.102  
2292  2460  -0.101  
2293  2437  -0.100  
2294  2413  -0.099  
2295  2388  -0.098  
2296  2363  -0.097  
2297  2339  -0.096  
2298  2314  -0.095  
2299  2289  -0.094  
2300  2265  -0.093  
2301  2240  -0.092  
2302  2215  -0.091  
2303  2190  -0.090  
2304  2165  -0.089  
2305  2139  -0.087  
2306  2112  -0.086  
2307  2086  -0.085  
2308  2060  -0.084  
2309  2032  -0.083  
2310  2005  -0.082  
2311  1978  -0.081  
2312  1951  -0.080  
2313  1924  -0.079  
2314  1897  -0.078  
2315  1869  -0.076  
2316  1841  -0.075  
2317  1813  -0.074  
2318  1784  -0.073  
2319  1755  -0.072  
2320  1726  -0.071  
2321  1697  -0.069  
2322  1667  -0.068  
2323  1638  -0.067  
2324  1610  -0.066  
2325  1580  -0.065  
2326  1550  -0.063  
2327  1520  -0.062  
2328  1489  -0.061  
2329  1458  -0.060  
2330  1427  -0.058  
2331  1395  -0.057  
2332  1364  -0.056  
2333  1334  -0.055  
2334  1303  -0.053  
2335  1272  -0.052  
2336  1242  -0.051  
2337  1210  -0.049  
2338  1179  -0.048  
2339  1147  -0.047  
2340  1114  -0.046  
2341  1082  -0.044  
2342  1050  -0.043  
2343  1017  -0.042  
2344  986  -0.040  
2345  953  -0.039  
2346  921  -0.038  
2347  889  -0.036  
2348  856  -0.035  
2349  822  -0.034  
2350  789  -0.032  
2351  755  -0.031  
2352  721  -0.029  
2353  687  -0.028  
2354  654  -0.027  
2355  619  -0.025  
2356  586  -0.024  
2357  551  -0.023  
2358  517  -0.021  
2359  482  -0.020  
2360  448  -0.018  
2361  413  -0.017  
2362  378  -0.015  
2363  343  -0.014  
2364  308  -0.013  
2365  273  -0.011  
2366  237  -0.010  
2367  202  -0.008  
2368  167  -0.007  
2369  132  -0.005  
2370  96  -0.004  
2371  61  -0.002  
2372  24  -0.001  
2373  -12  0.000  
2374  -49  0.002  
2375  -85  0.003  
2376  -122  0.005  
2377  -158  0.006  
2378  -195  0.008  
2379  -232  0.009  
2380  -269  0.011  
2381  -307  0.013  
2382  -344  0.014  
2383  -382  0.016  
2384  -420  0.017  
2385  -457  0.019  
2386  -494  0.020  
2387  -533  0.022  
2388  -571  0.023  
2389  -610  0.025  
2390  -649  0.027  
2391  -687  0.028  
2392  -726  0.030  
2393  -765  0.031  
2394  -803  0.033  
2395  -843  0.034  
2396  -882  0.036  
2397  -922  0.038  
2398  -962  0.039  
2399  -1002  0.041  
2400  -1042  0.043  
2401  -1081  0.044  
2402  -1121  0.046  
2403  -1162  0.048  
2404  -1202  0.049  
2405  -1242  0.051  
2406  -1284  0.053  
2407  -1324  0.054  
2408  -1364  0.056  
2409  -1405  0.057  
2410  -1446  0.059  
2411  -1486  0.061  
2412  -1527  0.062  
2413  -1568  0.064  
2414  -1609  0.066  
2415  -1650  0.067  
2416  -1692  0.069  
2417  -1734  0.071  
2418  -1776  0.073  
2419  -1818  0.074  
2420  -1858  0.076  
2421  -1900  0.078  
2422  -1941  0.079  
2423  -1983  0.081  
2424  -2026  0.083  
2425  -2068  0.085  
2426  -2111  0.086  
2427  -2153  0.088  
2428  -2195  0.090  
2429  -2237  0.092  
2430  -2279  0.093  
2431  -2322  0.095  
2432  -2364  0.097  
2433  -2407  0.098  
2434  -2450  0.100  
2435  -2491  0.102  
2436  -2533  0.104  
2437  -2576  0.105  
2438  -2618  0.107  
2439  -2661  0.109  
2440  -2704  0.111  
2441  -2746  0.112  
2442  -2788  0.114  
2443  -2831  0.116  
2444  -2872  0.117  
2445  -2914  0.119  
2446  -2957  0.121  
2447  -2999  0.123  
2448  -3042  0.124  
2449  -3084  0.126  
2450  -3126  0.128  
2451  -3168  0.130  
2452  -3211  0.131  
2453  -3253  0.133  
2454  -3296  0.135  
2455  -3338  0.137  
2456  -3380  0.138  
2457  -3423  0.140  
2458  -3465  0.142  
2459  -3508  0.143  
2460  -3551  0.145  
2461  -3593  0.147  
2462  -3636  0.149  
2463  -3679  0.150  
2464  -3722  0.152  
2465  -3764  0.154  
2466  -3806  0.156  
2467  -3850  0.157  
2468  -3891  0.159  
2469  -3933  0.161  
2470  -3976  0.163  
2471  -4018  0.164  
2472  -4060  0.166  
2473  -4103  0.168  
2474  -4144  0.170  
2475  -4186  0.171  
2476  -4228  0.173  
2477  -4269  0.175  
2478  -4311  0.176  
2479  -4352  0.178  
2480  -4393  0.180  
2481  -4435  0.181  
2482  -4476  0.183  
2483  -4517  0.185  
2484  -4558  0.186  
2485  -4599  0.188  
2486  -4639  0.190  
2487  -4680  0.191  
2488  -4720  0.193  
2489  -4761  0.195  
2490  -4802  0.196  
2491  -4841  0.198  
2492  -4880  0.200  
2493  -4919  0.201  
2494  -4958  0.203  
2495  -4998  0.204  
2496  -5037  0.206  
2497  -5076  0.208  
2498  -5114  0.209  
2499  -5151  0.211  
2500  -5189  0.212  
2501  -5227  0.214  
2502  -5264  0.215  
2503  -5302  0.217  
2504  -5339  0.218  
2505  -5376  0.220  
2506  -5413  0.221  
2507  -5449  0.223  
2508  -5485  0.224  
2509  -5520  0.226  
2510  -5557  0.227  
2511  -5592  0.229  
2512  -5627  0.230  
2513  -5662  0.232  
2514  -5697  0.233  
2515  -5732  0.234  
2516  -5767  0.236  
2517  -5801  0.237  
2518  -5837  0.239  
2519  -5871  0.240  
2520  -5906  0.242  
2521  -5939  0.243  
2522  -5973  0.244  
2523  -6007  0.246  
2524  -6041  0.247  
2525  -6075  0.249  
2526  -6109  0.250  
2527  -6144  0.251  
2528  -6177  0.253  
2529  -6212  0.254  
2530  -6245  0.255  
2531  -6278  0.257  
2532  -6312  0.258  
2533  -6344  0.260  
2534  -6378  0.261  
2535  -6411  0.262  
2536  -6445  0.264  
2537  -6479  0.265  
2538  -6513  0.266  
2539  -6545  0.268  
2540  -6578  0.269  
2541  -6611  0.270  
2542  -6644  0.272  
2543  -6678  0.273  
2544  -6711  0.275  
2545  -6745  0.276  
2546  -6779  0.277  
2547  -6812  0.279  
2548  -6846  0.280  
2549  -6879  0.281  
2550  -6912  0.283  
2551  -6944  0.284  
2552  -6978  0.285  
2553  -7012  0.287  
2554  -7044  0.288  
2555  -7078  0.290  
2556  -7112  0.291  
2557  -7145  0.292  
2558  -7177  0.294  
2559  -7210  0.295  
2560  -7243  0.296  
2561  -7275  0.298  
2562  -7308  0.299  
2563  -7341  0.300  
2564  -7375  0.302  
2565  -7407  0.303  
2566  -7440  0.304  
2567  -7473  0.306  
2568  -7506  0.307  
2569  -7539  0.308  
2570  -7571  0.310  
2571  -7604  0.311  
2572  -7637  0.312  
2573  -7670  0.314  
2574  -7703  0.315  
2575  -7735  0.316  
2576  -7768  0.318  
2577  -7800  0.319  
2578  -7833  0.320  
2579  -7866  0.322  
2580  -7898  0.323  
2581  -7931  0.324  
2582  -7963  0.326  
2583  -7995  0.327  
2584  -8027  0.328  
2585  -8059  0.330  
2586  -8091  0.331  
2587  -8123  0.332  
2588  -8156  0.334  
2589  -8189  0.335  
2590  -8221  0.336  
2591  -8253  0.338  
2592  -8284  0.339  
2593  -8316  0.340  
2594  -8347  0.341  
2595  -8379  0.343  
2596  -8410  0.344  
2597  -8441  0.345  
2598  -8473  0.347  
2599  -8504  0.348  
2600  -8536  0.349  
2601  -8567  0.350  
2602  -8597  0.352  
2603  -8627  0.353  
2604  -8658  0.354  
2605  -8689  0.355  
2606  -8718  0.357  
2607  -8750  0.358  
2608  -8780  0.359  
2609  -8811  0.360  
2610  -8841  0.362  
2611  -8871  0.363  
2612  -8901  0.364  
2613  -8930  0.365  
2614  -8959  0.366  
2615  -8988  0.368  
2616  -9017  0.369  
2617  -9046  0.370  
2618  -9075  0.371  
2619  -9105  0.372  
2620  -9134  0.374  
2621  -9162  0.375  
2622  -9192  0.376  
2623  -9220  0.377  
2624  -9248  0.378  
2625  -9275  0.379  
2626  -9302  0.381  
2627  -9330  0.382  
2628  -9358  0.383  
2629  -9385  0.384  
2630  -9414  0.385  
2631  -9441  0.386  
2632  -9469  0.387  
2633  -9496  0.388  
2634  -9523  0.390  
2635  -9550  0.391  
2636  -9577  0.392  
2637  -9604  0.393  
2638  -9631  0.394  
2639  -9658  0.395  
2640  -9685  0.396  
2641  -9711  0.397  
2642  -9737  0.398  
2643  -9764  0.399  
2644  -9790  0.400  
2645  -9816  0.402  
2646  -9843  0.403  
2647  -9868  0.404  
2648  -9895  0.405  
2649  -9921  0.406  
2650  -9946  0.407  
2651  -9973  0.408  
2652  -9998  0.409  
2653  -10023  0.410  
2654  -10048  0.411  
2655  -10073  0.412  
2656  -10097  0.413  
2657  -10122  0.414  
2658  -10145  0.415  
2659  -10169  0.416  
2660  -10194  0.417  
2661  -10218  0.418  
2662  -10243  0.419  
2663  -10267  0.420  
2664  -10291  0.421  
2665  -10314  0.422  
2666  -10338  0.423  
2667  -10360  0.424  
2668  -10383  0.425  
2669  -10405  0.426  
2670  -10427  0.427  
2671  -10450  0.427  
2672  -10472  0.428  
2673  -10495  0.429  
2674  -10517  0.430  
2675  -10539  0.431  
2676  -10562  0.432  
2677  -10584  0.433  
2678  -10605  0.434  
2679  -10626  0.435  
2680  -10647  0.436  
2681  -10667  0.436  
2682  -10686  0.437  
2683  -10706  0.438  
2684  -10724  0.439  
2685  -10744  0.439  
2686  -10763  0.440  
2687  -10783  0.441  
2688  -10802  0.442  
2689  -10820  0.443  
2690  -10840  0.443  
2691  -10859  0.444  
2692  -10877  0.445  
2693  -10896  0.446  
2694  -10913  0.446  
2695  -10931  0.447  
2696  -10947  0.448  
2697  -10963  0.448  
2698  -10978  0.449  
2699  -10993  0.450  
2700  -11008  0.450  
2701  -11023  0.451  
2702  -11037  0.451  
2703  -11052  0.452  
2704  -11068  0.453  
2705  -11082  0.453  
2706  -11097  0.454  
2707  -11112  0.455  
2708  -11127  0.455  
2709  -11141  0.456  
2710  -11155  0.456  
2711  -11168  0.457  
2712  -11182  0.457  
2713  -11194  0.458  
2714  -11207  0.458  
2715  -11219  0.459  
2716  -11231  0.459  
2717  -11242  0.460  
2718  -11253  0.460  
2719  -11264  0.461  
2720  -11274  0.461  
2721  -11283  0.462  
2722  -11292  0.462  
2723  -11301  0.462  
2724  -11309  0.463  
2725  -11317  0.463  
2726  -11325  0.463  
2727  -11333  0.464  
2728  -11341  0.464  
2729  -11348  0.464  
2730  -11356  0.465  
2731  -11364  0.465  
2732  -11371  0.465  
2733  -11379  0.465  
2734  -11386  0.466  
2735  -11394  0.466  
2736  -11402  0.466  
2737  -11409  0.467  
2738  -11416  0.467  
2739  -11423  0.467  
2740  -11430  0.468  
2741  -11437  0.468  
2742  -11443  0.468  
2743  -11449  0.468  
2744  -11454  0.469  
2745  -11459  0.469  
2746  -11464  0.469  
2747  -11468  0.469  
2748  -11472  0.469  
2749  -11475  0.469  
2750  -11478  0.470  
2751  -11481  0.470  
2752  -11482  0.470  
2753  -11484  0.470  
2754  -11485  0.470  
2755  -11486  0.470  
2756  -11487  0.470  
2757  -11487  0.470  
2758  -11488  0.470  
2759  -11488  0.470  
2760  -11488  0.470  
2761  -11488  0.470  
2762  -11488  0.470  
2763  -11488  0.470  
2764  -11487  0.470  
2765  -11486  0.470  
2766  -11486  0.470  
2767  -11485  0.470  
2768  -11484  0.470  
2769  -11484  0.470  
2770  -11483  0.470  
2771  -11483  0.470  
2772  -11483  0.470  
2773  -11482  0.470  
2774  -11482  0.470  
2775  -11482  0.470  
2776  -11481  0.470  
2777  -11481  0.470  
2778  -11481  0.470  
2779  -11481  0.470  
2780  -11481  0.470  
2781  -11480  0.470  
2782  -11480  0.470  
2783  -11480  0.470  
2784  -11480  0.470  
2785  -11479  0.470  
2786  -11479  0.470  
2787  -11479  0.470  
2788  -11478  0.470  
2789  -11478  0.470  
2790  -11477  0.469  
2791  -11477  0.469  
2792  -11476  0.469  
2793  -11475  0.469  
2794  -11475  0.469  
2795  -11474  0.469  
2796  -11474  0.469  
2797  -11473  0.469  
2798  -11472  0.469  
2799  -11472  0.469  
2800  -11472  0.469  
2801  -11471  0.469  
2802  -11471  0.469  
2803  -11471  0.469  
2804  -11470  0.469  
2805  -11470  0.469  
2806  -11470  0.469  
2807  -11469  0.469  
2808  -11469  0.469  
2809  -11468  0.469  
2810  -11467  0.469  
2811  -11465  0.469  
2812  -11464  0.469  
2813  -11461  0.469  
2814  -11459  0.469  
2815  -11456  0.469  
2816  -11451  0.468  
2817  -11447  0.468  
2818  -11442  0.468  
2819  -11437  0.468  
2820  -11432  0.468  
2821  -11427  0.467  
2822  -11421  0.467  
2823  -11415  0.467  
2824  -11410  0.467  
2825  -11404  0.466  
2826  -11398  0.466  
2827  -11392  0.466  
2828  -11386  0.466  
2829  -11379  0.465  
2830  -11373  0.465  
2831  -11367  0.465  
2832  -11360  0.465  
2833  -11354  0.464  
2834  -11347  0.464  
2835  -11340  0.464  
2836  -11333  0.464  
2837  -11325  0.463  
2838  -11317  0.463  
2839  -11308  0.463  
2840  -11300  0.462  
2841  -11290  0.462  
2842  -11280  0.461  
2843  -11270  0.461  
2844  -11259  0.461  
2845  -11247  0.460  
2846  -11235  0.460  
2847  -11222  0.459  
2848  -11209  0.459  
2849  -11196  0.458  
2850  -11182  0.457  
2851  -11168  0.457  
2852  -11154  0.456  
2853  -11139  0.456  
2854  -11124  0.455  
2855  -11108  0.454  
2856  -11093  0.454  
2857  -11077  0.453  
2858  -11061  0.452  
2859  -11045  0.452  
2860  -11029  0.451  
2861  -11012  0.450  
2862  -10995  0.450  
2863  -10977  0.449  
2864  -10959  0.448  
2865  -10941  0.448  
2866  -10922  0.447  
2867  -10903  0.446  
2868  -10882  0.445  
2869  -10862  0.444  
2870  -10842  0.444  
2871  -10821  0.443  
2872  -10802  0.442  
2873  -10781  0.441  
2874  -10761  0.440  
2875  -10742  0.439  
2876  -10720  0.439  
2877  -10699  0.438  
2878  -10679  0.437  
2879  -10658  0.436  
2880  -10637  0.435  
2881  -10615  0.434  
2882  -10592  0.433  
2883  -10569  0.432  
2884  -10547  0.431  
2885  -10524  0.430  
2886  -10502  0.430  
2887  -10479  0.429  
2888  -10457  0.428  
2889  -10435  0.427  
2890  -10413  0.426  
2891  -10390  0.425  
2892  -10367  0.424  
2893  -10344  0.423  
2894  -10322  0.422  
2895  -10298  0.421  
2896  -10274  0.420  
2897  -10250  0.419  
2898  -10225  0.418  
2899  -10201  0.417  
2900  -10176  0.416  
2901  -10153  0.415  
2902  -10129  0.414  
2903  -10105  0.413  
2904  -10081  0.412  
2905  -10056  0.411  
2906  -10032  0.410  
2907  -10008  0.409  
2908  -9982  0.408  
2909  -9956  0.407  
2910  -9930  0.406  
2911  -9904  0.405  
2912  -9877  0.404  
2913  -9851  0.403  
2914  -9825  0.402  
2915  -9798  0.401  
2916  -9772  0.400  
2917  -9744  0.399  
2918  -9717  0.397  
2919  -9690  0.396  
2920  -9662  0.395  
2921  -9634  0.394  
2922  -9606  0.393  
2923  -9577  0.392  
2924  -9549  0.391  
2925  -9520  0.389  
2926  -9490  0.388  
2927  -9461  0.387  
2928  -9430  0.386  
2929  -9400  0.385  
2930  -9370  0.383  
2931  -9339  0.382  
2932  -9308  0.381  
2933  -9277  0.379  
2934  -9247  0.378  
2935  -9215  0.377  
2936  -9183  0.376  
2937  -9150  0.374  
2938  -9117  0.373  
2939  -9085  0.372  
2940  -9052  0.370  
2941  -9019  0.369  
2942  -8986  0.368  
2943  -8954  0.366  
2944  -8921  0.365  
2945  -8887  0.364  
2946  -8854  0.362  
2947  -8819  0.361  
2948  -8785  0.359  
2949  -8751  0.358  
2950  -8717  0.357  
2951  -8683  0.355  
2952  -8649  0.354  
2953  -8614  0.352  
2954  -8580  0.351  
2955  -8545  0.350  
2956  -8509  0.348  
2957  -8473  0.347  
2958  -8438  0.345  
2959  -8402  0.344  
2960  -8367  0.342  
2961  -8331  0.341  
2962  -8296  0.339  
2963  -8260  0.338  
2964  -8224  0.336  
2965  -8188  0.335  
2966  -8152  0.333  
2967  -8116  0.332  
2968  -8080  0.331  
2969  -8045  0.329  
2970  -8009  0.328  
2971  -7975  0.326  
2972  -7939  0.325  
2973  -7904  0.323  
2974  -7868  0.322  
2975  -7833  0.320  
2976  -7798  0.319  
2977  -7763  0.318  
2978  -7727  0.316  
2979  -7693  0.315  
2980  -7657  0.313  
2981  -7622  0.312  
2982  -7587  0.310  
2983  -7553  0.309  
2984  -7517  0.307  
2985  -7483  0.306  
2986  -7449  0.305  
2987  -7414  0.303  
2988  -7380  0.302  
2989  -7345  0.300  
2990  -7310  0.299  
2991  -7276  0.298  
2992  -7242  0.296  
2993  -7207  0.295  
2994  -7173  0.293  
2995  -7139  0.292  
2996  -7104  0.291  
2997  -7069  0.289  
2998  -7034  0.288  
2999  -6999  0.286  
3000  -6964  0.285  
3001  -6929  0.283  
3002  -6895  0.282  
3003  -6859  0.281  
3004  -6825  0.279  
3005  -6790  0.278  
3006  -6754  0.276  
3007  -6718  0.275  
3008  -6682  0.273  
3009  -6647  0.272  
3010  -6612  0.270  
3011  -6577  0.269  
3012  -6542  0.268  
3013  -6505  0.266  
3014  -6470  0.265  
3015  -6433  0.263  
3016  -6398  0.262  
3017  -6361  0.260  
3018  -6325  0.259  
3019  -6289  0.257  
3020  -6254  0.256  
3021  -6217  0.254  
3022  -6181  0.253  
3023  -6144  0.251  
3024  -6107  0.250  
3025  -6070  0.248  
3026  -6033  0.247  
3027  -5997  0.245  
3028  -5960  0.244  
3029  -5925  0.242  
3030  -5887  0.241  
3031  -5850  0.239  
3032  -5813  0.238  
3033  -5776  0.236  
3034  -5739  0.235  
3035  -5702  0.233  
3036  -5666  0.232  
3037  -5629  0.230  
3038  -5592  0.229  
3039  -5555  0.227  
3040  -5518  0.226  
3041  -5481  0.224  
3042  -5444  0.223  
3043  -5407  0.221  
3044  -5370  0.220  
3045  -5333  0.218  
3046  -5297  0.217  
3047  -5260  0.215  
3048  -5223  0.214  
3049  -5187  0.212  
3050  -5151  0.211  
3051  -5114  0.209  
3052  -5078  0.208  
3053  -5041  0.206  
3054  -5005  0.205  
3055  -4969  0.203  
3056  -4933  0.202  
3057  -4897  0.200  
3058  -4863  0.199  
3059  -4828  0.197  
3060  -4793  0.196  
3061  -4758  0.195  
3062  -4722  0.193  
3063  -4687  0.192  
3064  -4652  0.190  
3065  -4617  0.189  
3066  -4583  0.187  
3067  -4550  0.186  
3068  -4515  0.185  
3069  -4481  0.183  
3070  -4446  0.182  
3071  -4411  0.180  
3072  -4377  0.179  
3073  -4342  0.178  
3074  -4308  0.176  
3075  -4274  0.175  
3076  -4240  0.173  
3077  -4206  0.172  
3078  -4172  0.171  
3079  -4138  0.169  
3080  -4103  0.168  
3081  -4068  0.166  
3082  -4034  0.165  
3083  -4000  0.164  
3084  -3967  0.162  
3085  -3933  0.161  
3086  -3899  0.159  
3087  -3865  0.158  
3088  -3831  0.157  
3089  -3796  0.155  
3090  -3762  0.154  
3091  -3727  0.152  
3092  -3693  0.151  
3093  -3659  0.150  
3094  -3625  0.148  
3095  -3590  0.147  
3096  -3555  0.145  
3097  -3520  0.144  
3098  -3485  0.143  
3099  -3450  0.141  
3100  -3415  0.140  
3101  -3380  0.138  
3102  -3345  0.137  
3103  -3310  0.135  
3104  -3274  0.134  
3105  -3239  0.132  
3106  -3204  0.131  
3107  -3168  0.130  
3108  -3134  0.128  
3109  -3099  0.127  
3110  -3064  0.125  
3111  -3027  0.124  
3112  -2992  0.122  
3113  -2957  0.121  
3114  -2920  0.119  
3115  -2885  0.118  
3116  -2850  0.117  
3117  -2814  0.115  
3118  -2780  0.114  
3119  -2745  0.112  
3120  -2709  0.111  
3121  -2673  0.109  
3122  -2637  0.108  
3123  -2601  0.106  
3124  -2566  0.105  
3125  -2531  0.104  
3126  -2496  0.102  
3127  -2461  0.101  
3128  -2426  0.099  
3129  -2390  0.098  
3130  -2354  0.096  
3131  -2318  0.095  
3132  -2283  0.093  
3133  -2249  0.092  
3134  -2213  0.091  
3135  -2179  0.089  
3136  -2143  0.088  
3137  -2108  0.086  
3138  -2072  0.085  
3139  -2038  0.083  
3140  -2002  0.082  
3141  -1967  0.080  
3142  -1933  0.079  
3143  -1898  0.078  
3144  -1864  0.076  
3145  -1829  0.075  
3146  -1794  0.073  
3147  -1759  0.072  
3148  -1723  0.070  
3149  -1689  0.069  
3150  -1653  0.068  
3151  -1619  0.066  
3152  -1584  0.065  
3153  -1549  0.063  
3154  -1514  0.062  
3155  -1480  0.061  
3156  -1445  0.059  
3157  -1411  0.058  
3158  -1376  0.056  
3159  -1342  0.055  
3160  -1307  0.053  
3161  -1274  0.052  
3162  -1238  0.051  
3163  -1204  0.049  
3164  -1170  0.048  
3165  -1136  0.046  
3166  -1102  0.045  
3167  -1069  0.044  
3168  -1036  0.042  
3169  -1003  0.041  
3170  -968  0.040  
3171  -934  0.038  
3172  -900  0.037  
3173  -866  0.035  
3174  -834  0.034  
3175  -801  0.033  
3176  -768  0.031  
3177  -735  0.030  
3178  -703  0.029  
3179  -669  0.027  
3180  -636  0.026  
3181  -603  0.025  
3182  -570  0.023  
3183  -537  0.022  
3184  -505  0.021  
3185  -473  0.019  
3186  -441  0.018  
3187  -408  0.017  
3188  -376  0.015  
3189  -343  0.014  
3190  -311  0.013  
3191  -278  0.011  
3192  -246  0.010  
3193  -215  0.009  
3194  -183  0.007  
3195  -151  0.006  
3196  -120  0.005  
3197  -88  0.004  
3198  -56  0.002  
3199  -25  0.001  
3200  7  -0.000  
3201  40  -0.002  
3202  72  -0.003  
3203  104  -0.004  
3204  135  -0.006  
3205  167  -0.007  
3206  198  -0.008  
3207  229  -0.009  
3208  260  -0.011  
3209  292  -0.012  
3210  324  -0.013  
3211  355  -0.015  
3212  387  -0.016  
3213  417  -0.017  
3214  448  -0.018  
3215  479  -0.020  
3216  510  -0.021  
3217  542  -0.022  
3218  573  -0.023  
3219  603  -0.025  
3220  634  -0.026  
3221  665  -0.027  
3222  695  -0.028  
3223  725  -0.030  
3224  756  -0.031  
3225  787  -0.032  
3226  817  -0.033  
3227  848  -0.035  
3228  879  -0.036  
3229  909  -0.037  
3230  939  -0.038  
3231  969  -0.040  
3232  999  -0.041  
3233  1027  -0.042  
3234  1058  -0.043  
3235  1088  -0.045  
3236  1118  -0.046  
3237  1147  -0.047  
3238  1178  -0.048  
3239  1207  -0.049  
3240  1235  -0.051  
3241  1265  -0.052  
3242  1293  -0.053  
3243  1322  -0.054  
3244  1351  -0.055  
3245  1379  -0.056  
3246  1409  -0.058  
3247  1438  -0.059  
3248  1467  -0.060  
3249  1496  -0.061  
3250  1524  -0.062  
3251  1552  -0.063  
3252  1580  -0.065  
3253  1609  -0.066  
3254  1637  -0.067  
3255  1665  -0.068  
3256  1694  -0.069  
3257  1723  -0.070  
3258  1752  -0.072  
3259  1782  -0.073  
3260  1810  -0.074  
3261  1838  -0.075  
3262  1865  -0.076  
3263  1893  -0.077  
3264  1922  -0.079  
3265  1950  -0.080  
3266  1978  -0.081  
3267  2007  -0.082  
3268  2035  -0.083  
3269  2064  -0.084  
3270  2092  -0.086  
3271  2121  -0.087  
3272  2150  -0.088  
3273  2178  -0.089  
3274  2206  -0.090  
3275  2235  -0.091  
3276  2263  -0.093  
3277  2291  -0.094  
3278  2320  -0.095  
3279  2349  -0.096  
3280  2377  -0.097  
3281  2407  -0.098  
3282  2436  -0.100  
3283  2465  -0.101  
3284  2493  -0.102  
3285  2522  -0.103  
3286  2551  -0.104  
3287  2580  -0.106  
3288  2609  -0.107  
3289  2638  -0.108  
3290  2667  -0.109  
3291  2696  -0.110  
3292  2725  -0.111  
3293  2754  -0.113  
3294  2782  -0.114  
3295  2811  -0.115  
3296  2840  -0.116  
3297  2867  -0.117  
3298  2896  -0.118  
3299  2925  -0.120  
3300  2953  -0.121  
3301  2980  -0.122  
3302  3008  -0.123  
3303  3035  -0.124  
3304  3062  -0.125  
3305  3091  -0.126  
3306  3119  -0.128  
3307  3147  -0.129  
3308  3174  -0.130  
3309  3202  -0.131  
3310  3229  -0.132  
3311  3257  -0.133  
3312  3283  -0.134  
3313  3310  -0.135  
3314  3336  -0.136  
3315  3362  -0.138  
3316  3388  -0.139  
3317  3414  -0.140  
3318  3441  -0.141  
3319  3467  -0.142  
3320  3493  -0.143  
3321  3519  -0.144  
3322  3544  -0.145  
3323  3569  -0.146  
3324  3594  -0.147  
3325  3618  -0.148  
3326  3643  -0.149  
3327  3667  -0.150  
3328  3691  -0.151  
3329  3716  -0.152  
3330  3740  -0.153  
3331  3765  -0.154  
3332  3789  -0.155  
3333  3814  -0.156  
3334  3838  -0.157  
3335  3862  -0.158  
3336  3885  -0.159  
3337  3908  -0.160  
3338  3931  -0.161  
3339  3954  -0.162  
3340  3977  -0.163  
3341  4000  -0.164  
3342  4022  -0.165  
3343  4045  -0.165  
3344  4068  -0.166  
3345  4090  -0.167  
3346  4112  -0.168  
3347  4134  -0.169  
3348  4156  -0.170  
3349  4178  -0.171  
3350  4198  -0.172  
3351  4218  -0.173  
3352  4237  -0.173  
3353  4258  -0.174  
3354  4277  -0.175  
3355  4297  -0.176  
3356  4315  -0.177  
3357  4334  -0.177  
3358  4352  -0.178  
3359  4371  -0.179  
3360  4389  -0.180  
3361  4407  -0.180  
3362  4423  -0.181  
3363  4440  -0.182  
3364  4456  -0.182  
3365  4472  -0.183  
3366  4486  -0.184  
3367  4500  -0.184  
3368  4514  -0.185  
3369  4527  -0.185  
3370  4539  -0.186  
3371  4551  -0.186  
3372  4562  -0.187  
3373  4573  -0.187  
3374  4583  -0.187  
3375  4592  -0.188  
3376  4602  -0.188  
3377  4611  -0.189  
3378  4619  -0.189  
3379  4627  -0.189  
3380  4634  -0.190  
3381  4640  -0.190  
3382  4645  -0.190  
3383  4649  -0.190  
3384  4653  -0.190  
3385  4656  -0.190  
3386  4658  -0.191  
3387  4659  -0.191  
3388  4660  -0.191  
3389  4660  -0.191  
3390  4660  -0.191  
3391  4660  -0.191  
3392  4658  -0.191  
3393  4656  -0.190  
3394  4654  -0.190  
3395  4651  -0.190  
3396  4649  -0.190  
3397  4647  -0.190  
3398  4645  -0.190  
3399  4643  -0.190  
3400  4641  -0.190  
3401  4640  -0.190  
3402  4639  -0.190  
3403  4638  -0.190  
3404  4637  -0.190  
3405  4637  -0.190  
3406  4637  -0.190  
3407  4637  -0.190  
3408  4637  -0.190  
3409  4637  -0.190  
3410  4637  -0.190  
3411  4637  -0.190  
3412  4637  -0.190  
3413  4637  -0.190  
3414  4637  -0.190  
3415  4637  -0.190  
3416  4637  -0.190  
3417  4637  -0.190  
3418  4637  -0.190  
3419  4637  -0.190  
3420  4637  -0.190  
3421  4636  -0.190  
3422  4636  -0.190  
3423  4635  -0.190  
3424  4634  -0.190  
3425  4633  -0.190  
3426  4632  -0.189  
3427  4631  -0.189  
3428  4630  -0.189  
3429  4630  -0.189  
3430  4629  -0.189  
3431  4628  -0.189  
3432  4627  -0.189  
3433  4627  -0.189  
3434  4626  -0.189  
3435  4626  -0.189  
3436  4625  -0.189  
3437  4625  -0.189  
3438  4625  -0.189  
3439  4625  -0.189  
3440  4625  -0.189  
3441  4624  -0.189  
3442  4624  -0.189  
3443  4624  -0.189  
3444  4623  -0.189  
3445  4623  -0.189  
3446  4623  -0.189  
3447  4622  -0.189  
3448  4622  -0.189  
3449  4622  -0.189  
3450  4622  -0.189  
3451  4622  -0.189  
3452  4621  -0.189  
3453  4621  -0.189  
3454  4621  -0.189  
3455  4621  -0.189  
3456  4621  -0.189  
3457  4621  -0.189  
3458  4620  -0.189  
3459  4620  -0.189  
3460  4620  -0.189  
3461  4619  -0.189  
3462  4619  -0.189  
3463  4619  -0.189  
3464  4619  -0.189  
3465  4618  -0.189  
3466  4618  -0.189  
3467  4618  -0.189  
3468  4618  -0.189  
3469  4618  -0.189  
3470  4618  -0.189  
3471  4618  -0.189  
3472  4618  -0.189  
3473  4618  -0.189  
3474  4618  -0.189  
3475  4618  -0.189  
3476  4618  -0.189  
3477  4618  -0.189  
3478  4618  -0.189  
3479  4618  -0.189  
3480  4618  -0.189  
3481  4618  -0.189  
3482  4618  -0.189  
3483  4618  -0.189  
3484  4618  -0.189  
3485  4618  -0.189  
3486  4618  -0.189  
3487  4618  -0.189  
3488  4618  -0.189  
3489  4618  -0.189  
3490  4618  -0.189  
3491  4618  -0.189  
3492  4618  -0.189  
3493  4618  -0.189  
3494  4618  -0.189  
3495  4618  -0.189  
3496  4618  -0.189  
3497  4618  -0.189  
3498  4618  -0.189  
3499  4618  -0.189  
3500  4618  -0.189  
3501  4618  -0.189  
3502  4618  -0.189  
3503  4618  -0.189  
3504  4618  -0.189  
3505  4618  -0.189  
3506  4618  -0.189  
3507  4618  -0.189  
3508  4618  -0.189  
3509  4618  -0.189  
3510  4618  -0.189  
3511  4618  -0.189  
3512  4618  -0.189  
3513  4618  -0.189  
3514  4618  -0.189  
3515  4618  -0.189  
3516  4618  -0.189  
3517  4618  -0.189  
3518  4618  -0.189  
3519  4618  -0.189  
3520  4618  -0.189  
3521  4618  -0.189  
3522  4618  -0.189  
3523  4618  -0.189  
3524  4618  -0.189  
3525  4618  -0.189  
3526  4618  -0.189  
3527  4618  -0.189  
3528  4618  -0.189  
3529  4618  -0.189  
3530  4618  -0.189  
3531  4618  -0.189  
3532  4618  -0.189  
3533  4618  -0.189  
3534  4618  -0.189  
3535  4618  -0.189  
3536  4618  -0.189  
3537  4618  -0.189  
3538  4618  -0.189  
3539  4618  -0.189  
3540  4618  -0.189  
3541  4618  -0.189  
3542  4618  -0.189  
3543  4618  -0.189  
3544  4618  -0.189  
3545  4618  -0.189  
3546  4618  -0.189  
3547  4618  -0.189  
3548  4618  -0.189  
3549  4618  -0.189  
3550  4618  -0.189  
3551  4618  -0.189  
3552  4618  -0.189  
3553  4618  -0.189  
3554  4618  -0.189  
3555  4618  -0.189  
3556  4618  -0.189  
3557  4618  -0.189  
3558  4618  -0.189  
3559  4618  -0.189  
3560  4618  -0.189  
3561  4618  -0.189  
3562  4618  -0.189  
3563  4618  -0.189  
3564  4618  -0.189  
3565  4618  -0.189  
3566  4618  -0.189  
3567  4618  -0.189  
3568  4618  -0.189  
3569  4618  -0.189  
3570  4618  -0.189  
3571  4618  -0.189  
3572  4618  -0.189  
3573  4618  -0.189  
3574  4618  -0.189  
3575  4618  -0.189  
3576  4618  -0.189  
3577  4618  -0.189  
3578  4618  -0.189  
3579  4618  -0.189  
3580  4618  -0.189  
3581  4618  -0.189  
3582  4618  -0.189  
3583  4618  -0.189  
3584  4618  -0.189  
3585  4618  -0.189  
3586  4618  -0.189  
3587  4618  -0.189  
3588  4618  -0.189  
3589  4618  -0.189  
3590  4618  -0.189  
3591  4618  -0.189  
3592  4618  -0.189  
3593  4618  -0.189  
3594  4618  -0.189  
3595  4618  -0.189  
3596  4618  -0.189  
3597  4618  -0.189  
3598  4618  -0.189  
3599  4618  -0.189  
3600  4618  -0.189  
3601  4618  -0.189  
3602  4619  -0.189  
3603  4619  -0.189  
3604  4619  -0.189  
3605  4619  -0.189  
3606  4619  -0.189  
3607  4619  -0.189  
3608  4619  -0.189  
3609  4619  -0.189  
3610  4619  -0.189  
3611  4619  -0.189  
3612  4619  -0.189  
3613  4619  -0.189  
3614  4619  -0.189  
3615  4619  -0.189  
3616  4619  -0.189  
3617  4619  -0.189  
3618  4619  -0.189  
3619  4619  -0.189  
3620  4619  -0.189  
3621  4619  -0.189  
3622  4619  -0.189  
3623  4619  -0.189  
3624  4619  -0.189  
3625  4619  -0.189  
3626  4619  -0.189  
3627  4619  -0.189  
3628  4619  -0.189  
3629  4619  -0.189  
3630  4619  -0.189  
3631  4619  -0.189  
3632  4619  -0.189  
3633  4619  -0.189  
3634  4619  -0.189  
3635  4619  -0.189  
3636  4619  -0.189  
3637  4619  -0.189  
3638  4619  -0.189  
3639  4619  -0.189  
3640  4619  -0.189  
3641  4619  -0.189  
3642  4619  -0.189  
3643  4619  -0.189  
3644  4619  -0.189  
3645  4619  -0.189  
3646  4619  -0.189  
3647  4619  -0.189  
3648  4619  -0.189  
3649  4619  -0.189  
3650  4619  -0.189  
3651  4619  -0.189  
3652  4619  -0.189  
3653  4619  -0.189  
3654  4619  -0.189  
3655  4619  -0.189  
3656  4619  -0.189  
3657  4619  -0.189  
3658  4619  -0.189  
3659  4619  -0.189  
3660  4619  -0.189  
3661  4619  -0.189  
3662  4619  -0.189  
3663  4619  -0.189  
3664  4619  -0.189  
3665  4619  -0.189  
3666  4619  -0.189  
3667  4619  -0.189  
3668  4619  -0.189  
3669  4619  -0.189  
3670  4619  -0.189  
3671  4619  -0.189  
3672  4619  -0.189  
3673  4619  -0.189  
3674  4619  -0.189  
3675  4619  -0.189  
3676  4619  -0.189  
3677  4619  -0.189  
3678  4619  -0.189  
3679  4619  -0.189  
3680  4619  -0.189  
3681  4619  -0.189  
3682  4619  -0.189  
3683  4619  -0.189  
3684  4619  -0.189  
3685  4619  -0.189  
3686  4619  -0.189  
3687  4619  -0.189  
3688  4619  -0.189  
3689  4619  -0.189  
3690  4619  -0.189  
3691  4619  -0.189  
3692  4619  -0.189  
3693  4619  -0.189  
3694  4619  -0.189  
3695  4619  -0.189  
3696  4619  -0.189  
3697  4619  -0.189  
3698  4619  -0.189  
3699  4619  -0.189  
3700  4619  -0.189  
3701  4619  -0.189  
3702  4619  -0.189  
3703  4619  -0.189  
3704  4619  -0.189  
3705  4619  -0.189  
3706  4619  -0.189  
3707  4619  -0.189  
3708  4619  -0.189  
3709  4619  -0.189  
3710  4619  -0.189  
3711  4619  -0.189  
3712  4619  -0.189  
3713  4619  -0.189  
3714  4619  -0.189  
3715  4619  -0.189  
3716  4619  -0.189  
3717  4619  -0.189  
3718  4619  -0.189  
3719  4619  -0.189  
3720  4619  -0.189  
3721  4619  -0.189  
3722  4619  -0.189  
3723  4619  -0.189  
3724  4619  -0.189  
3725  4619  -0.189  
3726  4619  -0.189  
3727  4619  -0.189  
3728  4619  -0.189  
3729  4619  -0.189  
3730  4619  -0.189  
3731  4619  -0.189  
3732  4619  -0.189  
3733  4619  -0.189  
3734  4619  -0.189  
3735  4619  -0.189  
3736  4619  -0.189  
3737  4619  -0.189  
3738  4619  -0.189  
3739  4619  -0.189  
3740  4619  -0.189  
3741  4619  -0.189  
3742  4619  -0.189  
3743  4619  -0.189  
3744  4619  -0.189  
3745  4619  -0.189  
3746  4619  -0.189  
3747  4619  -0.189  
3748  4619  -0.189  
3749  4619  -0.189  
3750  4619  -0.189  
3751  4619  -0.189  
3752  4619  -0.189  
3753  4619  -0.189  
3754  4619  -0.189  
3755  4619  -0.189  
3756  4619  -0.189  
3757  4619  -0.189  
3758  4619  -0.189  
3759  4619  -0.189  
3760  4619  -0.189  
3761  4619  -0.189  
3762  4619  -0.189  
3763  4619  -0.189  
3764  4619  -0.189  
3765  4619  -0.189  
3766  4619  -0.189  
3767  4619  -0.189  
3768  4619  -0.189  
3769  4619  -0.189  
3770  4619  -0.189  
3771  4619  -0.189  
3772  4619  -0.189  
3773  4619  -0.189  
3774  4619  -0.189  
3775  4619  -0.189  
3776  4619  -0.189  
3777  4619  -0.189  
3778  4619  -0.189  
3779  4619  -0.189  
3780  4619  -0.189  
3781  4619  -0.189  
3782  4619  -0.189  
3783  4619  -0.189  
3784  4619  -0.189  
3785  4619  -0.189  
3786  4619  -0.189  
3787  4619  -0.189  
3788  4619  -0.189  
3789  4619  -0.189  
3790  4619  -0.189  
3791  4619  -0.189  
3792  4619  -0.189  
3793  4619  -0.189  
3794  4619  -0.189  
3795  4619  -0.189  
3796  4619  -0.189  
3797  4619  -0.189  
3798  4619  -0.189  
3799  4619  -0.189  
3800  4619  -0.189  
3801  4619  -0.189  
3802  4619  -0.189  
3803  4619  -0.189  
3804  4619  -0.189  
3805  4619  -0.189  
3806  4619  -0.189  
3807  4619  -0.189  
3808  4619  -0.189  
3809  4619  -0.189  
3810  4619  -0.189  
3811  4619  -0.189  
3812  4619  -0.189  
3813  4619  -0.189  
3814  4619  -0.189  
3815  4619  -0.189  
3816  4619  -0.189  
3817  4619  -0.189  
3818  4619  -0.189  
3819  4619  -0.189  
3820  4619  -0.189  
3821  4619  -0.189  
3822  4619  -0.189  
3823  4619  -0.189  
3824  4619  -0.189  
3825  4619  -0.189  
3826  4619  -0.189  
3827  4619  -0.189  
3828  4619  -0.189  
3829  4619  -0.189  
3830  4619  -0.189  
3831  4619  -0.189  
3832  4619  -0.189  
3833  4619  -0.189  
3834  4619  -0.189  
3835  4619  -0.189  
3836  4619  -0.189  
3837  4619  -0.189  
3838  4619  -0.189  
3839  4619  -0.189  
3840  4619  -0.189  
3841  4619  -0.189  
3842  4619  -0.189  
3843  4619  -0.189  
3844  4619  -0.189  
3845  4619  -0.189  
3846  4619  -0.189  
3847  4619  -0.189  
3848  4619  -0.189  
3849  4619  -0.189  
3850  4619  -0.189  
3851  4619  -0.189  
3852  4619  -0.189  
3853  4619  -0.189  
3854  4619  -0.189  
3855  4619  -0.189  
3856  4619  -0.189  
3857  4619  -0.189  
3858  4619  -0.189  
3859  4619  -0.189  
3860  4619  -0.189  
3861  4619  -0.189  
3862  4619  -0.189  
3863  4619  -0.189  
3864  4619  -0.189  
3865  4619  -0.189  
3866  4619  -0.189  
3867  4619  -0.189  
3868  4619  -0.189  
3869  4619  -0.189  
3870  4619  -0.189  
3871  4619  -0.189  
3872  4619  -0.189  
3873  4619  -0.189  
3874  4619  -0.189  
3875  4619  -0.189  
3876  4619  -0.189  
3877  4619  -0.189  
3878  4619  -0.189  
3879  4619  -0.189  
3880  4619  -0.189  
3881  4619  -0.189  
3882  4619  -0.189  
3883  4619  -0.189  
3884  4619  -0.189  
3885  4619  -0.189  
3886  4619  -0.189  
3887  4619  -0.189  
3888  4619  -0.189  
3889  4619  -0.189  
3890  4619  -0.189  
3891  4619  -0.189  
3892  4619  -0.189  
3893  4619  -0.189  
3894  4619  -0.189  
3895  4619  -0.189  
3896  4619  -0.189  
3897  4619  -0.189  
3898  4619  -0.189  
3899  4619  -0.189  
3900  4619  -0.189  
3901  4619  -0.189  
3902  4619  -0.189  
3903  4619  -0.189  
3904  4619  -0.189  
3905  4619  -0.189  
3906  4619  -0.189  
3907  4619  -0.189  
3908  4619  -0.189  
3909  4619  -0.189  
3910  4619  -0.189  
3911  4619  -0.189  
3912  4619  -0.189  
3913  4619  -0.189  
3914  4619  -0.189  
3915  4619  -0.189  
3916  4619  -0.189  
3917  4619  -0.189  
3918  4619  -0.189  
3919  4619  -0.189  
3920  4619  -0.189  
3921  4619  -0.189  
3922  4619  -0.189  
3923  4619  -0.189  
3924  4619  -0.189  
3925  4619  -0.189  
3926  4619  -0.189  
3927  4619  -0.189  
3928  4619  -0.189  
3929  4619  -0.189  
3930  4619  -0.189  
3931  4619  -0.189  
3932  4619  -0.189  
3933  4619  -0.189  
3934  4619  -0.189  
3935  4619  -0.189  
3936  4619  -0.189  
3937  4619  -0.189  
3938  4619  -0.189  
3939  4619  -0.189  
3940  4619  -0.189  
3941  4619  -0.189  
3942  4619  -0.189  
3943  4619  -0.189  
3944  4619  -0.189  
3945  4619  -0.189  
3946  4619  -0.189  
3947  4619  -0.189  
3948  4619  -0.189  
3949  4619  -0.189  
3950  4619  -0.189  
3951  4619  -0.189  
3952  4619  -0.189  
3953  4619  -0.189  
3954  4619  -0.189  
3955  4619  -0.189  
3956  4619  -0.189  
3957  4619  -0.189  
3958  4619  -0.189  
3959  4619  -0.189  
3960  4619  -0.189  
3961  4619  -0.189  
3962  4619  -0.189  
3963  4619  -0.189  
3964  4619  -0.189  
3965  4619  -0.189  
3966  4619  -0.189  
3967  4619  -0.189  
3968  4619  -0.189  
3969  4619  -0.189  
3970  4619  -0.189  
3971  4619  -0.189  
3972  4619  -0.189  
3973  4619  -0.189  
3974  4619  -0.189  
3975  4619  -0.189  
3976  4619  -0.189  
3977  4619  -0.189  
3978  4619  -0.189  
3979  4619  -0.189  
3980  4619  -0.189  
3981  4619  -0.189  
3982  4619  -0.189  
3983  4619  -0.189  
3984  4619  -0.189  
3985  4619  -0.189  
3986  4619  -0.189  
3987  4619  -0.189  
3988  4619  -0.189  
3989  4619  -0.189  
3990  4619  -0.189  
3991  4619  -0.189  
3992  4619  -0.189  
3993  4619  -0.189  
3994  4619  -0.189  
3995  4619  -0.189  
3996  4619  -0.189  
3997  4619  -0.189  
3998  4619  -0.189  
3999  4619  -0.189  
4000  4619  -0.189  
4001  4619  -0.189  
4002  4619  -0.189  
4003  4619  -0.189  
4004  4619  -0.189  
4005  4619  -0.189  
4006  4619  -0.189  
4007  4619  -0.189  
4008  4619  -0.189  
4009  4619  -0.189  
4010  4619  -0.189  
4011  4619  -0.189  
4012  4619  -0.189  
4013  4619  -0.189  
4014  4619  -0.189  
4015  4619  -0.189  
4016  4619  -0.189  
4017  4619  -0.189  
4018  4619  -0.189  
4019  4619  -0.189  
4020  4619  -0.189  
4021  4619  -0.189  
4022  4619  -0.189  
4023  4619  -0.189  
4024  4619  -0.189  
4025  4619  -0.189  
4026  4619  -0.189  
4027  4619  -0.189  
4028  4619  -0.189  
4029  4619  -0.189  
4030  4619  -0.189  
4031  4619  -0.189  
4032  4619  -0.189  
4033  4619  -0.189  
4034  4619  -0.189  
4035  4619  -0.189  
4036  4619  -0.189  
4037  4619  -0.189  
4038  4619  -0.189  
4039  4619  -0.189  
4040  4619  -0.189  
4041  4619  -0.189  
4042  4619  -0.189  
4043  4619  -0.189  
4044  4619  -0.189  
4045  4619  -0.189  
4046  4619  -0.189  
4047  4619  -0.189  
