1   1.000  0.000  0.000
2   1.000  0.005  0.000
3   1.000  0.010  0.000
4   1.000  0.015  0.000
5   1.000  0.020  0.000
6   1.000  0.025  0.000
7   1.000  0.030  0.000
8   1.000  0.035  0.000
9   1.000  0.040  0.000
10   1.000  0.045  0.763
11   1.000  0.050  0.000
12   1.000  0.055  0.000
13   1.000  0.060  0.000
14   1.000  0.065  0.000
15   1.000  0.070  0.000
16   1.000  0.075  0.000
17   1.000  0.080  0.000
18   1.000  0.085  0.000
19   1.000  0.090  0.000
20   1.000  0.095  0.000
21   1.000  0.100  0.000
22   1.000  0.105  0.000
23   1.000  0.110  0.000
24   1.000  0.115  0.000
25   1.000  0.120  0.793
26   1.000  0.125  0.000
27   1.000  0.130  0.000
28   1.000  0.135  0.000
29   1.000  0.140  0.000
30   1.000  0.145  0.000
31   1.000  0.150  0.000
32   1.000  0.155  0.000
33   1.000  0.160  0.000
34   1.000  0.165  0.000
35   1.000  0.170  0.763
36   1.000  0.175  0.000
37   1.000  0.179  0.000
38   1.000  0.184  0.000
39   1.000  0.189  0.000
40   1.000  0.194  0.000
41   1.000  0.199  0.000
42   1.000  0.204  0.000
43   1.000  0.209  0.763
44   1.000  0.214  0.000
45   1.000  0.218  0.000
46   1.000  0.223  0.000
47   1.000  0.228  0.000
48   1.000  0.233  0.000
49   1.000  0.238  0.000
50   1.000  0.242  0.763
51   1.000  0.247  0.000
52   1.000  0.252  0.000
53   1.000  0.257  0.000
54   1.000  0.262  0.000
55   1.000  0.266  0.000
56   1.000  0.271  0.000
57   1.000  0.276  0.763
58   1.000  0.280  0.000
59   1.000  0.285  0.000
60   1.000  0.290  0.000
61   1.000  0.294  0.000
62   1.000  0.299  0.763
63   1.000  0.304  0.000
64   1.000  0.308  0.000
65   1.000  0.313  0.000
66   1.000  0.318  0.763
67   1.000  0.322  0.000
68   1.000  0.327  0.000
69   1.000  0.332  0.763
70   1.000  0.336  0.000
71   1.000  0.341  0.000
72   1.000  0.345  0.793
73   1.000  0.350  0.000
74   1.000  0.354  0.000
75   1.000  0.359  0.763
76   1.000  0.363  0.000
77   1.000  0.368  0.763
78   1.000  0.372  0.000
79   1.000  0.377  0.763
80   1.000  0.381  0.000
81   1.000  0.385  0.763
82   1.000  0.390  0.763
83   1.000  0.394  0.000
84   1.000  0.399  0.763
85   1.000  0.403  0.000
86   1.000  0.407  0.793
87   1.000  0.412  0.763
88   1.000  0.416  0.763
89   1.000  0.420  0.000
90   1.000  0.424  0.763
91   1.000  0.429  0.763
92   1.000  0.433  0.763
93   1.000  0.437  0.000
94   1.000  0.441  0.763
95   1.000  0.446  0.763
96   1.000  0.450  0.793
97   1.000  0.454  0.763
98   1.000  0.458  0.763
99   1.000  0.462  0.763
100   1.000  0.466  0.763
101   1.000  0.470  1.526
102   1.000  0.474  0.793
103   1.000  0.478  0.763
104   1.000  0.482  0.763
105   1.000  0.486  1.526
106   1.000  0.490  0.763
107   1.000  0.494  0.763
108   1.000  0.498  1.556
109   1.000  0.502  0.763
110   1.000  0.506  1.526
111   1.000  0.510  0.763
112   1.000  0.514  1.526
113   1.000  0.518  1.556
114   1.000  0.521  1.526
115   1.000  0.525  0.763
116   1.000  0.529  1.526
117   1.000  0.533  1.556
118   1.000  0.537  1.526
119   1.000  0.540  1.526
120   1.000  0.544  1.526
121   1.000  0.548  2.319
122   1.000  0.551  1.526
123   1.000  0.555  1.526
124   1.000  0.559  1.556
125   1.000  0.562  2.289
126   1.000  0.566  1.526
127   1.000  0.569  2.319
128   1.000  0.573  2.289
129   1.000  0.576  1.526
130   1.000  0.580  2.319
131   1.000  0.583  2.289
132   1.000  0.587  2.289
133   1.000  0.590  2.319
134   1.000  0.593  2.289
135   1.000  0.597  3.082
136   1.000  0.600  2.289
137   1.000  0.603  3.082
138   1.000  0.607  3.052
139   1.000  0.610  3.082
140   1.000  0.613  3.052
141   1.000  0.616  3.082
142   1.000  0.620  3.052
143   1.000  0.623  3.845
144   1.000  0.626  3.845
145   1.000  0.629  3.052
146   1.000  0.632  3.845
147   1.000  0.635  3.845
148   1.000  0.638  4.578
149   1.000  0.641  3.845
150   1.000  0.644  3.845
151   1.000  0.647  4.608
152   1.000  0.650  4.578
153   1.000  0.653  4.608
154   1.000  0.656  4.608
155   1.000  0.659  5.371
156   1.000  0.662  4.608
157   1.000  0.664  5.371
158   1.000  0.667  5.341
159   1.000  0.670  6.165
160   1.000  0.673  5.341
161   1.000  0.675  6.165
162   1.000  0.678  6.134
163   1.000  0.681  6.134
164   1.000  0.683  6.134
165   1.000  0.686  6.897
166   1.000  0.689  6.134
167   1.000  0.691  6.897
168   1.000  0.694  7.690
169   1.000  0.696  6.897
170   1.000  0.699  7.660
171   1.000  0.701  7.660
172   1.000  0.703  7.690
173   1.000  0.706  7.660
174   1.000  0.708  8.423
175   1.000  0.711  8.453
176   1.000  0.713  9.216
177   1.000  0.715  8.423
178   1.000  0.717  9.216
179   1.000  0.720  9.186
180   1.000  0.722  9.979
181   1.000  0.724  9.979
182   1.000  0.726  9.949
183   1.000  0.728  9.979
184   1.000  0.730  10.742
185   1.000  0.732  9.979
186   1.000  0.734  9.949
187   1.000  0.736  10.742
188   1.000  0.738  10.742
189   1.000  0.740  10.742
190   1.000  0.742  10.742
191   1.000  0.744  11.505
192   1.000  0.746  10.742
193   1.000  0.747  11.505
194   1.000  0.749  11.505
195   1.000  0.751  11.505
196   1.000  0.753  11.505
197   1.000  0.754  12.268
198   1.000  0.756  11.505
199   1.000  0.758  12.268
200   1.000  0.759  12.268
201   1.000  0.761  12.268
202   1.000  0.762  12.268
203   1.000  0.764  13.031
204   1.000  0.765  13.062
205   1.000  0.767  13.031
206   1.000  0.768  13.794
207   1.000  0.770  13.062
208   1.000  0.771  13.794
209   1.000  0.772  14.587
210   1.000  0.774  13.794
211   1.000  0.775  14.557
212   1.000  0.776  15.350
213   1.000  0.777  14.587
214   1.000  0.778  15.320
215   1.000  0.780  14.587
216   1.000  0.781  15.320
217   1.000  0.782  15.350
218   1.000  0.783  15.350
219   1.000  0.784  15.320
220   1.000  0.785  15.350
221   1.000  0.786  16.113
222   1.000  0.787  16.113
223   1.000  0.788  16.083
224   1.000  0.789  16.113
225   1.000  0.789  16.113
226   1.000  0.790  16.876
227   1.000  0.791  16.876
228   1.000  0.792  17.639
229   1.000  0.792  17.639
230   1.000  0.793  17.639
231   1.000  0.794  17.639
232   1.000  0.794  18.402
233   1.000  0.795  18.402
234   1.000  0.795  19.196
235   1.000  0.796  18.402
236   1.000  0.796  19.165
237   1.000  0.797  19.196
238   1.000  0.797  19.165
239   1.000  0.798  19.928
240   1.000  0.798  19.196
241   1.000  0.798  19.928
242   1.000  0.799  20.721
243   1.000  0.799  19.928
244   1.000  0.799  20.721
245   1.000  0.799  20.691
246   1.000  0.800  21.484
247   1.000  0.800  21.484
248   1.000  0.800  21.484
249   1.000  0.800  22.217
250   1.000  0.800  22.247
251   1.000  0.800  22.247
252   1.000  0.800  23.010
253   1.000  0.800  23.010
254   1.000  0.800  23.010
255   1.000  0.800  23.773
256   1.000  0.800  23.773
257   1.000  0.799  23.773
258   1.000  0.799  23.773
259   1.000  0.799  24.567
260   1.000  0.799  24.536
261   1.000  0.798  24.536
262   1.000  0.798  25.330
263   1.000  0.798  25.299
264   1.000  0.797  26.062
265   1.000  0.797  26.093
266   1.000  0.796  26.855
267   1.000  0.796  26.062
268   1.000  0.795  27.618
269   1.000  0.795  26.855
270   1.000  0.794  27.588
271   1.000  0.794  27.618
272   1.000  0.793  27.618
273   1.000  0.792  28.381
274   1.000  0.792  28.381
275   1.000  0.791  29.144
276   1.000  0.790  29.144
277   1.000  0.789  29.144
278   1.000  0.789  30.670
279   1.000  0.788  29.907
280   1.000  0.787  29.938
281   1.000  0.786  30.670
282   1.000  0.785  31.433
283   1.000  0.784  30.701
284   1.000  0.783  31.433
285   1.000  0.782  32.227
286   1.000  0.781  32.196
287   1.000  0.780  32.227
288   1.000  0.778  32.959
289   1.000  0.777  32.990
290   1.000  0.776  33.752
291   1.000  0.775  33.752
292   1.000  0.774  34.515
293   1.000  0.772  34.515
294   1.000  0.771  35.278
295   1.000  0.770  35.278
296   1.000  0.768  35.278
297   1.000  0.767  36.041
298   1.000  0.765  36.835
299   1.000  0.764  36.041
300   1.000  0.762  36.804
301   1.000  0.761  37.598
302   1.000  0.759  36.804
303   1.000  0.758  38.361
304   1.000  0.756  37.567
305   1.000  0.754  38.361
306   1.000  0.753  39.124
307   1.000  0.751  39.124
308   1.000  0.749  39.093
309   1.000  0.747  39.124
310   1.000  0.746  39.886
311   1.000  0.744  40.649
312   1.000  0.742  39.886
313   1.000  0.740  41.412
314   1.000  0.738  40.649
315   1.000  0.736  41.412
316   1.000  0.734  42.206
317   1.000  0.732  41.412
318   1.000  0.730  42.175
319   1.000  0.728  42.938
320   1.000  0.726  42.206
321   1.000  0.724  43.701
322   1.000  0.722  42.969
323   1.000  0.720  43.701
324   1.000  0.717  43.732
325   1.000  0.715  44.495
326   1.000  0.713  44.464
327   1.000  0.711  45.258
328   1.000  0.708  45.258
329   1.000  0.706  45.258
330   1.000  0.703  46.021
331   1.000  0.701  46.021
332   1.000  0.699  46.783
333   1.000  0.696  46.783
334   1.000  0.694  46.783
335   1.000  0.691  47.546
336   1.000  0.689  48.340
337   1.000  0.686  47.546
338   1.000  0.683  49.072
339   1.000  0.681  49.103
340   1.000  0.678  49.072
341   1.000  0.675  49.866
342   1.000  0.673  49.866
343   1.000  0.670  50.598
344   1.000  0.667  50.629
345   1.000  0.664  51.392
346   1.000  0.662  52.155
347   1.000  0.659  51.392
348   1.000  0.656  52.917
349   1.000  0.653  52.917
350   1.000  0.650  53.711
351   1.000  0.647  53.680
352   1.000  0.644  53.680
353   1.000  0.641  54.474
354   1.000  0.638  55.206
355   1.000  0.635  55.237
356   1.000  0.632  55.206
357   1.000  0.629  56.763
358   1.000  0.626  56.000
359   1.000  0.623  57.526
360   1.000  0.620  57.526
361   1.000  0.616  57.526
362   1.000  0.613  58.289
363   1.000  0.610  58.289
364   1.000  0.607  59.052
365   1.000  0.603  59.052
366   1.000  0.600  59.845
367   1.000  0.597  60.577
368   1.000  0.593  60.608
369   1.000  0.590  60.577
370   1.000  0.587  62.134
371   1.000  0.583  61.340
372   1.000  0.580  62.134
373   1.000  0.576  62.897
374   1.000  0.573  62.134
375   1.000  0.569  63.660
376   1.000  0.566  63.660
377   1.000  0.562  63.660
378   1.000  0.559  64.423
379   1.000  0.555  65.186
380   1.000  0.551  65.216
381   1.000  0.548  65.186
382   1.000  0.544  66.711
383   1.000  0.540  65.979
384   1.000  0.537  66.711
385   1.000  0.533  66.742
386   1.000  0.529  67.505
387   1.000  0.525  68.237
388   1.000  0.521  68.268
389   1.000  0.518  69.031
390   1.000  0.514  69.031
391   1.000  0.510  69.031
392   1.000  0.506  70.557
393   1.000  0.502  70.557
394   1.000  0.498  70.587
395   1.000  0.494  71.320
396   1.000  0.490  71.320
397   1.000  0.486  72.113
398   1.000  0.482  72.845
399   1.000  0.478  72.876
400   1.000  0.474  72.876
401   1.000  0.470  73.608
402   1.000  0.466  74.402
403   1.000  0.462  75.165
404   1.000  0.458  74.402
405   1.000  0.454  75.928
406   1.000  0.450  75.165
407   1.000  0.446  76.721
408   1.000  0.441  76.691
409   1.000  0.437  76.691
410   1.000  0.433  77.484
411   1.000  0.429  78.217
412   1.000  0.424  78.247
413   1.000  0.420  78.979
414   1.000  0.416  79.010
415   1.000  0.412  79.773
416   1.000  0.407  79.773
417   1.000  0.403  79.742
418   1.000  0.399  81.299
419   1.000  0.394  81.329
420   1.000  0.390  81.299
421   1.000  0.385  82.062
422   1.000  0.381  82.062
423   1.000  0.377  82.825
424   1.000  0.372  83.618
425   1.000  0.368  83.588
426   1.000  0.363  83.618
427   1.000  0.359  84.351
428   1.000  0.354  85.144
429   1.000  0.350  85.144
430   1.000  0.345  85.907
431   1.000  0.341  85.907
432   1.000  0.336  86.670
433   1.000  0.332  87.433
434   1.000  0.327  86.670
435   1.000  0.322  88.196
436   1.000  0.318  88.196
437   1.000  0.313  88.989
438   1.000  0.308  89.722
439   1.000  0.304  89.752
440   1.000  0.299  90.485
441   1.000  0.294  90.515
442   1.000  0.290  90.515
443   1.000  0.285  92.041
444   1.000  0.280  92.041
445   1.000  0.276  92.804
446   1.000  0.271  92.804
447   1.000  0.266  93.567
448   1.000  0.262  93.567
449   1.000  0.257  93.567
450   1.000  0.252  95.123
451   1.000  0.247  95.856
452   1.000  0.242  95.886
453   1.000  0.238  95.856
454   1.000  0.233  95.886
455   1.000  0.228  97.412
456   1.000  0.223  97.412
457   1.000  0.218  98.175
458   1.000  0.214  98.175
459   1.000  0.209  98.938
460   1.000  0.204  98.938
461   1.000  0.199  98.938
462   1.000  0.194  100.494
463   1.000  0.189  100.464
464   1.000  0.184  100.464
465   1.000  0.179  101.257
466   1.000  0.175  101.227
467   1.000  0.170  102.020
468   1.000  0.165  102.783
469   1.000  0.160  102.783
470   1.000  0.155  103.546
471   1.000  0.150  103.516
472   1.000  0.145  104.309
473   1.000  0.140  104.340
474   1.000  0.135  105.072
475   1.000  0.130  105.835
476   1.000  0.125  105.835
477   1.000  0.120  106.628
478   1.000  0.115  107.361
479   1.000  0.110  107.391
480   1.000  0.105  108.154
481   1.000  0.100  108.917
482   1.000  0.095  109.680
483   1.000  0.090  109.680
484   1.000  0.085  111.206
485   1.000  0.080  111.206
486   1.000  0.075  111.206
487   1.000  0.070  112.000
488   1.000  0.065  112.732
489   1.000  0.060  113.525
490   1.000  0.055  113.495
491   1.000  0.050  113.525
492   1.000  0.045  115.051
493   1.000  0.040  115.051
494   1.000  0.035  115.814
495   1.000  0.030  115.814
496   1.000  0.025  116.577
497   1.000  0.020  116.577
498   1.000  0.015  118.134
499   1.000  0.010  118.103
500   1.000  0.005  118.134
501   1.000  0.000  118.866
502   1.000  -0.005  118.896
503   1.000  -0.010  120.422
504   1.000  -0.015  120.422
505   1.000  -0.020  120.392
506   1.000  -0.025  121.185
507   1.000  -0.030  121.948
508   1.000  -0.035  121.979
509   1.000  -0.040  122.711
510   1.000  -0.045  123.474
511   1.000  -0.050  123.505
512   1.000  -0.055  124.237
513   1.000  -0.060  124.268
514   1.000  -0.065  125.000
515   1.000  -0.070  125.793
516   1.000  -0.075  125.793
517   1.000  -0.080  125.763
518   1.000  -0.085  126.556
519   1.000  -0.090  127.319
520   1.000  -0.095  127.319
521   1.000  -0.100  128.113
522   1.000  -0.105  128.845
523   1.000  -0.110  128.845
524   1.000  -0.115  128.876
525   1.000  -0.120  129.608
526   1.000  -0.125  130.402
527   1.000  -0.130  131.134
528   1.000  -0.135  131.165
529   1.000  -0.140  131.165
530   1.000  -0.145  132.690
531   1.000  -0.150  131.897
532   1.000  -0.155  133.453
533   1.000  -0.160  133.484
534   1.000  -0.165  133.453
535   1.000  -0.170  134.979
536   1.000  -0.175  134.216
537   1.000  -0.179  135.010
538   1.000  -0.184  134.979
539   1.000  -0.189  136.536
540   1.000  -0.194  136.505
541   1.000  -0.199  136.536
542   1.000  -0.204  138.062
543   1.000  -0.209  137.299
544   1.000  -0.214  138.824
545   1.000  -0.218  138.824
546   1.000  -0.223  139.587
547   1.000  -0.228  139.587
548   1.000  -0.233  140.350
549   1.000  -0.238  141.144
550   1.000  -0.242  141.113
551   1.000  -0.247  141.907
552   1.000  -0.252  141.876
553   1.000  -0.257  142.670
554   1.000  -0.262  143.433
555   1.000  -0.266  143.433
556   1.000  -0.271  144.958
557   1.000  -0.276  144.196
558   1.000  -0.280  144.958
559   1.000  -0.285  145.721
560   1.000  -0.290  146.484
561   1.000  -0.294  146.515
562   1.000  -0.299  147.247
563   1.000  -0.304  147.278
564   1.000  -0.308  148.010
565   1.000  -0.313  148.041
566   1.000  -0.318  148.804
567   1.000  -0.322  149.536
568   1.000  -0.327  149.567
569   1.000  -0.332  149.567
570   1.000  -0.336  151.093
571   1.000  -0.341  151.093
572   1.000  -0.345  151.123
573   1.000  -0.350  151.855
574   1.000  -0.354  152.618
575   1.000  -0.359  152.649
576   1.000  -0.363  153.381
577   1.000  -0.368  153.412
578   1.000  -0.372  154.175
579   1.000  -0.377  154.907
580   1.000  -0.381  154.938
581   1.000  -0.385  154.938
582   1.000  -0.390  155.701
583   1.000  -0.394  156.464
584   1.000  -0.399  157.227
585   1.000  -0.403  157.227
586   1.000  -0.407  158.020
587   1.000  -0.412  157.990
588   1.000  -0.416  159.546
589   1.000  -0.420  159.515
590   1.000  -0.424  159.546
591   1.000  -0.429  161.072
592   1.000  -0.433  161.072
593   1.000  -0.437  161.072
594   1.000  -0.441  162.598
595   1.000  -0.446  161.835
596   1.000  -0.450  163.361
597   1.000  -0.454  164.124
598   1.000  -0.458  164.154
599   1.000  -0.462  164.886
600   1.000  -0.466  164.917
601   1.000  -0.470  166.443
602   1.000  -0.474  166.412
603   1.000  -0.478  166.443
604   1.000  -0.482  167.206
605   1.000  -0.486  167.206
606   1.000  -0.490  168.732
607   1.000  -0.494  168.762
608   1.000  -0.498  168.732
609   1.000  -0.502  169.495
610   1.000  -0.506  170.288
611   1.000  -0.510  170.258
612   1.000  -0.514  171.051
613   1.000  -0.518  171.783
614   1.000  -0.521  171.051
615   1.000  -0.525  171.814
616   1.000  -0.529  171.021
617   1.000  -0.533  171.814
618   1.000  -0.537  171.051
619   1.000  -0.540  171.021
620   1.000  -0.544  171.814
621   1.000  -0.548  171.051
622   1.000  -0.551  171.783
623   1.000  -0.555  171.051
624   1.000  -0.559  171.051
625   1.000  -0.562  171.783
626   1.000  -0.566  171.051
627   1.000  -0.569  171.814
628   1.000  -0.573  171.021
629   1.000  -0.576  171.814
630   1.000  -0.580  108.154
631   1.000  -0.583  171.783
632   1.000  -0.587  171.051
633   1.000  -0.590  171.814
634   1.000  -0.593  171.021
635   1.000  -0.597  171.814
636   1.000  -0.600  171.051
637   1.000  -0.603  171.021
638   1.000  -0.607  171.814
639   1.000  -0.610  108.917
640   1.000  -0.613  171.814
641   1.000  -0.616  171.021
642   1.000  -0.620  171.051
643   1.000  -0.623  171.814
644   1.000  -0.626  171.021
645   1.000  -0.629  171.814
646   1.000  -0.632  115.784
647   1.000  -0.635  164.917
648   1.000  -0.638  171.082
649   1.000  -0.641  171.021
650   1.000  -0.644  171.814
651   1.000  -0.647  171.021
652   1.000  -0.650  109.680
653   1.000  -0.653  171.814
654   1.000  -0.656  171.021
655   1.000  -0.659  171.814
656   1.000  -0.662  171.021
657   1.000  -0.664  109.680
658   1.000  -0.667  171.814
659   1.000  -0.670  171.021
660   1.000  -0.673  171.814
661   1.000  -0.675  109.680
662   1.000  -0.678  171.814
663   1.000  -0.681  171.021
664   1.000  -0.683  171.082
665   1.000  -0.686  171.814
666   1.000  -0.689  109.680
667   1.000  -0.691  171.814
668   1.000  -0.694  171.021
669   1.000  -0.696  171.814
670   1.000  -0.699  171.021
671   1.000  -0.701  109.680
672   1.000  -0.703  171.814
673   1.000  -0.706  171.021
674   1.000  -0.708  171.021
675   1.000  -0.711  171.814
676   1.000  -0.713  109.680
677   1.000  -0.715  171.814
678   1.000  -0.717  171.021
679   1.000  -0.720  171.082
680   1.000  -0.722  171.814
681   1.000  -0.724  110.413
682   1.000  -0.726  171.082
683   1.000  -0.728  171.753
684   1.000  -0.730  171.082
685   1.000  -0.732  110.413
686   1.000  -0.734  171.082
687   1.000  -0.736  171.753
688   1.000  -0.738  171.082
689   1.000  -0.740  110.413
690   1.000  -0.742  171.814
691   1.000  -0.744  171.021
692   1.000  -0.746  171.814
693   1.000  -0.747  109.680
694   1.000  -0.749  171.082
695   1.000  -0.751  171.753
696   1.000  -0.753  171.082
697   1.000  -0.754  171.814
698   1.000  -0.756  109.680
699   1.000  -0.758  171.021
700   1.000  -0.759  171.021
701   1.000  -0.761  171.814
702   1.000  -0.762  171.021
703   1.000  -0.764  109.680
704   1.000  -0.765  171.814
705   1.000  -0.767  171.082
706   1.000  -0.768  171.753
707   1.000  -0.770  171.082
708   1.000  -0.771  109.680
709   1.000  -0.772  171.021
710   1.000  -0.774  171.814
711   1.000  -0.775  171.021
712   1.000  -0.776  166.443
713   1.000  -0.777  115.845
714   1.000  -0.778  171.021
715   1.000  -0.780  171.814
716   1.000  -0.781  171.021
717   1.000  -0.782  110.474
718   1.000  -0.783  171.753
719   1.000  -0.784  171.082
720   1.000  -0.785  171.021
721   1.000  -0.786  110.474
722   1.000  -0.787  171.814
723   1.000  -0.788  171.021
724   1.000  -0.789  171.021
725   1.000  -0.789  171.814
726   1.000  -0.790  109.680
727   1.000  -0.791  171.021
728   1.000  -0.792  171.814
729   1.000  -0.792  171.021
730   1.000  -0.793  171.814
731   1.000  -0.794  109.680
732   1.000  -0.794  171.082
733   1.000  -0.795  171.021
734   1.000  -0.795  171.814
735   1.000  -0.796  171.021
736   1.000  -0.796  123.474
737   1.000  -0.797  158.020
738   1.000  -0.797  171.021
739   1.000  -0.798  171.814
740   1.000  -0.798  171.021
741   1.000  -0.798  110.474
742   1.000  -0.799  171.021
743   1.000  -0.799  171.814
744   1.000  -0.799  171.021
745   1.000  -0.799  110.474
746   1.000  -0.800  171.021
747   1.000  -0.800  171.814
748   1.000  -0.800  171.021
749   1.000  -0.800  110.474
750   1.000  -0.800  171.021
751   1.000  -0.800  171.814
752   1.000  -0.800  171.021
753   1.000  -0.800  171.814
754   1.000  -0.800  109.680
755   1.000  -0.800  171.082
756   1.000  -0.800  171.753
757   1.000  -0.799  171.082
758   1.000  -0.799  171.814
759   1.000  -0.799  108.887
760   1.000  -0.799  171.814
761   1.000  -0.798  171.021
762   1.000  -0.798  171.814
763   1.000  -0.798  171.021
764   1.000  -0.797  171.082
765   1.000  -0.797  110.413
766   1.000  -0.796  171.082
767   1.000  -0.796  171.021
768   1.000  -0.795  171.814
769   1.000  -0.795  171.021
770   1.000  -0.794  110.474
771   1.000  -0.794  171.753
772   1.000  -0.793  171.082
773   1.000  -0.792  171.814
774   1.000  -0.792  110.413
775   1.000  -0.791  171.021
776   1.000  -0.790  171.082
777   1.000  -0.789  171.814
778   1.000  -0.789  110.413
779   1.000  -0.788  171.082
780   1.000  -0.787  171.753
781   1.000  -0.786  171.082
782   1.000  -0.785  109.680
783   1.000  -0.784  171.814
784   1.000  -0.783  171.021
785   1.000  -0.782  171.814
786   1.000  -0.781  171.021
787   1.000  -0.780  111.206
788   1.000  -0.778  170.288
789   1.000  -0.777  171.021
790   1.000  -0.776  171.021
791   1.000  -0.775  171.814
792   1.000  -0.774  171.082
793   1.000  -0.772  109.680
794   1.000  -0.771  171.021
795   1.000  -0.770  171.814
796   1.000  -0.768  171.021
797   1.000  -0.767  171.814
798   1.000  -0.765  109.680
799   1.000  -0.764  171.021
800   1.000  -0.762  171.814
801   1.000  -0.761  171.021
802   1.000  -0.759  110.474
803   1.000  -0.758  171.021
804   1.000  -0.756  171.814
805   1.000  -0.754  171.021
806   1.000  -0.753  110.474
807   1.000  -0.751  171.814
808   1.000  -0.749  171.021
809   1.000  -0.747  171.814
810   1.000  -0.746  154.175
811   1.000  -0.744  126.526
812   1.000  -0.742  171.814
813   1.000  -0.740  171.021
814   1.000  -0.738  171.814
815   1.000  -0.736  147.278
816   1.000  -0.734  133.484
817   1.000  -0.732  171.021
818   1.000  -0.730  171.814
819   1.000  -0.728  171.021
820   1.000  -0.726  171.814
821   1.000  -0.724  108.887
822   1.000  -0.722  171.814
823   1.000  -0.720  171.082
824   1.000  -0.717  171.753
825   1.000  -0.715  171.082
826   1.000  -0.713  109.680
827   1.000  -0.711  171.814
828   1.000  -0.708  171.021
829   1.000  -0.706  171.021
830   1.000  -0.703  171.814
831   1.000  -0.701  110.474
832   1.000  -0.699  171.021
833   1.000  -0.696  171.814
834   1.000  -0.694  171.021
835   1.000  -0.691  110.474
836   1.000  -0.689  171.814
837   1.000  -0.686  171.021
838   1.000  -0.683  171.814
839   1.000  -0.681  109.680
840   1.000  -0.678  171.021
841   1.000  -0.675  171.814
842   1.000  -0.673  171.021
843   1.000  -0.670  171.814
844   1.000  -0.667  109.680
845   1.000  -0.664  171.021
846   1.000  -0.662  171.814
847   1.000  -0.659  171.021
848   1.000  -0.656  171.814
849   1.000  -0.653  109.680
850   1.000  -0.650  171.082
851   1.000  -0.647  171.814
852   1.000  -0.644  171.021
853   1.000  -0.641  171.814
854   1.000  -0.638  109.680
855   1.000  -0.635  171.021
856   1.000  -0.632  171.021
857   1.000  -0.629  171.814
858   1.000  -0.626  171.021
859   1.000  -0.623  110.474
860   1.000  -0.620  171.021
861   1.000  -0.616  171.814
862   1.000  -0.613  171.021
863   1.000  -0.610  110.474
864   1.000  -0.607  171.814
865   1.000  -0.603  171.021
866   1.000  -0.600  171.021
867   1.000  -0.597  110.474
868   1.000  -0.593  171.814
869   1.000  -0.590  171.021
870   1.000  -0.587  171.082
871   1.000  -0.583  110.413
872   1.000  -0.580  171.814
873   1.000  -0.576  171.021
874   1.000  -0.573  171.082
875   1.000  -0.569  171.021
876   1.000  -0.566  111.206
877   1.000  -0.562  171.021
878   1.000  -0.559  171.082
879   1.000  -0.555  171.753
880   1.000  -0.551  109.680
881   1.000  -0.548  171.814
882   1.000  -0.544  171.082
883   1.000  -0.540  171.021
884   1.000  -0.537  171.814
885   1.000  -0.533  110.413
886   1.000  -0.529  171.082
887   1.000  -0.525  171.753
888   1.000  -0.521  171.082
889   1.000  -0.518  110.413
890   1.000  -0.514  171.082
891   1.000  -0.510  171.021
892   1.000  -0.506  171.814
893   1.000  -0.502  110.413
894   1.000  -0.498  171.082
895   1.000  -0.494  171.814
896   1.000  -0.490  171.021
897   1.000  -0.486  152.649
898   1.000  -0.482  128.845
899   1.000  -0.478  171.021
900   1.000  -0.474  171.814
901   1.000  -0.470  171.021
902   1.000  -0.466  109.680
903   1.000  -0.462  171.814
904   1.000  -0.458  171.021
905   1.000  -0.454  171.082
906   1.000  -0.450  171.753
907   1.000  -0.446  109.680
908   1.000  -0.441  171.814
909   1.000  -0.437  171.082
910   1.000  -0.433  171.021
911   1.000  -0.429  171.814
912   1.000  -0.424  109.680
913   1.000  -0.420  171.814
914   1.000  -0.416  171.021
915   1.000  -0.412  171.814
916   1.000  -0.407  153.381
917   1.000  -0.403  128.113
918   1.000  -0.399  171.021
919   1.000  -0.394  171.814
920   1.000  -0.390  171.021
921   1.000  -0.385  110.474
922   1.000  -0.381  171.021
923   1.000  -0.377  171.814
924   1.000  -0.372  171.021
925   1.000  -0.368  134.216
926   1.000  -0.363  147.278
927   1.000  -0.359  171.021
928   1.000  -0.354  171.814
929   1.000  -0.350  171.082
930   1.000  -0.345  122.681
931   1.000  -0.341  158.752
932   1.000  -0.336  171.082
933   1.000  -0.332  171.814
934   1.000  -0.327  171.021
935   1.000  -0.322  156.433
936   1.000  -0.318  125.061
937   1.000  -0.313  171.021
938   1.000  -0.308  171.021
939   1.000  -0.304  171.814
940   1.000  -0.299  109.680
941   1.000  -0.294  171.814
942   1.000  -0.290  171.021
943   1.000  -0.285  171.814
944   1.000  -0.280  171.021
945   1.000  -0.276  109.680
946   1.000  -0.271  171.814
947   1.000  -0.266  171.082
948   1.000  -0.262  171.814
949   1.000  -0.257  109.680
950   1.000  -0.252  171.753
951   1.000  -0.247  171.082
952   1.000  -0.242  171.814
953   1.000  -0.238  171.021
954   1.000  -0.233  109.680
955   1.000  -0.228  171.814
956   1.000  -0.223  171.021
957   1.000  -0.218  171.814
958   1.000  -0.214  171.021
959   1.000  -0.209  109.680
960   1.000  -0.204  171.814
961   1.000  -0.199  171.021
962   1.000  -0.194  171.082
963   1.000  -0.189  171.814
964   1.000  -0.184  109.619
965   1.000  -0.179  171.814
966   1.000  -0.175  171.082
967   1.000  -0.170  171.021
968   1.000  -0.165  116.577
969   1.000  -0.160  164.917
970   1.000  -0.155  171.814
971   1.000  -0.150  171.021
972   1.000  -0.145  171.814
973   1.000  -0.140  109.680
974   1.000  -0.135  171.021
975   1.000  -0.130  171.814
976   1.000  -0.125  171.021
977   1.000  -0.120  111.206
978   1.000  -0.115  170.288
979   1.000  -0.110  171.814
980   1.000  -0.105  171.021
981   1.000  -0.100  171.814
982   1.000  -0.095  109.680
983   1.000  -0.090  171.814
984   1.000  -0.085  171.021
985   1.000  -0.080  171.814
986   1.000  -0.075  159.546
987   1.000  -0.070  121.216
988   1.000  -0.065  171.753
989   1.000  -0.060  171.082
990   1.000  -0.055  171.814
991   1.000  -0.050  109.680
992   1.000  -0.045  171.021
993   1.000  -0.040  171.814
994   1.000  -0.035  171.021
995   1.000  -0.030  171.814
996   1.000  -0.025  109.680
997   1.000  -0.020  171.814
998   1.000  -0.015  171.021
999   1.000  -0.010  171.021
1000   1.000  -0.005  171.814
1001   1.000  -0.000  109.680
1002   1.000  0.005  171.814
1003   1.000  0.010  171.021
1004   1.000  0.015  171.082
1005   1.000  0.020  131.165
1006   1.000  0.025  150.330
1007   1.000  0.030  171.753
1008   1.000  0.035  171.082
1009   1.000  0.040  171.814
1010   1.000  0.045  109.680
1011   1.000  0.050  171.021
1012   1.000  0.055  171.814
1013   1.000  0.060  171.021
1014   1.000  0.065  171.814
1015   1.000  0.070  109.680
1016   1.000  0.075  171.814
1017   1.000  0.080  171.021
1018   1.000  0.085  171.021
1019   1.000  0.090  110.474
1020   1.000  0.095  171.021
1021   1.000  0.100  171.814
1022   1.000  0.105  171.021
1023   1.000  0.110  171.814
1024   1.000  0.115  109.680
1025   1.000  0.120  171.082
1026   1.000  0.125  171.753
1027   1.000  0.130  171.082
1028   1.000  0.135  171.814
1029   1.000  0.140  109.680
1030   1.000  0.145  171.021
1031   1.000  0.150  171.814
1032   1.000  0.155  171.021
1033   1.000  0.160  144.958
1034   1.000  0.165  136.536
1035   1.000  0.170  171.021
1036   1.000  0.175  171.814
1037   1.000  0.179  171.021
1038   1.000  0.184  110.474
1039   1.000  0.189  171.021
1040   1.000  0.194  171.814
1041   1.000  0.199  171.021
1042   1.000  0.204  171.082
1043   1.000  0.209  110.413
1044   1.000  0.214  171.082
1045   1.000  0.218  171.753
1046   1.000  0.223  171.082
1047   1.000  0.228  157.959
1048   1.000  0.233  123.535
1049   1.000  0.238  171.021
1050   1.000  0.242  171.814
1051   1.000  0.247  171.021
1052   1.000  0.252  110.474
1053   1.000  0.257  171.021
1054   1.000  0.262  171.814
1055   1.000  0.266  171.021
1056   1.000  0.271  109.680
1057   1.000  0.276  171.814
1058   1.000  0.280  171.021
1059   1.000  0.285  171.814
1060   1.000  0.290  171.021
1061   1.000  0.294  110.474
1062   1.000  0.299  171.021
1063   1.000  0.304  171.814
1064   1.000  0.308  171.021
1065   1.000  0.313  109.680
1066   1.000  0.318  171.814
1067   1.000  0.322  171.082
1068   1.000  0.327  171.753
1069   1.000  0.332  162.659
1070   1.000  0.336  118.835
1071   1.000  0.341  171.082
1072   1.000  0.345  171.753
1073   1.000  0.350  171.082
1074   1.000  0.354  109.680
1075   1.000  0.359  171.814
1076   1.000  0.363  171.021
1077   1.000  0.368  171.814
1078   1.000  0.372  109.680
1079   1.000  0.377  171.814
1080   1.000  0.381  171.021
1081   1.000  0.385  171.814
1082   1.000  0.390  109.680
1083   1.000  0.394  171.814
1084   1.000  0.399  171.021
1085   1.000  0.403  171.814
1086   1.000  0.407  171.021
1087   1.000  0.412  109.680
1088   1.000  0.416  171.814
1089   1.000  0.420  171.021
1090   1.000  0.424  171.814
1091   1.000  0.429  171.021
1092   1.000  0.433  109.680
1093   1.000  0.437  171.082
1094   1.000  0.441  171.814
1095   1.000  0.446  171.021
1096   1.000  0.450  171.814
1097   1.000  0.454  109.680
1098   1.000  0.458  171.021
1099   1.000  0.462  171.814
1100   1.000  0.466  171.021
1101   1.000  0.470  131.958
1102   1.000  0.474  149.536
1103   1.000  0.478  171.814
1104   1.000  0.482  171.021
1105   1.000  0.486  171.082
1106   1.000  0.490  110.413
1107   1.000  0.494  171.814
1108   1.000  0.498  171.021
1109   1.000  0.502  171.082
1110   1.000  0.506  110.413
1111   1.000  0.510  171.021
1112   1.000  0.514  171.814
1113   1.000  0.518  171.082
1114   1.000  0.521  162.598
1115   1.000  0.525  118.835
1116   1.000  0.529  171.082
1117   1.000  0.533  171.814
1118   1.000  0.537  171.021
1119   1.000  0.540  171.814
1120   1.000  0.544  109.680
1121   1.000  0.548  171.021
1122   1.000  0.551  171.814
1123   1.000  0.555  171.021
1124   1.000  0.559  171.082
1125   1.000  0.562  109.680
1126   1.000  0.566  171.753
1127   1.000  0.569  171.082
1128   1.000  0.573  171.814
1129   1.000  0.576  171.021
1130   1.000  0.580  110.413
1131   1.000  0.583  171.082
1132   1.000  0.587  171.021
1133   1.000  0.590  171.814
1134   1.000  0.593  115.784
1135   1.000  0.597  165.710
1136   1.000  0.600  171.021
1137   1.000  0.603  171.814
1138   1.000  0.607  171.021
1139   1.000  0.610  110.474
1140   1.000  0.613  171.021
1141   1.000  0.616  171.814
1142   1.000  0.620  171.021
1143   1.000  0.623  109.680
1144   1.000  0.626  171.814
1145   1.000  0.629  171.021
1146   1.000  0.632  171.814
1147   1.000  0.635  171.082
1148   1.000  0.638  109.680
1149   1.000  0.641  171.753
1150   1.000  0.644  171.082
1151   1.000  0.647  171.021
1152   1.000  0.650  171.814
1153   1.000  0.653  158.752
1154   1.000  0.656  121.948
1155   1.000  0.659  171.814
1156   1.000  0.662  171.021
1157   1.000  0.664  171.814
1158   1.000  0.667  171.082
1159   1.000  0.670  109.680
1160   1.000  0.673  171.753
1161   1.000  0.675  171.082
1162   1.000  0.678  171.814
1163   1.000  0.681  109.680
1164   1.000  0.683  171.753
1165   1.000  0.686  171.082
1166   1.000  0.689  171.021
1167   1.000  0.691  111.206
1168   1.000  0.694  171.021
1169   1.000  0.696  171.082
1170   1.000  0.699  171.814
1171   1.000  0.701  171.021
1172   1.000  0.703  110.413
1173   1.000  0.706  171.082
1174   1.000  0.708  171.021
1175   1.000  0.711  171.814
1176   1.000  0.713  141.907
1177   1.000  0.715  138.794
1178   1.000  0.717  171.814
1179   1.000  0.720  171.021
1180   1.000  0.722  171.814
1181   1.000  0.724  171.082
1182   1.000  0.726  109.680
1183   1.000  0.728  171.021
1184   1.000  0.730  171.814
1185   1.000  0.732  171.021
1186   1.000  0.734  171.021
1187   1.000  0.736  110.474
1188   1.000  0.738  171.021
1189   1.000  0.740  171.814
1190   1.000  0.742  171.021
1191   1.000  0.744  171.082
1192   1.000  0.746  110.413
1193   1.000  0.747  171.082
1194   1.000  0.749  171.753
1195   1.000  0.751  171.082
1196   1.000  0.753  110.413
1197   1.000  0.754  171.082
1198   1.000  0.756  171.753
1199   1.000  0.758  171.082
1200   1.000  0.759  110.413
1201   1.000  0.761  171.082
1202   1.000  0.762  171.021
1203   1.000  0.764  171.814
1204   1.000  0.765  171.021
1205   1.000  0.767  109.680
1206   1.000  0.768  171.021
1207   1.000  0.770  171.814
1208   1.000  0.771  171.082
1209   1.000  0.772  171.753
1210   1.000  0.774  108.948
1211   1.000  0.775  171.814
1212   1.000  0.776  171.021
1213   1.000  0.777  171.814
1214   1.000  0.778  171.021
1215   1.000  0.780  171.021
1216   1.000  0.781  109.680
1217   1.000  0.782  171.814
1218   1.000  0.783  171.082
1219   1.000  0.784  171.753
1220   1.000  0.785  114.319
1221   1.000  0.786  167.175
1222   1.000  0.787  171.082
1223   1.000  0.788  171.753
1224   1.000  0.789  171.082
1225   1.000  0.789  110.413
1226   1.000  0.790  171.082
1227   1.000  0.791  171.814
1228   1.000  0.792  171.021
1229   1.000  0.792  110.413
1230   1.000  0.793  171.082
1231   1.000  0.794  171.814
1232   1.000  0.794  171.021
1233   1.000  0.795  171.021
1234   1.000  0.795  109.680
1235   1.000  0.796  171.814
1236   1.000  0.796  171.021
1237   1.000  0.797  171.814
1238   1.000  0.797  171.021
1239   1.000  0.798  109.680
1240   1.000  0.798  171.082
1241   1.000  0.798  171.814
1242   1.000  0.799  171.021
1243   1.000  0.799  171.021
1244   1.000  0.799  171.814
1245   1.000  0.799  109.680
1246   1.000  0.800  171.021
1247   1.000  0.800  171.814
1248   1.000  0.800  171.082
1249   1.000  0.800  171.753
1250   1.000  0.800  110.474
1251   1.000  0.800  171.021
1252   1.000  0.800  171.082
1253   1.000  0.800  171.753
1254   1.000  0.800  110.474
1255   1.000  0.800  171.814
1256   1.000  0.800  171.021
1257   1.000  0.799  119.690
1258   1.000  0.799  161.804
1259   1.000  0.799  171.814
1260   1.000  0.799  171.021
1261   1.000  0.798  171.814
1262   1.000  0.798  109.680
1263   1.000  0.798  171.021
1264   1.000  0.797  171.814
1265   1.000  0.797  171.082
1266   1.000  0.796  167.175
1267   1.000  0.796  114.258
1268   1.000  0.795  171.082
1269   1.000  0.795  171.814
1270   1.000  0.794  171.021
1271   1.000  0.794  171.021
1272   1.000  0.793  109.680
1273   1.000  0.792  171.814
1274   1.000  0.792  171.021
1275   1.000  0.791  171.814
1276   1.000  0.790  171.021
1277   1.000  0.789  109.680
1278   1.000  0.789  171.814
1279   1.000  0.788  171.082
1280   1.000  0.787  171.814
1281   1.000  0.786  110.413
1282   1.000  0.785  171.021
1283   1.000  0.784  171.814
1284   1.000  0.783  171.082
1285   1.000  0.782  110.413
1286   1.000  0.781  171.021
1287   1.000  0.780  171.814
1288   1.000  0.778  171.082
1289   1.000  0.777  155.701
1290   1.000  0.776  125.732
1291   1.000  0.775  171.082
1292   1.000  0.774  171.814
1293   1.000  0.772  171.021
1294   1.000  0.771  171.814
1295   1.000  0.770  108.887
1296   1.000  0.768  171.814
1297   1.000  0.767  171.021
1298   1.000  0.765  171.814
1299   1.000  0.764  171.082
1300   1.000  0.762  109.680
1301   1.000  0.761  171.021
1302   1.000  0.759  171.814
1303   1.000  0.758  171.021
1304   1.000  0.756  171.021
1305   1.000  0.754  171.814
1306   1.000  0.753  109.680
1307   1.000  0.751  171.814
1308   1.000  0.749  171.021
1309   1.000  0.747  171.082
1310   1.000  0.746  110.413
1311   1.000  0.744  171.021
1312   1.000  0.742  171.814
1313   1.000  0.740  171.082
1314   1.000  0.738  110.413
1315   1.000  0.736  171.021
1316   1.000  0.734  171.814
1317   1.000  0.732  171.082
1318   1.000  0.730  144.165
1319   1.000  0.728  137.329
1320   1.000  0.726  171.021
1321   1.000  0.724  171.814
1322   1.000  0.722  171.021
1323   1.000  0.720  109.680
1324   1.000  0.717  171.814
1325   1.000  0.715  171.021
1326   1.000  0.713  171.021
1327   1.000  0.711  171.814
1328   1.000  0.708  171.082
1329   1.000  0.706  109.680
1330   1.000  0.703  171.021
1331   1.000  0.701  171.814
1332   1.000  0.699  171.021
1333   1.000  0.696  171.814
1334   1.000  0.694  127.319
1335   1.000  0.691  153.381
1336   1.000  0.689  171.082
1337   1.000  0.686  171.753
1338   1.000  0.683  171.082
1339   1.000  0.681  110.413
1340   1.000  0.678  171.082
1341   1.000  0.675  171.753
1342   1.000  0.673  171.082
1343   1.000  0.670  138.794
1344   1.000  0.667  142.700
1345   1.000  0.664  171.753
1346   1.000  0.662  171.082
1347   1.000  0.659  171.814
1348   1.000  0.656  109.680
1349   1.000  0.653  171.021
1350   1.000  0.650  171.814
1351   1.000  0.647  171.021
1352   1.000  0.644  110.474
1353   1.000  0.641  171.021
1354   1.000  0.638  171.021
1355   1.000  0.635  171.814
1356   1.000  0.632  171.021
1357   1.000  0.629  109.680
1358   1.000  0.626  171.814
1359   1.000  0.623  171.082
1360   1.000  0.620  171.021
1361   1.000  0.616  171.814
1362   1.000  0.613  171.021
1363   1.000  0.610  109.680
1364   1.000  0.607  171.814
1365   1.000  0.603  171.021
1366   1.000  0.600  171.814
1367   1.000  0.597  171.021
1368   1.000  0.593  110.474
1369   1.000  0.590  171.021
1370   1.000  0.587  171.082
1371   1.000  0.583  171.753
1372   1.000  0.580  110.474
1373   1.000  0.576  171.021
1374   1.000  0.573  171.082
1375   1.000  0.569  171.753
1376   1.000  0.566  110.474
1377   1.000  0.562  171.021
1378   1.000  0.559  171.082
1379   1.000  0.555  171.753
1380   1.000  0.551  171.082
1381   1.000  0.548  110.413
1382   1.000  0.544  171.082
1383   1.000  0.540  171.753
1384   1.000  0.537  171.082
1385   1.000  0.533  144.165
1386   1.000  0.529  136.536
1387   1.000  0.525  171.814
1388   1.000  0.521  171.021
1389   1.000  0.518  171.814
1390   1.000  0.514  171.021
1391   1.000  0.510  109.680
1392   1.000  0.506  171.814
1393   1.000  0.502  171.082
1394   1.000  0.498  171.021
1395   1.000  0.494  171.814
1396   1.000  0.490  109.680
1397   1.000  0.486  171.814
1398   1.000  0.482  171.021
1399   1.000  0.478  171.021
1400   1.000  0.474  110.474
1401   1.000  0.470  171.814
1402   1.000  0.466  171.021
1403   1.000  0.462  171.021
1404   1.000  0.458  171.814
1405   1.000  0.454  109.680
1406   1.000  0.450  171.814
1407   1.000  0.446  171.021
1408   1.000  0.441  171.082
1409   1.000  0.437  110.413
1410   1.000  0.433  171.021
1411   1.000  0.429  171.082
1412   1.000  0.424  171.814
1413   1.000  0.420  171.021
1414   1.000  0.416  110.413
1415   1.000  0.412  171.082
1416   1.000  0.407  171.021
1417   1.000  0.403  171.814
1418   1.000  0.399  171.021
1419   1.000  0.394  109.680
1420   1.000  0.390  171.021
1421   1.000  0.385  171.814
1422   1.000  0.381  171.082
1423   1.000  0.377  171.753
1424   1.000  0.372  109.680
1425   1.000  0.368  171.082
1426   1.000  0.363  171.021
1427   1.000  0.359  171.814
1428   1.000  0.354  171.021
1429   1.000  0.350  110.474
1430   1.000  0.345  171.021
1431   1.000  0.341  171.021
1432   1.000  0.336  171.814
1433   1.000  0.332  109.680
1434   1.000  0.327  171.814
1435   1.000  0.322  171.021
1436   1.000  0.318  171.082
1437   1.000  0.313  157.227
1438   1.000  0.308  125.000
1439   1.000  0.304  171.021
1440   1.000  0.299  171.082
1441   1.000  0.294  171.814
1442   1.000  0.290  109.680
1443   1.000  0.285  171.753
1444   1.000  0.280  171.082
1445   1.000  0.276  171.021
1446   1.000  0.271  110.474
1447   1.000  0.266  171.814
1448   1.000  0.262  171.021
1449   1.000  0.257  171.021
1450   1.000  0.252  171.814
1451   1.000  0.247  109.680
1452   1.000  0.242  171.814
1453   1.000  0.238  171.021
1454   1.000  0.233  171.021
1455   1.000  0.228  110.474
1456   1.000  0.223  171.021
1457   1.000  0.218  171.814
1458   1.000  0.214  171.021
1459   1.000  0.209  110.474
1460   1.000  0.204  171.021
1461   1.000  0.199  171.814
1462   1.000  0.194  171.021
1463   1.000  0.189  171.814
1464   1.000  0.184  109.680
1465   1.000  0.179  171.082
1466   1.000  0.175  171.814
1467   1.000  0.170  171.021
1468   1.000  0.165  110.413
1469   1.000  0.160  171.082
1470   1.000  0.155  171.021
1471   1.000  0.150  171.814
1472   1.000  0.145  171.021
1473   1.000  0.140  110.474
1474   1.000  0.135  171.021
1475   1.000  0.130  171.021
1476   1.000  0.125  171.814
1477   1.000  0.120  171.021
1478   1.000  0.115  109.680
1479   1.000  0.110  171.814
1480   1.000  0.105  171.082
1481   1.000  0.100  171.021
1482   1.000  0.095  136.536
1483   1.000  0.090  144.958
1484   1.000  0.085  171.814
1485   1.000  0.080  171.021
1486   1.000  0.075  171.021
1487   1.000  0.070  110.474
1488   1.000  0.065  171.021
1489   1.000  0.060  171.814
1490   1.000  0.055  171.021
1491   1.000  0.050  171.082
1492   1.000  0.045  110.413
1493   1.000  0.040  171.021
1494   1.000  0.035  171.814
1495   1.000  0.030  171.082
1496   1.000  0.025  109.680
1497   1.000  0.020  171.753
1498   1.000  0.015  171.082
1499   1.000  0.010  171.814
1500   1.000  0.005  171.021
1501   1.000  0.000  109.680
1502   1.000  -0.005  171.814
1503   1.000  -0.010  171.021
1504   1.000  -0.015  171.814
1505   1.000  -0.020  171.021
1506   1.000  -0.025  109.680
1507   1.000  -0.030  171.814
1508   1.000  -0.035  171.021
1509   1.000  -0.040  171.814
1510   1.000  -0.045  167.969
1511   1.000  -0.050  112.793
1512   1.000  -0.055  171.753
1513   1.000  -0.060  171.082
1514   1.000  -0.065  171.814
1515   1.000  -0.070  109.680
1516   1.000  -0.075  171.021
1517   1.000  -0.080  171.814
1518   1.000  -0.085  171.021
1519   1.000  -0.090  171.814
1520   1.000  -0.095  109.680
1521   1.000  -0.100  171.021
1522   1.000  -0.105  171.082
1523   1.000  -0.110  171.753
1524   1.000  -0.115  171.082
1525   1.000  -0.120  110.413
1526   1.000  -0.125  171.082
1527   1.000  -0.130  171.021
1528   1.000  -0.135  171.814
1529   1.000  -0.140  109.680
1530   1.000  -0.145  171.814
1531   1.000  -0.150  171.021
1532   1.000  -0.155  171.021
1533   1.000  -0.160  171.814
1534   1.000  -0.165  109.680
1535   1.000  -0.170  171.814
1536   1.000  -0.175  171.021
1537   1.000  -0.179  171.082
1538   1.000  -0.184  171.753
1539   1.000  -0.189  109.680
1540   1.000  -0.194  171.814
1541   1.000  -0.199  171.082
1542   1.000  -0.204  171.021
1543   1.000  -0.209  167.175
1544   1.000  -0.214  114.319
1545   1.000  -0.218  171.814
1546   1.000  -0.223  171.021
1547   1.000  -0.228  171.021
1548   1.000  -0.233  140.381
1549   1.000  -0.238  141.113
