0 0.000 0.000 0.000 0.037 0.037 
1 0.000 0.000 0.000 0.020 0.037 
2 0.000 0.000 0.000 0.011 0.037 
3 -0.000 0.000 0.000 0.006 0.037 
4 -0.000 0.000 0.000 0.003 0.037 
5 -0.000 0.000 0.000 0.002 0.036 
6 -0.000 0.000 0.000 0.001 0.036 
7 -0.000 0.000 0.000 0.000 0.036 
8 -0.000 0.000 0.000 0.000 0.036 
9 -0.000 0.000 0.000 0.000 0.036 
10 -0.000 0.000 0.000 0.000 0.036 
11 -0.000 0.001 0.000 0.000 0.036 
12 -0.000 0.002 0.000 0.000 0.036 
13 -0.000 0.008 0.000 0.000 0.036 
14 -0.000 0.023 0.000 0.000 0.037 
15 -0.001 0.070 0.000 0.001 0.041 
16 -0.002 0.198 0.000 0.003 0.053 
17 -0.006 0.480 0.000 0.008 0.082 
18 -0.017 0.890 0.102 0.020 0.134 
19 -0.001 1.228 0.103 0.057 0.207 
20 0.048 1.400 0.103 0.115 0.290 
21 0.051 1.466 0.104 0.164 0.376 
22 0.021 1.489 0.104 0.207 0.464 
23 0.024 1.496 0.104 0.266 0.551 
24 -0.001 1.499 0.105 0.315 0.639 
25 0.008 1.500 0.105 0.376 0.726 
26 -0.016 1.500 0.105 0.426 0.813 
27 -0.052 1.500 0.106 0.470 0.900 
28 0.004 1.500 0.106 0.548 0.987 
29 -0.042 1.500 0.107 0.587 1.073 
30 -0.038 1.500 0.107 0.645 1.159 
31 -0.060 1.500 0.108 0.693 1.245 
32 -0.090 1.500 0.108 0.736 1.330 
33 -0.077 1.500 0.108 0.794 1.415 
34 -0.087 1.500 0.109 0.843 1.500 
35 -0.063 1.500 0.109 0.904 1.585 
36 -0.070 1.500 0.109 0.954 1.669 
37 -0.138 1.500 0.110 0.981 1.753 
38 -0.138 1.500 0.110 1.031 1.837 
39 -0.152 1.500 0.110 1.075 1.920 
40 -0.125 1.500 0.111 1.134 2.004 
41 -0.171 1.500 0.111 1.164 2.087 
42 -0.113 1.500 0.112 1.234 2.169 
43 -0.092 1.500 0.112 1.289 2.252 
44 -0.098 1.500 0.112 1.336 2.334 
45 -0.068 1.500 0.113 1.396 2.416 
46 -0.117 1.500 0.113 1.428 2.498 
47 -0.107 1.500 0.113 1.481 2.579 
48 -0.070 1.500 0.114 1.543 2.660 
49 -0.111 1.500 0.114 1.577 2.741 
50 -0.099 1.500 0.114 1.630 2.822 
51 -0.106 1.500 0.115 1.677 2.902 
52 -0.121 1.500 0.115 1.719 2.983 
53 -0.096 1.500 0.116 1.776 3.062 
54 -0.095 1.500 0.116 1.824 3.142 
55 -0.060 1.500 0.116 1.885 3.221 
56 -0.102 1.500 0.117 1.918 3.301 
57 -0.045 1.500 0.117 1.988 3.380 
58 -0.077 1.500 0.117 2.025 3.458 
59 -0.104 1.500 0.118 2.064 3.537 
60 -0.085 1.500 0.118 2.119 3.615 
61 -0.087 1.500 0.119 2.166 3.693 
62 -0.053 1.500 0.119 2.226 3.770 
63 -0.051 1.500 0.119 2.276 3.848 
64 -0.061 1.500 0.119 2.320 3.925 
65 -0.081 1.500 0.120 2.361 4.002 
66 -0.057 1.500 0.120 2.418 4.078 
67 -0.103 1.500 0.121 2.449 4.155 
68 -0.046 1.500 0.121 2.517 4.231 
69 -0.073 1.500 0.121 2.555 4.307 
70 -0.101 1.500 0.122 2.592 4.383 
71 -0.078 1.500 0.122 2.647 4.458 
72 -0.076 1.500 0.122 2.694 4.533 
73 -0.134 1.500 0.123 2.718 4.608 
74 -0.076 1.500 0.123 2.785 4.683 
75 -0.054 1.500 0.123 2.839 4.757 
76 -0.010 1.500 0.124 2.902 4.832 
77 -0.001 1.500 0.124 2.953 4.906 
78 -0.013 1.499 0.124 2.998 4.980 
79 -0.030 1.496 0.125 3.040 5.053 
80 -0.008 1.489 0.125 3.097 5.126 
81 -0.007 1.466 0.125 3.146 5.197 
82 0.024 1.400 0.126 3.207 5.264 
83 -0.024 1.228 0.126 3.238 5.320 
84 -0.059 0.890 0.126 3.274 5.356 
85 0.006 0.480 0.127 3.344 5.368 
86 -0.020 0.198 0.127 3.366 5.362 
87 -0.071 0.070 0.127 3.369 5.350 
88 -0.056 0.023 0.127 3.387 5.334 
89 -0.049 0.008 0.127 3.393 5.318 
90 -0.078 0.002 0.127 3.379 5.301 
91 -0.036 0.001 0.127 3.390 5.284 
92 -0.049 0.000 0.127 3.376 5.267 
93 0.005 0.000 0.127 3.388 5.251 
94 -0.005 0.000 0.127 3.374 5.234 
95 -0.045 0.000 0.127 3.349 5.217 
96 -0.001 0.000 0.127 3.355 5.201 
97 0.033 0.000 0.127 3.357 5.184 
98 0.012 0.000 0.127 3.339 5.168 
99 0.060 0.000 0.127 3.347 5.151 
100 0.096 0.000 0.127 3.350 5.135 
101 0.080 0.000 0.127 3.334 5.119 
102 0.130 -0.000 0.127 3.343 5.102 
103 0.118 -0.000 0.127 3.328 5.086 
104 0.126 -0.000 0.127 3.322 5.070 
105 0.094 -0.000 0.127 3.299 5.054 
106 0.139 -0.000 0.127 3.306 5.038 
107 0.129 -0.000 0.126 3.291 5.022 
108 0.135 -0.000 0.127 3.284 5.006 
109 0.149 -0.000 0.126 3.278 4.990 
110 0.170 -0.000 0.126 3.276 4.974 
111 0.146 -0.001 0.126 3.257 4.958 
112 0.191 -0.002 0.126 3.264 4.943 
113 0.134 -0.008 0.126 3.232 4.926 
114 0.168 -0.023 0.126 3.234 4.909 
115 0.103 -0.070 0.126 3.198 4.890 
116 0.132 -0.198 0.126 3.197 4.862 
117 0.117 -0.480 0.125 3.174 4.818 
118 0.129 -0.890 0.125 3.152 4.750 
119 0.083 -1.228 0.125 3.094 4.662 
120 0.076 -1.400 0.124 3.045 4.564 
121 0.056 -1.466 0.124 2.983 4.462 
122 0.082 -1.489 0.124 2.933 4.359 
123 0.127 -1.496 0.123 2.888 4.256 
124 0.179 -1.499 0.123 2.847 4.153 
125 0.187 -1.500 0.123 2.790 4.050 
126 0.166 -1.500 0.122 2.723 3.948 
127 0.182 -1.500 0.122 2.671 3.846 
128 0.169 -1.500 0.122 2.608 3.745 
129 0.184 -1.500 0.121 2.556 3.643 
130 0.171 -1.500 0.120 2.494 3.543 
131 0.138 -1.500 0.120 2.425 3.442 
132 0.195 -1.500 0.119 2.388 3.342 
133 0.109 -1.500 0.119 2.299 3.242 
134 0.135 -1.500 0.119 2.250 3.142 
135 0.085 -1.500 0.118 2.173 3.043 
136 0.036 -1.500 0.118 2.095 2.944 
137 0.092 -1.500 0.117 2.055 2.845 
138 -0.036 -1.500 0.117 1.945 2.747 
139 -0.024 -1.500 0.116 1.885 2.648 
140 -0.025 -1.500 0.115 1.820 2.551 
141 -0.083 -1.500 0.115 1.732 2.453 
142 -0.078 -1.500 0.114 1.666 2.356 
143 -0.127 -1.500 0.114 1.579 2.259 
144 -0.112 -1.500 0.113 1.514 2.163 
145 -0.201 -1.500 0.112 1.410 2.066 
146 -0.203 -1.500 0.112 1.337 1.971 
147 -0.248 -1.500 0.111 1.245 1.875 
148 -0.270 -1.500 0.110 1.161 1.780 
149 -0.325 -1.500 0.110 1.063 1.685 
150 -0.347 -1.500 0.109 0.975 1.590 
151 -0.394 -1.500 0.108 0.876 1.495 
152 -0.455 -1.500 0.107 0.770 1.401 
153 -0.469 -1.500 0.107 0.679 1.307 
154 -0.507 -1.500 0.106 0.577 1.214 
155 -0.555 -1.500 0.105 0.470 1.121 
156 -0.511 -1.500 0.105 0.397 1.028 
157 -0.564 -1.500 0.104 0.286 0.935 
158 -0.527 -1.500 0.104 0.211 0.843 
159 -0.489 -1.500 0.103 0.135 0.751 
160 -0.456 -1.500 0.103 0.058 0.659 
161 -0.380 -1.500 0.099 -0.001 0.568 
162 -0.240 -1.500 -0.103 -0.033 0.476 
163 -0.212 -1.500 -0.103 -0.102 0.386 
164 -0.158 -1.500 -0.104 -0.157 0.295 
165 -0.137 -1.500 -0.104 -0.221 0.205 
166 -0.090 -1.500 -0.104 -0.273 0.115 
167 -0.080 -1.500 -0.105 -0.336 0.025 
168 -0.044 -1.500 -0.105 -0.388 -0.065 
169 0.005 -1.500 -0.106 -0.432 -0.154 
170 0.007 -1.500 -0.106 -0.492 -0.243 
171 0.036 -1.500 -0.107 -0.540 -0.331 
172 0.024 -1.500 -0.107 -0.602 -0.420 
173 0.040 -1.500 -0.107 -0.653 -0.508 
174 0.025 -1.500 -0.108 -0.714 -0.595 
175 0.039 -1.500 -0.108 -0.765 -0.683 
176 0.066 -1.500 -0.108 -0.810 -0.770 
177 0.055 -1.500 -0.109 -0.868 -0.857 
178 0.065 -1.499 -0.109 -0.918 -0.944 
179 0.091 -1.496 -0.110 -0.961 -1.030 
180 0.072 -1.489 -0.110 -1.021 -1.115 
181 0.034 -1.466 -0.110 -1.087 -1.199 
182 0.083 -1.400 -0.111 -1.122 -1.279 
183 0.029 -1.228 -0.111 -1.194 -1.348 
184 0.115 -0.890 -0.112 -1.214 -1.396 
185 0.034 -0.480 -0.112 -1.296 -1.421 
186 0.054 -0.198 -0.112 -1.325 -1.428 
187 0.020 -0.070 -0.112 -1.366 -1.427 
188 0.165 -0.023 -0.112 -1.329 -1.424 
189 0.095 -0.008 -0.112 -1.367 -1.420 
190 0.056 -0.002 -0.113 -1.384 -1.416 
191 0.083 -0.001 -0.112 -1.374 -1.411 
192 0.045 -0.000 -0.113 -1.387 -1.407 
193 0.070 -0.000 -0.112 -1.375 -1.402 
194 0.027 -0.000 -0.113 -1.388 -1.398 
195 0.051 -0.000 -0.113 -1.374 -1.394 
196 0.057 -0.000 -0.113 -1.369 -1.389 
197 0.006 -0.000 -0.113 -1.384 -1.385 
198 0.024 -0.000 -0.113 -1.372 -1.380 
199 -0.064 -0.000 -0.112 -1.402 -1.376 
200 -0.016 -0.000 -0.113 -1.379 -1.372 
201 0.002 0.000 -0.112 -1.369 -1.367 
202 -0.043 0.000 -0.113 -1.382 -1.363 
203 -0.024 0.000 -0.113 -1.370 -1.359 
204 -0.018 0.000 -0.113 -1.364 -1.354 
205 -0.068 0.000 -0.113 -1.379 -1.350 
206 -0.048 0.000 -0.112 -1.366 -1.346 
207 -0.045 0.000 -0.112 -1.361 -1.341 
208 -0.049 0.000 -0.112 -1.359 -1.337 
209 -0.057 0.000 -0.112 -1.357 -1.333 
210 -0.065 0.000 -0.112 -1.356 -1.329 
211 -0.074 0.001 -0.112 -1.355 -1.324 
212 -0.037 0.002 -0.112 -1.337 -1.320 
213 -0.071 0.008 -0.112 -1.346 -1.315 
214 -0.047 0.023 -0.112 -1.332 -1.310 
215 -0.084 0.070 -0.112 -1.341 -1.302 
216 -0.114 0.198 -0.112 -1.345 -1.286 
217 -0.086 0.480 -0.112 -1.324 -1.253 
218 -0.040 0.890 -0.112 -1.287 -1.196 
219 -0.003 1.228 -0.111 -1.237 -1.119 
220 0.051 1.400 -0.110 -1.174 -1.032 
221 0.138 1.466 -0.110 -1.087 -0.941 
222 0.189 1.489 -0.110 -1.007 -0.850 
223 0.218 1.496 -0.109 -0.928 -0.758 
224 0.328 1.499 -0.108 -0.815 -0.666 
225 0.380 1.500 -0.107 -0.720 -0.575 
226 0.396 1.500 -0.107 -0.634 -0.483 
227 0.393 1.500 -0.106 -0.553 -0.393 
228 0.472 1.500 -0.105 -0.440 -0.302 
229 0.501 1.500 -0.105 -0.343 -0.212 
230 0.495 1.500 -0.104 -0.258 -0.122 
231 0.477 1.500 -0.103 -0.176 -0.032 
232 0.453 1.500 -0.103 -0.097 0.058 
233 0.376 1.500 -0.103 -0.038 0.147 
234 0.283 1.500 0.103 0.012 0.236 
235 0.190 1.500 0.103 0.057 0.324 
236 0.142 1.500 0.104 0.114 0.413 
237 0.173 1.500 0.104 0.198 0.501 
238 0.152 1.500 0.104 0.261 0.589 
239 0.058 1.500 0.105 0.294 0.676 
240 0.116 1.500 0.105 0.382 0.763 
241 0.023 1.500 0.106 0.412 0.850 
242 0.037 1.500 0.106 0.481 0.937 
243 -0.026 1.500 0.106 0.518 1.023 
244 -0.040 1.500 0.107 0.572 1.109 
245 -0.067 1.500 0.107 0.619 1.195 
246 -0.007 1.500 0.107 0.697 1.281 
247 -0.047 1.500 0.108 0.738 1.366 
248 -0.088 1.500 0.108 0.778 1.451 
249 -0.080 1.500 0.109 0.834 1.536 
250 -0.049 1.500 0.109 0.899 1.620 
251 -0.049 1.500 0.109 0.952 1.705 
252 -0.071 1.500 0.110 0.997 1.789 
253 -0.053 1.500 0.110 1.057 1.872 
254 -0.062 1.500 0.111 1.106 1.956 
255 -0.040 1.500 0.111 1.167 2.039 
256 -0.044 1.500 0.111 1.219 2.122 
257 -0.067 1.500 0.112 1.263 2.204 
258 -0.047 1.500 0.112 1.323 2.287 
259 -0.103 1.500 0.113 1.354 2.369 
260 -0.102 1.500 0.113 1.405 2.451 
261 -0.113 1.500 0.113 1.451 2.532 
262 -0.087 1.500 0.114 1.510 2.614 
263 -0.040 1.500 0.114 1.577 2.695 
264 -0.126 1.500 0.114 1.595 2.776 
265 -0.089 1.500 0.115 1.658 2.856 
266 -0.085 1.500 0.115 1.708 2.936 
267 -0.094 1.500 0.115 1.753 3.016 
268 -0.068 1.500 0.116 1.812 3.096 
269 -0.114 1.500 0.116 1.844 3.176 
270 -0.057 1.500 0.117 1.913 3.255 
271 -0.087 1.500 0.117 1.951 3.334 
272 -0.072 1.500 0.117 2.005 3.413 
273 -0.074 1.500 0.117 2.053 3.491 
274 -0.091 1.500 0.118 2.095 3.570 
275 -0.065 1.500 0.118 2.153 3.648 
276 -0.064 1.500 0.119 2.202 3.726 
277 0.014 1.500 0.119 2.280 3.803 
278 -0.055 1.499 0.120 2.304 3.880 
279 -0.057 1.496 0.120 2.353 3.957 
280 -0.073 1.489 0.120 2.397 4.033 
281 -0.096 1.466 0.120 2.436 4.108 
282 -0.069 1.400 0.121 2.494 4.178 
283 -0.113 1.228 0.121 2.525 4.238 
284 -0.054 0.890 0.121 2.593 4.278 
285 -0.081 0.480 0.122 2.628 4.293 
286 -0.101 0.198 0.122 2.653 4.291 
287 -0.061 0.070 0.122 2.692 4.281 
288 -0.146 0.023 0.122 2.673 4.269 
289 -0.140 0.008 0.122 2.681 4.256 
290 -0.081 0.002 0.122 2.703 4.243 
291 -0.044 0.001 0.122 2.712 4.229 
292 -0.068 0.000 0.122 2.698 4.216 
293 0.025 0.000 0.122 2.727 4.202 
294 0.033 0.000 0.122 2.722 4.189 
295 -0.049 0.000 0.122 2.683 4.176 
296 0.016 0.000 0.122 2.701 4.163 
297 0.013 0.000 0.122 2.690 4.149 
298 0.064 0.000 0.122 2.702 4.136 
299 0.100 0.000 0.122 2.707 4.123 
300 0.035 0.000 0.122 2.674 4.110 
301 0.055 0.000 0.122 2.675 4.097 
302 0.080 -0.000 0.122 2.675 4.084 
303 0.101 -0.000 0.122 2.675 4.071 
304 0.074 -0.000 0.122 2.656 4.058 
305 0.117 -0.000 0.122 2.665 4.045 
306 0.102 -0.000 0.122 2.650 4.032 
307 0.103 -0.000 0.122 2.643 4.020 
308 0.115 -0.000 0.122 2.639 4.007 
309 0.130 -0.000 0.122 2.636 3.994 
310 0.101 -0.000 0.122 2.617 3.981 
311 0.099 -0.001 0.121 2.608 3.969 
312 0.061 -0.002 0.121 2.585 3.956 
313 0.099 -0.008 0.121 2.592 3.943 
314 0.082 -0.023 0.121 2.576 3.929 
315 0.086 -0.070 0.121 2.569 3.912 
316 0.097 -0.198 0.121 2.562 3.888 
317 0.071 -0.480 0.121 2.538 3.847 
318 0.029 -0.890 0.121 2.498 3.782 
319 0.047 -1.228 0.121 2.465 3.697 
320 0.070 -1.400 0.120 2.428 3.602 
321 0.017 -1.466 0.120 2.355 3.503 
322 0.069 -1.489 0.119 2.316 3.403 
323 0.036 -1.496 0.119 2.242 3.303 
324 0.049 -1.499 0.118 2.185 3.203 
325 0.044 -1.500 0.118 2.120 3.104 
326 0.024 -1.500 0.117 2.050 3.005 
327 0.046 -1.500 0.117 1.994 2.906 
328 -0.049 -1.500 0.116 1.895 2.807 
329 -0.016 -1.500 0.116 1.842 2.709 
330 -0.055 -1.500 0.115 1.761 2.611 
331 -0.041 -1.500 0.114 1.699 2.513 
332 -0.043 -1.500 0.114 1.632 2.416 
333 -0.098 -1.500 0.113 1.544 2.319 
334 -0.184 -1.500 0.113 1.443 2.222 
335 -0.136 -1.500 0.112 1.389 2.126 
336 -0.253 -1.500 0.111 1.273 2.030 
337 -0.315 -1.500 0.111 1.175 1.934 
338 -0.339 -1.500 0.110 1.088 1.838 
339 -0.387 -1.500 0.109 0.989 1.743 
340 -0.402 -1.500 0.108 0.901 1.648 
341 -0.446 -1.500 0.108 0.800 1.554 
342 -0.497 -1.500 0.107 0.695 1.459 
343 -0.503 -1.500 0.106 0.604 1.365 
344 -0.493 -1.500 0.106 0.518 1.272 
345 -0.512 -1.500 0.105 0.421 1.178 
346 -0.504 -1.500 0.104 0.334 1.085 
347 -0.529 -1.500 0.104 0.235 0.992 
348 -0.476 -1.500 0.104 0.165 0.900 
349 -0.389 -1.500 0.103 0.109 0.807 
350 -0.334 -1.500 0.103 0.044 0.716 
351 -0.254 -1.500 0.099 -0.009 0.624 
352 -0.166 -1.500 -0.103 -0.054 0.533 
353 -0.082 -1.500 -0.104 -0.096 0.441 
354 -0.096 -1.500 -0.104 -0.171 0.351 
355 -0.024 -1.500 -0.104 -0.211 0.260 
356 -0.008 -1.500 -0.104 -0.269 0.170 
357 0.031 -1.500 -0.105 -0.315 0.080 
358 0.075 -1.500 -0.105 -0.358 -0.010 
359 0.115 -1.500 -0.106 -0.399 -0.099 
360 0.106 -1.500 -0.106 -0.457 -0.188 
361 0.121 -1.500 -0.106 -0.504 -0.277 
362 0.097 -1.500 -0.107 -0.565 -0.365 
363 0.104 -1.500 -0.107 -0.614 -0.453 
364 0.121 -1.500 -0.107 -0.659 -0.541 
365 0.148 -1.500 -0.108 -0.700 -0.629 
366 0.126 -1.500 -0.108 -0.758 -0.716 
367 0.086 -1.500 -0.108 -0.823 -0.803 
368 0.126 -1.500 -0.109 -0.858 -0.890 
369 0.068 -1.500 -0.109 -0.930 -0.977 
370 0.101 -1.500 -0.110 -0.969 -1.063 
371 0.092 -1.500 -0.110 -1.023 -1.149 
372 0.054 -1.500 -0.111 -1.088 -1.235 
373 0.051 -1.500 -0.111 -1.141 -1.320 
374 0.068 -1.500 -0.111 -1.187 -1.405 
375 0.049 -1.500 -0.112 -1.246 -1.490 
376 0.057 -1.500 -0.112 -1.295 -1.575 
377 0.078 -1.500 -0.112 -1.339 -1.659 
378 0.058 -1.499 -0.113 -1.398 -1.743 
379 0.064 -1.496 -0.113 -1.447 -1.827 
380 0.039 -1.489 -0.114 -1.508 -1.910 
381 0.043 -1.466 -0.114 -1.558 -1.991 
382 0.062 -1.400 -0.114 -1.602 -2.068 
383 0.044 -1.228 -0.115 -1.661 -2.135 
384 0.092 -0.890 -0.115 -1.694 -2.181 
385 0.089 -0.480 -0.115 -1.744 -2.203 
386 0.051 -0.198 -0.116 -1.794 -2.208 
387 0.081 -0.070 -0.116 -1.809 -2.205 
388 0.065 -0.023 -0.116 -1.833 -2.199 
389 0.103 -0.008 -0.116 -1.826 -2.193 
390 0.122 -0.002 -0.116 -1.822 -2.186 
391 0.072 -0.001 -0.116 -1.839 -2.179 
392 0.091 -0.000 -0.116 -1.829 -2.172 
393 0.092 -0.000 -0.116 -1.824 -2.165 
394 0.040 -0.000 -0.116 -1.839 -2.158 
395 0.058 -0.000 -0.116 -1.826 -2.151 
396 0.012 -0.000 -0.116 -1.839 -2.145 
397 -0.019 -0.000 -0.116 -1.845 -2.138 
398 0.010 -0.000 -0.116 -1.828 -2.131 
399 0.017 -0.000 -0.116 -1.821 -2.124 
400 -0.078 -0.000 -0.116 -1.851 -2.117 
401 -0.042 0.000 -0.116 -1.831 -2.111 
402 -0.073 0.000 -0.116 -1.838 -2.104 
403 -0.049 0.000 -0.116 -1.823 -2.097 
404 -0.044 0.000 -0.116 -1.816 -2.091 
405 -0.096 0.000 -0.116 -1.830 -2.084 
406 -0.083 0.000 -0.116 -1.819 -2.077 
407 -0.127 0.000 -0.116 -1.830 -2.071 
408 -0.061 0.000 -0.116 -1.800 -2.064 
409 -0.083 0.000 -0.116 -1.803 -2.058 
410 -0.103 0.000 -0.116 -1.804 -2.051 
411 -0.120 0.001 -0.116 -1.805 -2.045 
412 -0.086 0.002 -0.116 -1.786 -2.038 
413 -0.076 0.008 -0.116 -1.777 -2.031 
414 -0.127 0.023 -0.115 -1.790 -2.023 
415 -0.067 0.070 -0.115 -1.761 -2.013 
416 -0.090 0.198 -0.115 -1.762 -1.994 
417 -0.069 0.480 -0.115 -1.741 -1.960 
418 -0.026 0.890 -0.115 -1.703 -1.900 
419 -0.040 1.228 -0.114 -1.672 -1.821 
420 0.034 1.400 -0.114 -1.599 -1.732 
421 0.087 1.466 -0.114 -1.526 -1.639 
422 0.079 1.489 -0.113 -1.469 -1.545 
423 0.127 1.496 -0.112 -1.386 -1.451 
424 0.205 1.499 -0.111 -1.288 -1.357 
425 0.201 1.500 -0.111 -1.218 -1.263 
426 0.291 1.500 -0.110 -1.111 -1.170 
427 0.380 1.500 -0.109 -1.001 -1.077 
428 0.368 1.500 -0.109 -0.925 -0.984 
429 0.442 1.500 -0.108 -0.815 -0.892 
430 0.469 1.500 -0.107 -0.719 -0.800 
431 0.465 1.500 -0.106 -0.634 -0.708 
432 0.493 1.500 -0.106 -0.535 -0.616 
433 0.538 1.500 -0.105 -0.429 -0.525 
434 0.585 1.500 -0.104 -0.322 -0.434 
435 0.540 1.500 -0.104 -0.249 -0.343 
436 0.503 1.500 -0.103 -0.172 -0.252 
437 0.470 1.500 -0.103 -0.095 -0.162 
438 0.390 1.500 -0.103 -0.037 -0.072 
439 0.294 1.500 0.102 0.012 0.017 
440 0.198 1.500 0.103 0.057 0.107 
441 0.195 1.500 0.104 0.132 0.196 
442 0.153 1.500 0.104 0.190 0.284 
443 0.141 1.500 0.104 0.257 0.373 
444 0.052 1.500 0.105 0.292 0.461 
445 0.069 1.500 0.105 0.364 0.549 
446 -0.001 1.500 0.106 0.402 0.636 
447 0.031 1.500 0.106 0.475 0.724 
448 -0.026 1.500 0.106 0.514 0.811 
449 0.015 1.500 0.107 0.588 0.898 
450 0.011 1.500 0.107 0.645 0.984 
451 -0.015 1.500 0.108 0.694 1.070 
452 -0.054 1.500 0.108 0.736 1.156 
453 -0.048 1.500 0.108 0.794 1.242 
454 -0.017 1.500 0.109 0.861 1.328 
455 -0.025 1.500 0.109 0.913 1.413 
456 -0.004 1.500 0.109 0.976 1.498 
457 -0.061 1.500 0.110 1.010 1.582 
458 -0.063 1.500 0.110 1.064 1.667 
459 -0.081 1.500 0.111 1.110 1.751 
460 -0.061 1.500 0.111 1.170 1.834 
461 -0.114 1.500 0.111 1.202 1.918 
462 -0.111 1.500 0.112 1.254 2.001 
463 -0.123 1.500 0.112 1.299 2.084 
464 -0.095 1.500 0.112 1.359 2.167 
465 -0.141 1.500 0.113 1.391 2.250 
466 -0.085 1.500 0.113 1.460 2.332 
467 -0.067 1.500 0.114 1.516 2.414 
468 -0.122 1.500 0.114 1.545 2.495 
469 -0.070 1.500 0.115 1.613 2.577 
470 -0.057 1.500 0.115 1.667 2.658 
471 -0.068 1.500 0.115 1.713 2.739 
472 -0.040 1.500 0.116 1.774 2.820 
473 -0.043 1.500 0.116 1.823 2.900 
474 -0.061 1.500 0.116 1.867 2.980 
475 -0.085 1.500 0.116 1.908 3.060 
476 -0.067 1.500 0.117 1.965 3.140 
477 -0.068 1.500 0.117 2.014 3.219 
478 -0.085 1.499 0.118 2.057 3.298 
479 -0.059 1.496 0.118 2.115 3.377 
480 -0.106 1.489 0.118 2.146 3.455 
481 -0.095 1.466 0.119 2.198 3.531 
482 -0.055 1.400 0.119 2.260 3.604 
483 -0.092 1.228 0.119 2.295 3.665 
484 -0.078 0.890 0.120 2.347 3.707 
485 -0.082 0.480 0.120 2.392 3.723 
486 -0.094 0.198 0.120 2.421 3.723 
487 -0.093 0.070 0.120 2.445 3.716 
488 -0.154 0.023 0.120 2.437 3.705 
489 -0.136 0.008 0.120 2.450 3.694 
490 -0.075 0.002 0.121 2.473 3.682 
491 -0.084 0.001 0.121 2.466 3.671 
492 -0.034 0.000 0.121 2.481 3.659 
493 0.043 0.000 0.121 2.503 3.648 
494 -0.007 0.000 0.121 2.478 3.636 
495 -0.018 0.000 0.121 2.468 3.624 
496 0.029 0.000 0.120 2.478 3.613 
497 0.064 0.000 0.121 2.483 3.601 
498 0.041 0.000 0.121 2.467 3.590 
499 0.085 0.000 0.121 2.477 3.579 
500 0.114 0.000 0.121 2.480 3.567 
501 0.091 0.000 0.121 2.464 3.556 
502 0.086 -0.000 0.121 2.455 3.545 
503 0.097 -0.000 0.120 2.452 3.533 
504 0.111 -0.000 0.120 2.449 3.522 
505 0.127 -0.000 0.120 2.448 3.511 
506 0.048 -0.000 0.120 2.410 3.500 
507 0.118 -0.000 0.120 2.429 3.489 
508 0.111 -0.000 0.120 2.418 3.478 
509 0.117 -0.000 0.120 2.413 3.467 
510 0.083 -0.000 0.120 2.393 3.456 
511 0.076 -0.001 0.120 2.383 3.445 
512 0.086 -0.002 0.120 2.379 3.434 
513 0.051 -0.008 0.120 2.358 3.422 
514 0.088 -0.023 0.120 2.364 3.410 
515 0.074 -0.070 0.120 2.350 3.395 
516 0.120 -0.198 0.119 2.358 3.372 
517 0.062 -0.480 0.119 2.322 3.333 
518 0.054 -0.890 0.119 2.296 3.270 
519 0.084 -1.228 0.119 2.268 3.186 
520 0.017 -1.400 0.118 2.199 3.092 
521 -0.029 -1.466 0.118 2.128 2.995 
522 -0.020 -1.489 0.117 2.071 2.897 
523 -0.026 -1.496 0.117 2.006 2.799 
524 0.009 -1.499 0.116 1.954 2.701 
525 -0.032 -1.500 0.116 1.873 2.603 
526 -0.018 -1.500 0.115 1.812 2.505 
527 -0.067 -1.500 0.115 1.728 2.408 
528 -0.058 -1.500 0.114 1.664 2.311 
529 -0.105 -1.500 0.114 1.578 2.214 
530 -0.139 -1.500 0.113 1.496 2.118 
531 -0.206 -1.500 0.112 1.400 2.021 
532 -0.195 -1.500 0.112 1.331 1.926 
533 -0.188 -1.500 0.111 1.260 1.830 
534 -0.235 -1.500 0.110 1.168 1.735 
535 -0.303 -1.500 0.110 1.067 1.640 
536 -0.332 -1.500 0.109 0.978 1.546 
537 -0.389 -1.500 0.108 0.877 1.451 
538 -0.450 -1.500 0.107 0.771 1.357 
539 -0.469 -1.500 0.107 0.678 1.264 
540 -0.508 -1.500 0.106 0.577 1.170 
541 -0.508 -1.500 0.105 0.488 1.077 
542 -0.583 -1.500 0.105 0.370 0.984 
543 -0.554 -1.500 0.104 0.291 0.892 
544 -0.567 -1.500 0.104 0.196 0.800 
545 -0.509 -1.500 0.103 0.128 0.708 
546 -0.468 -1.500 0.103 0.054 0.616 
547 -0.386 -1.500 0.090 -0.003 0.525 
548 -0.286 -1.500 -0.103 -0.051 0.434 
549 -0.234 -1.500 -0.103 -0.112 0.343 
550 -0.209 -1.500 -0.104 -0.179 0.253 
551 -0.154 -1.500 -0.104 -0.233 0.162 
552 -0.135 -1.500 -0.105 -0.297 0.073 
553 -0.137 -1.500 -0.105 -0.367 -0.017 
554 -0.101 -1.500 -0.106 -0.421 -0.106 
555 -0.052 -1.500 -0.106 -0.468 -0.195 
556 -0.040 -1.500 -0.107 -0.527 -0.284 
557 -0.011 -1.500 -0.107 -0.578 -0.373 
558 -0.013 -1.500 -0.107 -0.639 -0.461 
559 0.008 -1.500 -0.108 -0.690 -0.549 
560 0.045 -1.500 -0.108 -0.734 -0.636 
561 0.038 -1.500 -0.109 -0.793 -0.724 
562 0.057 -1.500 -0.109 -0.842 -0.811 
563 -0.010 -1.500 -0.109 -0.921 -0.898 
564 0.027 -1.500 -0.110 -0.963 -0.984 
565 0.020 -1.500 -0.110 -1.021 -1.070 
566 0.035 -1.500 -0.110 -1.070 -1.156 
567 0.067 -1.500 -0.111 -1.113 -1.242 
568 0.052 -1.500 -0.111 -1.172 -1.327 
569 0.016 -1.500 -0.111 -1.238 -1.413 
570 0.065 -1.500 -0.112 -1.273 -1.497 
571 0.062 -1.500 -0.112 -1.327 -1.582 
572 0.076 -1.500 -0.113 -1.374 -1.666 
573 0.099 -1.500 -0.113 -1.417 -1.751 
574 0.081 -1.500 -0.113 -1.474 -1.834 
575 0.039 -1.500 -0.114 -1.540 -1.918 
576 0.034 -1.500 -0.114 -1.593 -2.001 
577 0.095 -1.500 -0.115 -1.621 -2.084 
578 0.048 -1.499 -0.115 -1.689 -2.167 
579 0.085 -1.496 -0.115 -1.726 -2.249 
580 0.121 -1.489 -0.116 -1.762 -2.331 
581 0.104 -1.466 -0.116 -1.817 -2.411 
582 0.060 -1.400 -0.116 -1.881 -2.486 
583 0.097 -1.228 -0.117 -1.916 -2.552 
584 0.083 -0.890 -0.117 -1.970 -2.597 
585 0.089 -0.480 -0.117 -2.015 -2.617 
586 0.058 -0.198 -0.118 -2.061 -2.620 
587 0.084 -0.070 -0.118 -2.076 -2.616 
588 0.114 -0.023 -0.118 -2.080 -2.609 
589 0.082 -0.008 -0.118 -2.100 -2.602 
590 0.062 -0.002 -0.118 -2.109 -2.593 
591 0.046 -0.001 -0.118 -2.113 -2.585 
592 0.076 -0.000 -0.118 -2.098 -2.577 
593 0.038 -0.000 -0.118 -2.107 -2.569 
594 0.012 -0.000 -0.118 -2.111 -2.561 
595 -0.008 -0.000 -0.118 -2.113 -2.553 
596 -0.024 -0.000 -0.118 -2.113 -2.544 
597 -0.039 -0.000 -0.118 -2.112 -2.536 
598 -0.053 -0.000 -0.118 -2.111 -2.528 
599 -0.068 -0.000 -0.118 -2.110 -2.520 
600 -0.082 -0.000 -0.118 -2.110 -2.512 
601 -0.143 0.000 -0.118 -2.126 -2.504 
602 0.007 0.000 -0.118 -2.063 -2.496 
603 -0.115 0.000 -0.118 -2.104 -2.488 
604 -0.095 0.000 -0.118 -2.088 -2.481 
605 -0.087 0.000 -0.118 -2.079 -2.473 
606 -0.045 0.000 -0.118 -2.057 -2.465 
607 -0.084 0.000 -0.118 -2.065 -2.457 
608 -0.062 0.000 -0.117 -2.049 -2.449 
609 -0.105 0.000 -0.118 -2.059 -2.441 
610 -0.087 0.000 -0.118 -2.046 -2.434 
611 -0.085 0.001 -0.118 -2.039 -2.426 
612 -0.095 0.002 -0.118 -2.036 -2.418 
613 -0.106 0.008 -0.117 -2.034 -2.410 
614 -0.118 0.023 -0.117 -2.032 -2.401 
615 -0.088 0.070 -0.117 -2.013 -2.389 
616 -0.080 0.198 -0.117 -2.001 -2.370 
617 -0.045 0.480 -0.117 -1.975 -2.334 
618 -0.046 0.890 -0.117 -1.953 -2.273 
619 -0.031 1.228 -0.116 -1.909 -2.193 
620 0.009 1.400 -0.116 -1.849 -2.102 
621 0.043 1.466 -0.115 -1.783 -2.008 
622 0.074 1.489 -0.115 -1.711 -1.913 
623 0.094 1.496 -0.114 -1.639 -1.818 
624 0.070 1.499 -0.114 -1.581 -1.723 
625 0.155 1.500 -0.113 -1.481 -1.628 
626 0.112 1.500 -0.112 -1.427 -1.534 
627 0.185 1.500 -0.112 -1.329 -1.439 
628 0.228 1.500 -0.111 -1.240 -1.345 
629 0.294 1.500 -0.110 -1.141 -1.252 
630 0.370 1.500 -0.110 -1.034 -1.159 
631 0.398 1.500 -0.109 -0.943 -1.065 
632 0.403 1.500 -0.108 -0.858 -0.973 
633 0.436 1.500 -0.107 -0.761 -0.880 
634 0.488 1.500 -0.107 -0.655 -0.788 
635 0.540 1.500 -0.106 -0.548 -0.696 
636 0.549 1.500 -0.105 -0.455 -0.605 
637 0.532 1.500 -0.105 -0.371 -0.513 
638 0.553 1.500 -0.104 -0.273 -0.422 
639 0.544 1.500 -0.104 -0.186 -0.332 
640 0.478 1.500 -0.103 -0.121 -0.241 
641 0.429 1.500 -0.103 -0.051 -0.151 
642 0.347 1.500 -0.099 0.005 -0.061 
643 0.205 1.500 0.103 0.035 0.028 
644 0.179 1.500 0.103 0.103 0.118 
645 0.129 1.500 0.104 0.158 0.207 
646 0.111 1.500 0.104 0.221 0.295 
647 0.069 1.500 0.105 0.273 0.384 
648 0.060 1.500 0.105 0.335 0.472 
649 0.077 1.500 0.106 0.406 0.560 
650 0.005 1.500 0.106 0.442 0.647 
651 -0.015 1.500 0.106 0.495 0.735 
652 0.003 1.500 0.106 0.561 0.822 
653 -0.061 1.500 0.107 0.596 0.908 
654 -0.024 1.500 0.107 0.666 0.995 
655 -0.072 1.500 0.108 0.704 1.081 
656 -0.067 1.500 0.108 0.760 1.167 
657 -0.042 1.500 0.109 0.824 1.253 
658 -0.092 1.500 0.109 0.859 1.338 
659 -0.089 1.500 0.109 0.913 1.423 
660 -0.105 1.500 0.109 0.959 1.508 
661 -0.127 1.500 0.110 1.002 1.593 
662 -0.107 1.500 0.110 1.059 1.677 
663 -0.111 1.500 0.111 1.108 1.761 
664 -0.083 1.500 0.111 1.168 1.845 
665 -0.130 1.500 0.111 1.200 1.928 
666 -0.119 1.500 0.112 1.254 2.012 
667 -0.081 1.500 0.112 1.317 2.095 
668 -0.123 1.500 0.112 1.351 2.177 
669 -0.111 1.500 0.113 1.404 2.260 
670 -0.073 1.500 0.113 1.467 2.342 
671 -0.065 1.500 0.113 1.519 2.424 
672 -0.126 1.500 0.114 1.547 2.506 
673 -0.123 1.500 0.114 1.596 2.587 
674 -0.088 1.500 0.115 1.657 2.668 
675 -0.081 1.500 0.115 1.709 2.749 
676 -0.044 1.500 0.116 1.771 2.830 
677 -0.043 1.500 0.116 1.822 2.910 
678 -0.058 1.499 0.116 1.866 2.990 
679 -0.081 1.496 0.117 1.908 3.070 
680 -0.063 1.489 0.117 1.965 3.149 
681 -0.064 1.466 0.117 2.014 3.226 
682 -0.035 1.400 0.118 2.074 3.299 
683 -0.081 1.228 0.118 2.107 3.362 
684 -0.072 0.890 0.118 2.159 3.404 
685 -0.033 0.480 0.119 2.222 3.422 
686 -0.075 0.198 0.119 2.240 3.423 
687 -0.088 0.070 0.119 2.260 3.416 
688 -0.110 0.023 0.119 2.267 3.407 
689 -0.075 0.008 0.119 2.287 3.397 
690 -0.050 0.002 0.119 2.297 3.386 
691 -0.078 0.001 0.119 2.284 3.375 
692 0.005 0.000 0.119 2.311 3.364 
693 -0.082 0.000 0.119 2.272 3.354 
694 0.023 0.000 0.119 2.307 3.343 
695 -0.012 0.000 0.119 2.286 3.333 
696 0.023 0.000 0.119 2.293 3.322 
697 0.006 0.000 0.119 2.280 3.311 
698 0.003 0.000 0.119 2.272 3.301 
699 0.057 0.000 0.119 2.285 3.290 
700 0.049 0.000 0.119 2.275 3.280 
701 0.048 0.000 0.119 2.268 3.270 
702 0.056 -0.000 0.119 2.264 3.259 
703 0.022 -0.000 0.119 2.244 3.249 
704 0.064 -0.000 0.119 2.253 3.239 
705 0.091 -0.000 0.119 2.256 3.228 
706 0.022 -0.000 0.119 2.223 3.218 
707 0.040 -0.000 0.118 2.223 3.208 
708 0.015 -0.000 0.119 2.206 3.198 
709 0.102 -0.000 0.119 2.232 3.187 
710 0.107 -0.000 0.119 2.227 3.177 
711 0.115 -0.001 0.119 2.223 3.167 
712 0.078 -0.002 0.119 2.203 3.157 
713 0.118 -0.008 0.119 2.212 3.147 
714 0.098 -0.023 0.119 2.196 3.135 
715 0.101 -0.070 0.119 2.190 3.121 
716 0.108 -0.198 0.118 2.183 3.099 
717 0.078 -0.480 0.118 2.159 3.061 
718 0.083 -0.890 0.118 2.137 2.998 
719 0.072 -1.228 0.118 2.095 2.915 
720 0.032 -1.400 0.117 2.036 2.823 
721 -0.003 -1.466 0.117 1.970 2.726 
722 -0.034 -1.489 0.116 1.900 2.629 
723 -0.062 -1.496 0.116 1.826 2.532 
724 -0.083 -1.499 0.115 1.753 2.434 
725 -0.058 -1.500 0.114 1.695 2.337 
726 -0.144 -1.500 0.114 1.594 2.240 
727 -0.099 -1.500 0.113 1.541 2.144 
728 -0.131 -1.500 0.112 1.459 2.048 
729 -0.198 -1.500 0.112 1.363 1.952 
730 -0.188 -1.500 0.111 1.294 1.856 
731 -0.228 -1.500 0.111 1.204 1.761 
732 -0.296 -1.500 0.110 1.104 1.666 
733 -0.371 -1.500 0.109 0.998 1.571 
734 -0.403 -1.500 0.109 0.905 1.477 
735 -0.452 -1.500 0.108 0.803 1.383 
736 -0.507 -1.500 0.107 0.696 1.289 
737 -0.517 -1.500 0.106 0.604 1.196 
738 -0.550 -1.500 0.106 0.502 1.103 
739 -0.547 -1.500 0.105 0.413 1.010 
740 -0.571 -1.500 0.104 0.314 0.917 
741 -0.517 -1.500 0.104 0.244 0.825 
742 -0.523 -1.500 0.103 0.151 0.733 
743 -0.462 -1.500 0.103 0.085 0.641 
744 -0.418 -1.500 0.102 0.014 0.550 
745 -0.292 -1.500 -0.103 -0.025 0.459 
746 -0.224 -1.500 -0.103 -0.081 0.368 
747 -0.190 -1.500 -0.104 -0.145 0.277 
748 -0.135 -1.500 -0.104 -0.198 0.187 
749 -0.159 -1.500 -0.105 -0.277 0.097 
750 -0.091 -1.500 -0.105 -0.321 0.007 
751 -0.114 -1.500 -0.105 -0.396 -0.082 
752 -0.095 -1.500 -0.106 -0.455 -0.171 
753 -0.052 -1.500 -0.106 -0.504 -0.260 
754 -0.048 -1.500 -0.107 -0.565 -0.348 
755 -0.015 -1.500 -0.107 -0.614 -0.437 
756 0.024 -1.500 -0.107 -0.659 -0.525 
757 0.023 -1.500 -0.108 -0.718 -0.612 
758 -0.003 -1.500 -0.108 -0.784 -0.700 
759 0.053 -1.500 -0.109 -0.820 -0.787 
760 0.056 -1.500 -0.109 -0.875 -0.874 
761 0.030 -1.500 -0.109 -0.939 -0.960 
762 0.038 -1.500 -0.110 -0.990 -1.047 
763 0.062 -1.500 -0.110 -1.035 -1.133 
764 0.093 -1.500 -0.110 -1.077 -1.219 
765 0.031 -1.500 -0.111 -1.153 -1.304 
766 0.064 -1.500 -0.111 -1.193 -1.389 
767 0.101 -1.500 -0.111 -1.231 -1.474 
768 0.088 -1.500 -0.112 -1.287 -1.559 
769 0.096 -1.500 -0.112 -1.335 -1.643 
770 0.114 -1.500 -0.113 -1.378 -1.727 
771 0.137 -1.500 -0.113 -1.419 -1.811 
772 0.069 -1.500 -0.113 -1.493 -1.895 
773 0.092 -1.500 -0.114 -1.533 -1.978 
774 0.074 -1.500 -0.114 -1.589 -2.061 
775 0.081 -1.500 -0.115 -1.636 -2.144 
776 0.003 -1.500 -0.115 -1.715 -2.227 
777 0.030 -1.500 -0.115 -1.756 -2.309 
778 0.012 -1.499 -0.116 -1.815 -2.391 
779 0.024 -1.496 -0.116 -1.863 -2.473 
780 0.096 -1.489 -0.116 -1.887 -2.553 
781 0.097 -1.466 -0.117 -1.937 -2.633 
782 0.063 -1.400 -0.117 -1.999 -2.708 
783 0.015 -1.228 -0.118 -2.066 -2.772 
784 0.052 -0.890 -0.118 -2.102 -2.817 
785 0.040 -0.480 -0.118 -2.155 -2.836 
786 0.046 -0.198 -0.118 -2.188 -2.839 
787 0.093 -0.070 -0.118 -2.195 -2.834 
788 0.128 -0.023 -0.119 -2.198 -2.827 
789 0.144 -0.008 -0.119 -2.199 -2.818 
790 0.145 -0.002 -0.119 -2.199 -2.809 
791 0.093 -0.001 -0.119 -2.216 -2.800 
792 0.058 -0.000 -0.119 -2.224 -2.791 
793 0.036 -0.000 -0.119 -2.227 -2.783 
794 0.020 -0.000 -0.119 -2.228 -2.774 
795 -0.090 -0.000 -0.119 -2.263 -2.765 
796 -0.054 -0.000 -0.119 -2.243 -2.756 
797 0.002 -0.000 -0.119 -2.216 -2.747 
798 -0.028 -0.000 -0.119 -2.221 -2.739 
799 -0.051 -0.000 -0.119 -2.222 -2.730 
800 -0.071 -0.000 -0.119 -2.223 -2.721 
801 -0.086 0.000 -0.119 -2.222 -2.713 
802 -0.057 0.000 -0.119 -2.204 -2.704 
803 -0.144 0.000 -0.119 -2.231 -2.696 
804 -0.055 0.000 -0.119 -2.189 -2.687 
805 -0.063 0.000 -0.119 -2.186 -2.678 
806 -0.128 0.000 -0.118 -2.203 -2.670 
807 -0.026 0.000 -0.118 -2.157 -2.661 
808 -0.079 0.000 -0.118 -2.171 -2.653 
809 -0.068 0.000 -0.118 -2.159 -2.645 
810 -0.070 0.000 -0.118 -2.153 -2.636 
811 -0.124 0.001 -0.118 -2.167 -2.628 
812 -0.067 0.002 -0.118 -2.138 -2.619 
813 -0.095 0.008 -0.118 -2.143 -2.611 
814 -0.115 0.023 -0.118 -2.142 -2.601 
815 -0.133 0.070 -0.118 -2.142 -2.588 
816 -0.058 0.198 -0.118 -2.105 -2.568 
817 -0.127 0.480 -0.118 -2.118 -2.532 
818 -0.087 0.890 -0.118 -2.079 -2.471 
819 -0.101 1.228 -0.117 -2.047 -2.390 
820 -0.025 1.400 -0.117 -1.975 -2.299 
821 -0.018 1.466 -0.116 -1.920 -2.204 
822 0.047 1.489 -0.116 -1.837 -2.108 
823 0.044 1.496 -0.115 -1.775 -2.012 
824 0.098 1.499 -0.115 -1.690 -1.917 
825 0.086 1.500 -0.114 -1.627 -1.821 
826 0.134 1.500 -0.113 -1.540 -1.726 
827 0.162 1.500 -0.113 -1.459 -1.631 
828 0.180 1.500 -0.112 -1.381 -1.537 
829 0.236 1.500 -0.111 -1.286 -1.443 
830 0.313 1.500 -0.110 -1.182 -1.349 
831 0.345 1.500 -0.110 -1.092 -1.255 
832 0.399 1.500 -0.109 -0.991 -1.162 
833 0.460 1.500 -0.108 -0.884 -1.069 
834 0.476 1.500 -0.108 -0.792 -0.976 
835 0.512 1.500 -0.107 -0.690 -0.883 
836 0.511 1.500 -0.106 -0.601 -0.791 
837 0.537 1.500 -0.106 -0.501 -0.699 
838 0.535 1.500 -0.105 -0.412 -0.608 
839 0.509 1.500 -0.104 -0.331 -0.516 
840 0.529 1.500 -0.104 -0.233 -0.425 
841 0.475 1.500 -0.103 -0.163 -0.335 
842 0.431 1.500 -0.103 -0.091 -0.244 
843 0.397 1.500 -0.102 -0.017 -0.154 
844 0.278 1.500 -0.090 0.023 -0.064 
845 0.121 1.500 0.103 0.044 0.025 
846 0.139 1.500 0.103 0.126 0.115 
847 0.116 1.500 0.104 0.187 0.204 
848 0.114 1.500 0.104 0.255 0.292 
849 0.032 1.500 0.105 0.291 0.381 
850 0.006 1.500 0.105 0.345 0.469 
851 -0.031 1.500 0.105 0.392 0.557 
852 -0.076 1.500 0.106 0.435 0.644 
853 -0.070 1.500 0.106 0.493 0.732 
854 -0.088 1.500 0.106 0.542 0.819 
855 -0.118 1.500 0.107 0.584 0.906 
856 -0.101 1.500 0.107 0.643 0.992 
857 -0.110 1.500 0.108 0.692 1.078 
858 -0.128 1.500 0.108 0.736 1.164 
859 -0.110 1.500 0.108 0.793 1.250 
860 -0.111 1.500 0.109 0.843 1.335 
861 -0.131 1.500 0.109 0.886 1.420 
862 -0.106 1.500 0.109 0.945 1.505 
863 -0.064 1.500 0.110 1.011 1.590 
864 -0.059 1.500 0.110 1.064 1.674 
865 -0.120 1.500 0.111 1.093 1.758 
866 -0.073 1.500 0.111 1.161 1.842 
867 -0.067 1.500 0.111 1.214 1.926 
868 -0.080 1.500 0.112 1.260 2.009 
869 -0.147 1.500 0.112 1.286 2.092 
870 -0.152 1.500 0.112 1.333 2.175 
871 -0.115 1.500 0.113 1.395 2.257 
872 -0.062 1.500 0.113 1.463 2.339 
873 -0.052 1.500 0.113 1.516 2.421 
874 -0.063 1.500 0.114 1.563 2.503 
875 -0.038 1.500 0.114 1.623 2.584 
876 -0.088 1.500 0.115 1.655 2.665 
877 -0.036 1.500 0.115 1.725 2.746 
878 -0.073 1.499 0.115 1.762 2.827 
879 -0.061 1.496 0.116 1.817 2.907 
880 -0.069 1.489 0.116 1.864 2.987 
881 -0.088 1.466 0.116 1.907 3.064 
882 -0.063 1.400 0.117 1.965 3.138 
883 -0.067 1.228 0.117 2.013 3.201 
884 -0.082 0.890 0.118 2.056 3.244 
885 -0.056 0.480 0.118 2.114 3.263 
886 -0.100 0.198 0.118 2.132 3.264 
887 -0.071 0.070 0.118 2.168 3.258 
888 -0.075 0.023 0.118 2.181 3.249 
889 -0.124 0.008 0.118 2.171 3.239 
890 -0.094 0.002 0.118 2.183 3.229 
891 -0.074 0.001 0.118 2.188 3.219 
892 -0.053 0.000 0.118 2.192 3.208 
893 -0.040 0.000 0.119 2.192 3.198 
894 0.022 0.000 0.119 2.209 3.188 
895 0.012 0.000 0.118 2.199 3.178 
896 -0.032 0.000 0.119 2.177 3.168 
897 0.046 0.000 0.118 2.200 3.158 
898 0.002 0.000 0.119 2.176 3.148 
899 0.034 0.000 0.118 2.182 3.138 
900 0.012 0.000 0.118 2.167 3.128 
901 0.007 0.000 0.118 2.158 3.118 
902 0.062 -0.000 0.118 2.172 3.108 
903 0.096 -0.000 0.118 2.178 3.098 
904 0.026 -0.000 0.118 2.145 3.088 
905 0.049 -0.000 0.118 2.148 3.079 
906 0.019 -0.000 0.118 2.129 3.069 
907 0.062 -0.000 0.118 2.139 3.059 
908 0.044 -0.000 0.118 2.125 3.049 
909 0.089 -0.000 0.118 2.136 3.040 
910 0.072 -0.000 0.118 2.122 3.030 
911 0.117 -0.001 0.118 2.133 3.020 
912 0.100 -0.002 0.118 2.120 3.011 
913 0.099 -0.008 0.118 2.114 3.001 
914 0.108 -0.023 0.118 2.110 2.990 
915 0.074 -0.070 0.118 2.090 2.976 
916 0.113 -0.198 0.118 2.096 2.955 
917 0.100 -0.480 0.118 2.077 2.917 
918 0.108 -0.890 0.117 2.058 2.854 
919 0.052 -1.228 0.117 1.999 2.772 
920 -0.007 -1.400 0.116 1.932 2.680 
921 -0.052 -1.466 0.116 1.862 2.584 
922 0.008 -1.489 0.115 1.824 2.487 
923 -0.066 -1.496 0.115 1.733 2.390 
924 -0.111 -1.499 0.114 1.651 2.293 
925 -0.099 -1.500 0.114 1.587 2.197 
926 -0.141 -1.500 0.113 1.502 2.100 
927 -0.215 -1.500 0.113 1.404 2.004 
928 -0.160 -1.500 0.112 1.351 1.909 
929 -0.228 -1.500 0.111 1.252 1.813 
930 -0.307 -1.500 0.110 1.147 1.718 
931 -0.297 -1.500 0.110 1.073 1.623 
932 -0.377 -1.500 0.109 0.964 1.529 
933 -0.362 -1.500 0.108 0.887 1.434 
934 -0.345 -1.500 0.108 0.811 1.341 
935 -0.421 -1.500 0.107 0.700 1.247 
936 -0.447 -1.500 0.106 0.606 1.154 
937 -0.446 -1.500 0.106 0.520 1.061 
938 -0.476 -1.500 0.105 0.422 0.968 
939 -0.479 -1.500 0.104 0.334 0.875 
940 -0.553 -1.500 0.104 0.217 0.783 
941 -0.479 -1.500 0.103 0.157 0.691 
942 -0.476 -1.500 0.103 0.069 0.600 
943 -0.366 -1.500 0.102 0.022 0.509 
944 -0.255 -1.500 -0.103 -0.020 0.418 
945 -0.195 -1.500 -0.103 -0.077 0.327 
946 -0.218 -1.500 -0.104 -0.162 0.236 
947 -0.187 -1.500 -0.104 -0.224 0.146 
948 -0.178 -1.500 -0.105 -0.292 0.057 
949 -0.133 -1.500 -0.105 -0.346 -0.033 
950 -0.077 -1.500 -0.105 -0.393 -0.122 
951 -0.061 -1.500 -0.106 -0.452 -0.211 
952 -0.026 -1.500 -0.106 -0.503 -0.300 
953 -0.023 -1.500 -0.107 -0.563 -0.388 
954 0.046 -1.500 -0.107 -0.598 -0.477 
955 0.015 -1.500 -0.107 -0.667 -0.564 
956 0.021 -1.500 -0.108 -0.722 -0.652 
957 0.090 -1.500 -0.108 -0.752 -0.739 
958 0.055 -1.500 -0.109 -0.820 -0.826 
959 0.054 -1.500 -0.109 -0.874 -0.913 
960 0.071 -1.500 -0.109 -0.921 -1.000 
961 0.101 -1.500 -0.110 -0.963 -1.086 
962 0.085 -1.500 -0.110 -1.021 -1.172 
963 0.092 -1.500 -0.110 -1.070 -1.257 
964 0.112 -1.500 -0.111 -1.113 -1.343 
965 0.136 -1.500 -0.111 -1.154 -1.428 
966 0.070 -1.500 -0.112 -1.228 -1.513 
967 0.097 -1.500 -0.112 -1.268 -1.597 
968 0.124 -1.500 -0.112 -1.308 -1.681 
969 0.108 -1.500 -0.112 -1.363 -1.765 
970 0.064 -1.500 -0.113 -1.428 -1.849 
971 0.056 -1.500 -0.113 -1.481 -1.933 
972 0.071 -1.500 -0.114 -1.526 -2.016 
973 0.047 -1.500 -0.114 -1.585 -2.099 
974 0.051 -1.500 -0.114 -1.635 -2.182 
975 0.069 -1.500 -0.115 -1.679 -2.264 
976 0.049 -1.500 -0.115 -1.737 -2.346 
977 0.101 -1.500 -0.116 -1.768 -2.428 
978 0.092 -1.499 -0.116 -1.821 -2.510 
979 0.055 -1.496 -0.116 -1.884 -2.591 
980 0.050 -1.489 -0.117 -1.935 -2.671 
981 0.018 -1.466 -0.117 -1.997 -2.750 
982 0.019 -1.400 -0.117 -2.048 -2.825 
983 0.033 -1.228 -0.118 -2.093 -2.889 
984 0.061 -0.890 -0.118 -2.134 -2.933 
985 0.085 -0.480 -0.118 -2.173 -2.952 
986 0.065 -0.198 -0.119 -2.215 -2.955 
987 0.050 -0.070 -0.119 -2.246 -2.950 
988 0.104 -0.023 -0.119 -2.241 -2.942 
989 0.130 -0.008 -0.119 -2.239 -2.933 
990 0.091 -0.002 -0.119 -2.255 -2.924 
991 0.062 -0.001 -0.119 -2.262 -2.914 
992 0.090 -0.000 -0.119 -2.247 -2.905 
993 0.047 -0.000 -0.119 -2.258 -2.896 
994 0.019 -0.000 -0.119 -2.262 -2.887 
995 -0.003 -0.000 -0.119 -2.264 -2.877 
996 -0.019 -0.000 -0.119 -2.264 -2.868 
997 -0.037 -0.000 -0.119 -2.264 -2.859 
998 -0.006 -0.000 -0.119 -2.246 -2.850 
999 -0.091 -0.000 -0.119 -2.271 -2.841 
1000 -0.047 -0.000 -0.119 -2.247 -2.832 
1001 -0.082 0.000 -0.119 -2.254 -2.823 
1002 -0.062 0.000 -0.119 -2.239 -2.814 
1003 -0.104 0.000 -0.119 -2.248 -2.805 
1004 -0.042 0.000 -0.119 -2.218 -2.796 
1005 -0.112 0.000 -0.119 -2.237 -2.787 
1006 -0.064 0.000 -0.119 -2.211 -2.779 
1007 -0.092 0.000 -0.119 -2.216 -2.770 
1008 -0.071 0.000 -0.119 -2.201 -2.761 
1009 -0.116 0.000 -0.119 -2.211 -2.752 
1010 -0.099 0.000 -0.118 -2.197 -2.743 
1011 -0.050 0.001 -0.118 -2.172 -2.735 
1012 -0.087 0.002 -0.119 -2.179 -2.726 
1013 -0.064 0.008 -0.118 -2.162 -2.717 
1014 -0.109 0.023 -0.118 -2.173 -2.707 
1015 -0.091 0.070 -0.118 -2.158 -2.694 
1016 -0.095 0.198 -0.118 -2.150 -2.674 
1017 -0.060 0.480 -0.118 -2.124 -2.637 
1018 -0.060 0.890 -0.118 -2.101 -2.575 
1019 -0.005 1.228 -0.117 -2.042 -2.494 
1020 0.009 1.400 -0.117 -1.991 -2.403 
1021 0.032 1.466 -0.116 -1.927 -2.308 
1022 0.053 1.489 -0.116 -1.859 -2.211 
1023 0.071 1.496 -0.115 -1.788 -2.115 
1024 0.091 1.499 -0.115 -1.714 -2.019 
1025 0.104 1.500 -0.114 -1.640 -1.924 
1026 0.122 1.500 -0.113 -1.564 -1.828 
1027 0.133 1.500 -0.113 -1.490 -1.733 
1028 0.190 1.500 -0.112 -1.397 -1.638 
1029 0.221 1.500 -0.112 -1.312 -1.543 
1030 0.237 1.500 -0.111 -1.231 -1.449 
1031 0.335 1.500 -0.110 -1.118 -1.355 
1032 0.330 1.500 -0.109 -1.041 -1.262 
1033 0.415 1.500 -0.109 -0.928 -1.168 
1034 0.399 1.500 -0.108 -0.851 -1.075 
1035 0.468 1.500 -0.107 -0.740 -0.982 
1036 0.492 1.500 -0.107 -0.644 -0.890 
1037 0.530 1.500 -0.106 -0.541 -0.798 
1038 0.575 1.500 -0.105 -0.434 -0.706 
1039 0.577 1.500 -0.105 -0.343 -0.614 
1040 0.559 1.500 -0.104 -0.259 -0.523 
1041 0.531 1.500 -0.103 -0.179 -0.432 
1042 0.459 1.500 -0.103 -0.117 -0.341 
1043 0.407 1.500 -0.103 -0.048 -0.251 
1044 0.325 1.500 0.099 0.006 -0.160 
1045 0.231 1.500 0.103 0.053 -0.071 
1046 0.229 1.500 0.104 0.130 0.019 
1047 0.188 1.500 0.104 0.190 0.108 
1048 0.171 1.500 0.104 0.256 0.197 
1049 0.078 1.500 0.105 0.292 0.286 
1050 0.042 1.500 0.105 0.346 0.375 
1051 0.041 1.500 0.106 0.409 0.463 
1052 0.015 1.500 0.106 0.462 0.551 
1053 0.020 1.500 0.106 0.525 0.638 
1054 -0.049 1.500 0.107 0.559 0.726 
1055 -0.061 1.500 0.107 0.612 0.813 
1056 -0.042 1.500 0.108 0.675 0.899 
1057 -0.050 1.500 0.108 0.727 0.986 
1058 -0.079 1.500 0.108 0.771 1.072 
1059 -0.109 1.500 0.109 0.813 1.158 
1060 -0.092 1.500 0.109 0.872 1.244 
1061 -0.057 1.500 0.109 0.937 1.329 
1062 -0.103 1.500 0.110 0.971 1.414 
1063 -0.141 1.500 0.110 1.009 1.499 
1064 -0.082 1.500 0.110 1.081 1.584 
1065 -0.116 1.500 0.111 1.118 1.668 
1066 -0.143 1.500 0.111 1.158 1.752 
1067 -0.126 1.500 0.111 1.213 1.836 
1068 -0.084 1.500 0.112 1.277 1.920 
1069 -0.122 1.500 0.112 1.312 2.003 
1070 -0.065 1.500 0.113 1.382 2.086 
1071 -0.092 1.500 0.113 1.422 2.169 
1072 -0.125 1.500 0.113 1.459 2.251 
1073 -0.152 1.500 0.114 1.497 2.333 
1074 -0.085 1.500 0.114 1.570 2.415 
1075 -0.110 1.500 0.114 1.609 2.497 
1076 -0.091 1.500 0.115 1.664 2.579 
1077 -0.045 1.500 0.115 1.730 2.660 
1078 -0.037 1.499 0.116 1.783 2.741 
1079 -0.054 1.496 0.116 1.827 2.821 
1080 -0.076 1.489 0.116 1.869 2.901 
1081 -0.055 1.466 0.117 1.927 2.979 
1082 -0.060 1.400 0.117 1.975 3.053 
1083 -0.075 1.228 0.117 2.019 3.116 
1084 -0.052 0.890 0.118 2.077 3.159 
1085 -0.052 0.480 0.118 2.125 3.178 
1086 -0.113 0.198 0.118 2.136 3.180 
1087 -0.045 0.070 0.118 2.188 3.174 
1088 -0.072 0.023 0.118 2.192 3.165 
1089 -0.135 0.008 0.119 2.176 3.156 
1090 -0.067 0.002 0.119 2.204 3.146 
1091 -0.070 0.001 0.119 2.199 3.136 
1092 -0.066 0.000 0.118 2.197 3.126 
1093 -0.058 0.000 0.118 2.194 3.116 
1094 -0.041 0.000 0.119 2.195 3.106 
1095 0.016 0.000 0.119 2.210 3.096 
1096 0.051 0.000 0.119 2.217 3.086 
1097 0.032 0.000 0.118 2.203 3.076 
1098 0.025 0.000 0.118 2.195 3.067 
1099 0.034 0.000 0.118 2.191 3.057 
1100 0.046 0.000 0.118 2.189 3.047 
1101 0.060 0.000 0.118 2.188 3.038 
1102 0.028 -0.000 0.118 2.169 3.028 
1103 0.065 -0.000 0.118 2.177 3.018 
1104 0.048 -0.000 0.118 2.163 3.009 
1105 0.047 -0.000 0.118 2.156 2.999 
1106 0.055 -0.000 0.118 2.152 2.990 
1107 0.067 -0.000 0.118 2.150 2.980 
1108 0.035 -0.000 0.118 2.131 2.971 
1109 0.074 -0.000 0.118 2.139 2.961 
1110 0.008 -0.000 0.118 2.107 2.952 
1111 0.078 -0.001 0.118 2.127 2.942 
1112 0.120 -0.002 0.118 2.136 2.933 
1113 0.143 -0.008 0.118 2.138 2.923 
1114 0.073 -0.023 0.118 2.105 2.913 
1115 0.092 -0.070 0.118 2.106 2.899 
1116 0.112 -0.198 0.118 2.104 2.878 
1117 0.086 -0.480 0.118 2.081 2.840 
1118 0.091 -0.890 0.117 2.060 2.778 
1119 0.036 -1.228 0.117 2.001 2.696 
1120 0.021 -1.400 0.116 1.951 2.604 
1121 -0.004 -1.466 0.116 1.889 2.509 
1122 -0.025 -1.489 0.115 1.821 2.412 
1123 -0.051 -1.496 0.115 1.749 2.315 
1124 -0.118 -1.499 0.114 1.659 2.219 
1125 -0.113 -1.500 0.114 1.592 2.122 
1126 -0.117 -1.500 0.113 1.522 2.026 
1127 -0.169 -1.500 0.113 1.432 1.930 
1128 -0.199 -1.500 0.112 1.348 1.835 
1129 -0.261 -1.500 0.111 1.251 1.740 
1130 -0.292 -1.500 0.110 1.163 1.645 
1131 -0.255 -1.500 0.110 1.099 1.550 
1132 -0.463 -1.500 0.109 0.943 1.456 
1133 -0.421 -1.500 0.108 0.875 1.362 
1134 -0.426 -1.500 0.108 0.788 1.268 
1135 -0.462 -1.500 0.107 0.688 1.175 
1136 -0.512 -1.500 0.106 0.582 1.082 
1137 -0.520 -1.500 0.106 0.490 0.989 
1138 -0.505 -1.500 0.105 0.406 0.896 
1139 -0.525 -1.500 0.104 0.308 0.804 
1140 -0.518 -1.500 0.104 0.221 0.712 
1141 -0.448 -1.500 0.103 0.158 0.621 
1142 -0.400 -1.500 0.103 0.088 0.529 
1143 -0.366 -1.500 0.099 0.015 0.438 
1144 -0.248 -1.500 0.061 -0.024 0.348 
1145 -0.095 -1.500 -0.103 -0.045 0.257 
1146 -0.120 -1.500 -0.104 -0.127 0.167 
1147 -0.096 -1.500 -0.104 -0.187 0.077 
1148 -0.051 -1.500 -0.104 -0.237 -0.013 
1149 -0.045 -1.500 -0.105 -0.299 -0.102 
1150 0.033 -1.500 -0.105 -0.333 -0.191 
1151 0.051 -1.500 -0.105 -0.386 -0.280 
1152 0.037 -1.500 -0.106 -0.449 -0.368 
1153 0.098 -1.500 -0.106 -0.482 -0.456 
1154 0.055 -1.500 -0.107 -0.553 -0.544 
1155 0.098 -1.500 -0.107 -0.591 -0.632 
1156 0.091 -1.500 -0.107 -0.647 -0.719 
1157 0.061 -1.500 -0.108 -0.711 -0.806 
1158 0.063 -1.500 -0.108 -0.763 -0.893 
1159 0.083 -1.500 -0.108 -0.809 -0.980 
1160 0.111 -1.500 -0.109 -0.851 -1.066 
1161 0.142 -1.500 -0.109 -0.890 -1.152 
1162 0.076 -1.500 -0.109 -0.965 -1.238 
1163 0.107 -1.500 -0.110 -1.004 -1.323 
1164 0.137 -1.500 -0.110 -1.043 -1.408 
1165 0.119 -1.500 -0.111 -1.099 -1.493 
1166 0.076 -1.500 -0.111 -1.164 -1.578 
1167 0.072 -1.500 -0.112 -1.216 -1.662 
1168 0.086 -1.500 -0.112 -1.261 -1.746 
1169 0.062 -1.500 -0.112 -1.321 -1.830 
1170 0.112 -1.500 -0.113 -1.353 -1.914 
1171 0.058 -1.500 -0.113 -1.423 -1.997 
1172 0.048 -1.500 -0.113 -1.477 -2.080 
1173 0.011 -1.500 -0.114 -1.542 -2.163 
1174 0.059 -1.500 -0.114 -1.577 -2.245 
1175 0.054 -1.500 -0.114 -1.630 -2.328 
1176 0.070 -1.500 -0.115 -1.676 -2.410 
1177 0.090 -1.500 -0.115 -1.718 -2.491 
1178 0.021 -1.499 -0.116 -1.794 -2.573 
1179 0.053 -1.496 -0.116 -1.833 -2.654 
1180 0.037 -1.489 -0.116 -1.890 -2.734 
1181 -0.003 -1.466 -0.117 -1.956 -2.813 
1182 0.088 -1.400 -0.117 -1.974 -2.887 
1183 0.058 -1.228 -0.117 -2.035 -2.951 
1184 0.103 -0.890 -0.118 -2.068 -2.995 
1185 0.091 -0.480 -0.118 -2.121 -3.014 
1186 0.095 -0.198 -0.118 -2.153 -3.016 
1187 0.137 -0.070 -0.118 -2.163 -3.011 
1188 0.130 -0.023 -0.119 -2.181 -3.002 
1189 0.078 -0.008 -0.119 -2.207 -2.993 
1190 0.098 -0.002 -0.119 -2.201 -2.984 
1191 0.052 -0.001 -0.119 -2.216 -2.975 
1192 0.069 -0.000 -0.119 -2.205 -2.965 
1193 0.026 -0.000 -0.119 -2.217 -2.956 
1194 0.041 -0.000 -0.119 -2.205 -2.946 
1195 -0.006 -0.000 -0.119 -2.217 -2.937 
1196 0.010 -0.000 -0.119 -2.204 -2.928 
1197 -0.036 -0.000 -0.119 -2.215 -2.918 
1198 -0.064 -0.000 -0.119 -2.219 -2.909 
1199 -0.131 -0.000 -0.119 -2.237 -2.900 
1200 -0.034 -0.000 -0.119 -2.194 -2.891 
1201 -0.038 0.000 -0.118 -2.190 -2.882 
1202 -0.054 0.000 -0.118 -2.188 -2.872 
1203 -0.070 0.000 -0.118 -2.187 -2.863 
1204 -0.085 0.000 -0.119 -2.186 -2.854 
1205 -0.097 0.000 -0.118 -2.184 -2.845 
1206 -0.160 0.000 -0.118 -2.201 -2.836 
1207 -0.011 0.000 -0.118 -2.137 -2.827 
1208 -0.041 0.000 -0.118 -2.143 -2.818 
1209 -0.116 0.000 -0.118 -2.163 -2.809 
1210 -0.064 0.000 -0.118 -2.136 -2.800 
1211 -0.046 0.001 -0.118 -2.124 -2.791 
1212 -0.095 0.002 -0.118 -2.135 -2.782 
1213 -0.080 0.008 -0.118 -2.122 -2.773 
1214 -0.079 0.023 -0.118 -2.115 -2.763 
1215 -0.088 0.070 -0.118 -2.111 -2.750 
1216 -0.102 0.198 -0.118 -2.107 -2.729 
1217 -0.073 0.480 -0.118 -2.083 -2.692 
1218 -0.033 0.890 -0.118 -2.045 -2.631 
1219 -0.045 1.228 -0.117 -2.012 -2.549 
1220 0.076 1.400 -0.117 -1.921 -2.458 
1221 0.006 1.466 -0.116 -1.892 -2.362 
1222 0.077 1.489 -0.115 -1.805 -2.266 
1223 0.076 1.496 -0.115 -1.740 -2.170 
1224 0.083 1.499 -0.114 -1.671 -2.074 
1225 0.093 1.500 -0.114 -1.599 -1.978 
1226 0.149 1.500 -0.113 -1.508 -1.882 
1227 0.183 1.500 -0.112 -1.424 -1.787 
1228 0.203 1.500 -0.112 -1.344 -1.692 
1229 0.260 1.500 -0.111 -1.248 -1.597 
1230 0.283 1.500 -0.110 -1.164 -1.502 
1231 0.295 1.500 -0.110 -1.081 -1.408 
1232 0.385 1.500 -0.109 -0.968 -1.314 
1233 0.375 1.500 -0.108 -0.890 -1.221 
1234 0.452 1.500 -0.108 -0.777 -1.128 
1235 0.432 1.500 -0.107 -0.699 -1.035 
1236 0.498 1.500 -0.106 -0.588 -0.942 
1237 0.513 1.500 -0.105 -0.494 -0.850 
1238 0.502 1.500 -0.105 -0.409 -0.758 
1239 0.574 1.500 -0.104 -0.291 -0.666 
1240 0.494 1.500 -0.104 -0.232 -0.574 
1241 0.486 1.500 -0.103 -0.144 -0.483 
1242 0.466 1.500 -0.103 -0.063 -0.392 
1243 0.396 1.500 -0.102 -0.002 -0.302 
1244 0.257 1.500 0.103 0.031 -0.211 
1245 0.182 1.500 0.103 0.083 -0.121 
1246 0.154 1.500 0.104 0.148 -0.032 
1247 0.142 1.500 0.104 0.215 0.058 
1248 0.151 1.500 0.104 0.289 0.147 
1249 0.068 1.500 0.105 0.326 0.236 
1250 -0.005 1.500 0.105 0.364 0.325 
1251 0.026 1.500 0.106 0.438 0.413 
1252 0.016 1.500 0.106 0.495 0.501 
1253 -0.019 1.500 0.106 0.542 0.589 
1254 -0.058 1.500 0.107 0.585 0.676 
1255 -0.052 1.500 0.107 0.644 0.763 
1256 -0.072 1.500 0.107 0.692 0.850 
1257 -0.054 1.500 0.108 0.753 0.937 
1258 -0.063 1.500 0.108 0.803 1.023 
1259 -0.134 1.500 0.109 0.830 1.110 
1260 -0.091 1.500 0.109 0.898 1.195 
1261 -0.087 1.500 0.109 0.951 1.281 
1262 -0.146 1.500 0.110 0.980 1.366 
1263 -0.098 1.500 0.110 1.047 1.451 
1264 -0.134 1.500 0.110 1.084 1.536 
1265 -0.119 1.500 0.111 1.138 1.621 
1266 -0.080 1.500 0.111 1.202 1.705 
1267 -0.119 1.500 0.112 1.237 1.789 
1268 -0.109 1.500 0.112 1.290 1.872 
1269 -0.119 1.500 0.112 1.336 1.956 
1270 -0.088 1.500 0.113 1.396 2.039 
1271 -0.086 1.500 0.113 1.446 2.122 
1272 -0.099 1.500 0.113 1.490 2.205 
1273 -0.122 1.500 0.114 1.531 2.287 
1274 -0.145 1.500 0.114 1.570 2.369 
1275 -0.074 1.500 0.115 1.644 2.451 
1276 -0.098 1.500 0.115 1.684 2.533 
1277 -0.078 1.500 0.115 1.740 2.614 
1278 -0.033 1.499 0.116 1.806 2.695 
1279 -0.077 1.496 0.116 1.839 2.775 
1280 -0.065 1.489 0.116 1.894 2.855 
1281 -0.073 1.466 0.117 1.940 2.934 
1282 -0.044 1.400 0.117 2.000 3.008 
1283 -0.046 1.228 0.117 2.050 3.071 
1284 -0.062 0.890 0.118 2.093 3.115 
1285 -0.038 0.480 0.118 2.151 3.133 
1286 -0.085 0.198 0.118 2.168 3.135 
1287 -0.058 0.070 0.118 2.203 3.129 
1288 -0.104 0.023 0.119 2.201 3.121 
1289 -0.128 0.008 0.119 2.200 3.111 
1290 -0.085 0.002 0.119 2.217 3.102 
1291 -0.106 0.001 0.119 2.206 3.092 
1292 -0.061 0.000 0.119 2.219 3.082 
1293 -0.030 0.000 0.119 2.225 3.072 
1294 -0.012 0.000 0.119 2.226 3.063 
1295 0.006 0.000 0.119 2.227 3.053 
1296 0.067 0.000 0.119 2.244 3.043 
1297 0.012 0.000 0.119 2.216 3.033 
1298 0.038 0.000 0.119 2.220 3.024 
1299 0.018 0.000 0.118 2.205 3.014 
1300 0.012 0.000 0.119 2.196 3.005 
1301 0.067 0.000 0.119 2.210 2.995 
1302 0.101 -0.000 0.118 2.216 2.986 
1303 0.075 -0.000 0.118 2.199 2.976 
1304 0.028 -0.000 0.118 2.176 2.967 
1305 0.058 -0.000 0.118 2.180 2.957 
1306 0.037 -0.000 0.118 2.165 2.948 
1307 0.081 -0.000 0.118 2.175 2.939 
1308 0.065 -0.000 0.118 2.161 2.929 
1309 0.061 -0.000 0.118 2.154 2.920 
1310 0.024 -0.000 0.118 2.133 2.911 
1311 0.062 -0.001 0.118 2.141 2.901 
1312 0.043 -0.002 0.118 2.126 2.892 
1313 0.087 -0.008 0.118 2.136 2.882 
1314 0.117 -0.023 0.118 2.140 2.872 
1315 0.091 -0.070 0.118 2.123 2.859 
1316 0.087 -0.198 0.118 2.113 2.838 
1317 0.098 -0.480 0.118 2.104 2.800 
1318 0.077 -0.890 0.118 2.073 2.738 
1319 0.095 -1.228 0.117 2.042 2.656 
1320 0.027 -1.400 0.117 1.973 2.564 
1321 0.021 -1.466 0.116 1.919 2.469 
1322 0.003 -1.489 0.116 1.854 2.372 
1323 -0.064 -1.496 0.115 1.768 2.276 
1324 -0.064 -1.499 0.114 1.703 2.179 
1325 -0.118 -1.500 0.114 1.616 2.083 
1326 -0.106 -1.500 0.113 1.552 1.987 
1327 -0.150 -1.500 0.113 1.466 1.891 
1328 -0.178 -1.500 0.112 1.384 1.796 
1329 -0.194 -1.500 0.111 1.305 1.701 
1330 -0.251 -1.500 0.111 1.210 1.606 
1331 -0.274 -1.500 0.110 1.125 1.512 
1332 -0.332 -1.500 0.109 1.026 1.417 
1333 -0.353 -1.500 0.109 0.938 1.324 
1334 -0.402 -1.500 0.108 0.839 1.230 
1335 -0.416 -1.500 0.107 0.750 1.137 
1336 -0.411 -1.500 0.107 0.667 1.044 
1337 -0.484 -1.500 0.106 0.554 0.951 
1338 -0.509 -1.500 0.105 0.457 0.859 
1339 -0.504 -1.500 0.105 0.370 0.767 
1340 -0.482 -1.500 0.104 0.289 0.675 
1341 -0.499 -1.500 0.104 0.193 0.583 
1342 -0.448 -1.500 0.103 0.124 0.492 
1343 -0.403 -1.500 0.103 0.053 0.401 
1344 -0.326 -1.500 -0.102 -0.004 0.310 
1345 -0.238 -1.500 -0.103 -0.053 0.220 
1346 -0.236 -1.500 -0.103 -0.130 0.130 
1347 -0.192 -1.500 -0.104 -0.189 0.040 
1348 -0.129 -1.500 -0.104 -0.238 -0.049 
1349 -0.108 -1.500 -0.105 -0.300 -0.138 
1350 -0.063 -1.500 -0.105 -0.351 -0.227 
1351 -0.010 -1.500 -0.106 -0.395 -0.316 
1352 -0.001 -1.500 -0.106 -0.454 -0.404 
1353 -0.018 -1.500 -0.106 -0.520 -0.492 
1354 0.045 -1.500 -0.107 -0.556 -0.580 
1355 0.008 -1.500 -0.107 -0.627 -0.668 
1356 0.056 -1.500 -0.107 -0.666 -0.755 
1357 0.101 -1.500 -0.108 -0.705 -0.842 
1358 0.050 -1.500 -0.108 -0.778 -0.929 
1359 0.089 -1.500 -0.108 -0.816 -1.015 
1360 0.129 -1.500 -0.109 -0.854 -1.101 
1361 0.115 -1.500 -0.109 -0.910 -1.187 
1362 0.077 -1.500 -0.110 -0.975 -1.273 
1363 0.074 -1.500 -0.110 -1.027 -1.358 
1364 0.135 -1.500 -0.110 -1.055 -1.443 
1365 0.088 -1.500 -0.111 -1.123 -1.528 
1366 0.124 -1.500 -0.111 -1.160 -1.612 
1367 0.109 -1.500 -0.111 -1.214 -1.697 
1368 0.118 -1.500 -0.112 -1.260 -1.781 
1369 0.088 -1.500 -0.112 -1.320 -1.864 
1370 0.087 -1.500 -0.113 -1.370 -1.948 
1371 0.010 -1.500 -0.113 -1.449 -2.031 
1372 0.035 -1.500 -0.113 -1.491 -2.114 
1373 0.018 -1.500 -0.114 -1.550 -2.197 
1374 0.030 -1.500 -0.114 -1.598 -2.279 
1375 0.054 -1.500 -0.115 -1.642 -2.361 
1376 0.038 -1.500 -0.115 -1.699 -2.443 
1377 0.091 -1.500 -0.115 -1.731 -2.525 
1378 0.088 -1.499 -0.116 -1.783 -2.606 
1379 0.053 -1.496 -0.116 -1.845 -2.687 
1380 0.049 -1.489 -0.117 -1.897 -2.767 
1381 0.062 -1.466 -0.117 -1.942 -2.846 
1382 0.037 -1.400 -0.117 -2.001 -2.920 
1383 0.088 -1.228 -0.118 -2.032 -2.984 
1384 0.081 -0.890 -0.118 -2.084 -3.027 
1385 0.089 -0.480 -0.118 -2.129 -3.046 
1386 0.057 -0.198 -0.118 -2.175 -3.048 
1387 0.130 -0.070 -0.118 -2.172 -3.043 
1388 0.137 -0.023 -0.119 -2.186 -3.035 
1389 0.090 -0.008 -0.119 -2.210 -3.026 
1390 0.111 -0.002 -0.119 -2.203 -3.016 
1391 0.111 -0.001 -0.119 -2.201 -3.007 
1392 0.060 -0.000 -0.119 -2.216 -2.997 
1393 -0.021 -0.000 -0.119 -2.241 -2.987 
1394 0.030 -0.000 -0.119 -2.215 -2.978 
1395 0.045 -0.000 -0.119 -2.204 -2.969 
1396 -0.004 -0.000 -0.119 -2.216 -2.959 
1397 -0.081 -0.000 -0.119 -2.238 -2.950 
1398 -0.032 -0.000 -0.119 -2.213 -2.940 
1399 -0.016 -0.000 -0.119 -2.201 -2.931 
1400 -0.062 -0.000 -0.119 -2.212 -2.922 
1401 -0.096 0.000 -0.119 -2.217 -2.912 
1402 -0.071 0.000 -0.119 -2.201 -2.903 
1403 -0.068 0.000 -0.118 -2.193 -2.894 
1404 -0.073 0.000 -0.118 -2.188 -2.885 
1405 -0.086 0.000 -0.118 -2.186 -2.876 
1406 -0.101 0.000 -0.118 -2.185 -2.867 
1407 -0.067 0.000 -0.118 -2.165 -2.857 
1408 -0.110 0.000 -0.118 -2.175 -2.848 
1409 -0.089 0.000 -0.118 -2.160 -2.839 
1410 -0.044 0.000 -0.118 -2.136 -2.830 
1411 -0.121 0.001 -0.118 -2.158 -2.821 
1412 -0.076 0.002 -0.118 -2.134 -2.812 
1413 -0.060 0.008 -0.118 -2.122 -2.803 
1414 -0.063 0.023 -0.118 -2.115 -2.793 
1415 -0.074 0.070 -0.118 -2.112 -2.779 
1416 -0.091 0.198 -0.118 -2.109 -2.759 
1417 -0.107 0.480 -0.118 -2.101 -2.721 
1418 -0.086 0.890 -0.117 -2.070 -2.660 
1419 -0.017 1.228 -0.117 -2.007 -2.578 
1420 -0.042 1.400 -0.117 -1.971 -2.487 
1421 0.052 1.466 -0.116 -1.883 -2.391 
1422 0.065 1.489 -0.116 -1.817 -2.295 
1423 0.034 1.496 -0.115 -1.765 -2.199 
1424 0.073 1.499 -0.115 -1.685 -2.102 
1425 0.102 1.500 -0.114 -1.606 -2.006 
1426 0.124 1.500 -0.113 -1.529 -1.911 
1427 0.139 1.500 -0.113 -1.453 -1.815 
1428 0.152 1.500 -0.112 -1.377 -1.720 
1429 0.255 1.500 -0.111 -1.266 -1.625 
1430 0.306 1.500 -0.111 -1.172 -1.531 
1431 0.326 1.500 -0.110 -1.086 -1.436 
1432 0.329 1.500 -0.109 -1.005 -1.343 
1433 0.368 1.500 -0.109 -0.910 -1.249 
1434 0.379 1.500 -0.108 -0.823 -1.156 
1435 0.418 1.500 -0.107 -0.725 -1.063 
1436 0.475 1.500 -0.106 -0.618 -0.970 
1437 0.485 1.500 -0.106 -0.528 -0.877 
1438 0.522 1.500 -0.105 -0.425 -0.785 
1439 0.567 1.500 -0.104 -0.319 -0.693 
1440 0.570 1.500 -0.104 -0.228 -0.602 
1441 0.504 1.500 -0.103 -0.163 -0.510 
1442 0.505 1.500 -0.103 -0.072 -0.419 
1443 0.395 1.500 -0.102 -0.025 -0.329 
1444 0.283 1.500 0.103 0.018 -0.238 
1445 0.224 1.500 0.103 0.077 -0.148 
1446 0.196 1.500 0.104 0.144 -0.058 
1447 0.139 1.500 0.104 0.196 0.031 
1448 0.120 1.500 0.104 0.260 0.120 
1449 0.122 1.500 0.105 0.329 0.209 
1450 0.087 1.500 0.105 0.383 0.298 
1451 0.040 1.500 0.106 0.430 0.387 
1452 0.031 1.500 0.106 0.490 0.475 
1453 0.000 1.500 0.106 0.540 0.563 
1454 -0.041 1.500 0.107 0.584 0.650 
1455 -0.086 1.500 0.107 0.625 0.737 
1456 -0.032 1.500 0.108 0.700 0.824 
1457 -0.074 1.500 0.108 0.740 0.911 
1458 -0.067 1.500 0.108 0.796 0.998 
1459 -0.129 1.500 0.109 0.826 1.084 
1460 -0.082 1.500 0.109 0.896 1.170 
1461 -0.123 1.500 0.109 0.932 1.255 
1462 -0.112 1.500 0.110 0.986 1.341 
1463 -0.118 1.500 0.110 1.034 1.426 
1464 -0.137 1.500 0.110 1.077 1.511 
1465 -0.115 1.500 0.111 1.134 1.595 
1466 -0.115 1.500 0.111 1.183 1.680 
1467 -0.130 1.500 0.112 1.226 1.764 
1468 -0.102 1.500 0.112 1.285 1.847 
1469 -0.103 1.500 0.112 1.334 1.931 
1470 -0.117 1.500 0.113 1.377 2.014 
1471 -0.093 1.500 0.113 1.435 2.097 
1472 -0.138 1.500 0.113 1.467 2.180 
1473 -0.082 1.500 0.114 1.536 2.262 
1474 -0.113 1.500 0.114 1.573 2.345 
1475 -0.095 1.500 0.114 1.628 2.426 
1476 -0.098 1.500 0.115 1.675 2.508 
1477 -0.022 1.500 0.115 1.753 2.590 
1478 -0.045 1.499 0.116 1.794 2.671 
1479 -0.028 1.496 0.116 1.852 2.751 
1480 -0.082 1.489 0.116 1.882 2.831 
1481 -0.031 1.466 0.117 1.952 2.910 
1482 -0.066 1.400 0.117 1.989 2.984 
1483 -0.101 1.228 0.117 2.026 3.048 
1484 -0.085 0.890 0.118 2.081 3.091 
1485 -0.041 0.480 0.118 2.145 3.110 
1486 -0.078 0.198 0.118 2.164 3.112 
1487 -0.092 0.070 0.118 2.185 3.106 
1488 -0.113 0.023 0.119 2.192 3.097 
1489 -0.080 0.008 0.118 2.212 3.088 
1490 -0.056 0.002 0.119 2.222 3.078 
1491 -0.038 0.001 0.119 2.226 3.069 
1492 -0.072 0.000 0.119 2.209 3.059 
1493 -0.077 0.000 0.119 2.202 3.049 
1494 -0.026 0.000 0.119 2.215 3.039 
1495 0.058 0.000 0.119 2.240 3.030 
1496 0.005 0.000 0.119 2.214 3.020 
1497 0.035 0.000 0.119 2.220 3.011 
1498 0.058 0.000 0.119 2.221 3.001 
1499 0.078 0.000 0.119 2.222 2.992 
1500 0.048 0.000 0.119 2.204 2.982 
1501 -0.004 0.000 0.119 2.178 2.973 
1502 0.072 -0.000 0.118 2.200 2.963 
1503 0.026 -0.000 0.118 2.175 2.954 
1504 0.055 -0.000 0.118 2.180 2.944 
1505 0.034 -0.000 0.118 2.165 2.935 
1506 0.079 -0.000 0.118 2.175 2.926 
1507 0.017 -0.000 0.118 2.145 2.916 
1508 0.038 -0.000 0.118 2.146 2.907 
1509 0.060 -0.000 0.118 2.147 2.898 
1510 0.078 -0.000 0.118 2.147 2.889 
1511 0.093 -0.001 0.118 2.147 2.880 
1512 0.108 -0.002 0.118 2.146 2.870 
1513 0.076 -0.008 0.118 2.127 2.861 
1514 0.116 -0.023 0.118 2.136 2.850 
1515 0.097 -0.070 0.118 2.121 2.837 
1516 0.097 -0.198 0.118 2.112 2.816 
1517 0.062 -0.480 0.118 2.085 2.779 
1518 0.064 -0.890 0.118 2.063 2.717 
1519 0.101 -1.228 0.117 2.039 2.635 
1520 0.034 -1.400 0.117 1.971 2.543 
1521 0.030 -1.466 0.116 1.918 2.448 
1522 -0.034 -1.489 0.116 1.836 2.351 
1523 -0.078 -1.496 0.115 1.757 2.255 
1524 -0.061 -1.499 0.114 1.698 2.158 
1525 -0.108 -1.500 0.114 1.614 2.062 
1526 -0.137 -1.500 0.113 1.534 1.966 
1527 -0.067 -1.500 0.113 1.490 1.871 
1528 -0.223 -1.500 0.112 1.362 1.775 
1529 -0.258 -1.500 0.111 1.275 1.680 
1530 -0.272 -1.500 0.111 1.195 1.586 
1531 -0.322 -1.500 0.110 1.099 1.491 
1532 -0.385 -1.500 0.109 0.995 1.397 
1533 -0.364 -1.500 0.108 0.921 1.303 
1534 -0.434 -1.500 0.108 0.812 1.210 
1535 -0.408 -1.500 0.107 0.736 1.116 
1536 -0.431 -1.500 0.106 0.642 1.024 
1537 -0.474 -1.500 0.106 0.540 0.931 
1538 -0.526 -1.500 0.105 0.433 0.839 
1539 -0.490 -1.500 0.104 0.358 0.747 
1540 -0.497 -1.500 0.104 0.265 0.655 
1541 -0.531 -1.500 0.103 0.163 0.563 
1542 -0.487 -1.500 0.103 0.091 0.472 
1543 -0.400 -1.500 0.102 0.034 0.381 
1544 -0.300 -1.500 -0.103 -0.014 0.291 
1545 -0.198 -1.500 -0.103 -0.057 0.201 
1546 -0.197 -1.500 -0.104 -0.133 0.111 
1547 -0.108 -1.500 -0.104 -0.173 0.021 
1548 -0.119 -1.500 -0.105 -0.247 -0.069 
1549 -0.092 -1.500 -0.105 -0.305 -0.158 
1550 -0.046 -1.500 -0.105 -0.353 -0.247 
1551 -0.037 -1.500 -0.106 -0.414 -0.335 
1552 -0.005 -1.500 -0.106 -0.464 -0.424 
1553 -0.010 -1.500 -0.107 -0.526 -0.512 
1554 0.012 -1.500 -0.107 -0.577 -0.599 
1555 0.047 -1.500 -0.107 -0.621 -0.687 
1556 0.042 -1.500 -0.107 -0.680 -0.774 
1557 0.106 -1.500 -0.108 -0.711 -0.861 
1558 0.063 -1.500 -0.108 -0.781 -0.948 
1559 0.102 -1.500 -0.109 -0.819 -1.034 
1560 0.095 -1.500 -0.109 -0.874 -1.120 
1561 0.063 -1.500 -0.109 -0.938 -1.206 
1562 0.110 -1.500 -0.110 -0.972 -1.291 
1563 0.056 -1.500 -0.110 -1.043 -1.377 
1564 0.092 -1.500 -0.110 -1.082 -1.462 
1565 0.127 -1.500 -0.111 -1.120 -1.546 
1566 0.111 -1.500 -0.111 -1.175 -1.631 
1567 0.119 -1.500 -0.112 -1.222 -1.715 
1568 0.087 -1.500 -0.112 -1.283 -1.799 
1569 0.136 -1.500 -0.112 -1.314 -1.883 
1570 0.075 -1.500 -0.113 -1.385 -1.966 
1571 0.110 -1.500 -0.113 -1.422 -2.049 
1572 0.094 -1.500 -0.114 -1.477 -2.132 
1573 0.051 -1.500 -0.114 -1.542 -2.215 
1574 0.046 -1.500 -0.114 -1.594 -2.297 
1575 0.016 -1.500 -0.115 -1.656 -2.379 
1576 0.063 -1.500 -0.115 -1.690 -2.461 
1577 0.057 -1.500 -0.115 -1.744 -2.542 
1578 0.071 -1.499 -0.116 -1.790 -2.624 
1579 0.046 -1.496 -0.116 -1.849 -2.704 
1580 0.048 -1.489 -0.117 -1.899 -2.785 
1581 0.065 -1.466 -0.117 -1.943 -2.863 
1582 0.043 -1.400 -0.117 -2.001 -2.937 
1583 0.047 -1.228 -0.118 -2.050 -3.001 
1584 0.061 -0.890 -0.118 -2.095 -3.045 
1585 0.039 -0.480 -0.118 -2.151 -3.064 
1586 0.088 -0.198 -0.118 -2.167 -3.066 
1587 0.151 -0.070 -0.119 -2.169 -3.060 
1588 0.101 -0.023 -0.118 -2.203 -3.052 
1589 0.124 -0.008 -0.119 -2.201 -3.043 
1590 0.131 -0.002 -0.119 -2.199 -3.033 
1591 0.082 -0.001 -0.119 -2.216 -3.023 
1592 0.094 -0.000 -0.119 -2.206 -3.014 
1593 0.003 -0.000 -0.119 -2.236 -3.004 
1594 -0.004 -0.000 -0.119 -2.232 -2.995 
1595 0.034 -0.000 -0.119 -2.212 -2.985 
1596 -0.001 -0.000 -0.119 -2.219 -2.976 
1597 -0.030 -0.000 -0.119 -2.223 -2.966 
1598 -0.050 -0.000 -0.119 -2.224 -2.957 
1599 -0.068 -0.000 -0.119 -2.224 -2.948 
1600 -0.081 -0.000 -0.119 -2.222 -2.938 
1601 -0.095 0.000 -0.119 -2.221 -2.929 
1602 -0.068 0.000 -0.119 -2.204 -2.920 
1603 -0.106 0.000 -0.119 -2.212 -2.910 
1604 -0.133 0.000 -0.119 -2.215 -2.901 
1605 -0.062 0.000 -0.118 -2.181 -2.892 
1606 -0.037 0.000 -0.118 -2.165 -2.883 
1607 -0.082 0.000 -0.119 -2.175 -2.873 
1608 -0.067 0.000 -0.118 -2.161 -2.864 
1609 -0.112 0.000 -0.118 -2.172 -2.855 
1610 -0.047 0.000 -0.118 -2.140 -2.846 
1611 -0.122 0.001 -0.118 -2.162 -2.837 
1612 -0.071 0.002 -0.118 -2.136 -2.828 
1613 -0.101 0.008 -0.118 -2.140 -2.819 
1614 -0.078 0.023 -0.118 -2.124 -2.808 
1615 -0.075 0.070 -0.118 -2.116 -2.795 
1616 -0.084 0.198 -0.118 -2.110 -2.774 
1617 -0.099 0.480 -0.118 -2.102 -2.737 
1618 -0.078 0.890 -0.117 -2.071 -2.675 
1619 -0.007 1.228 -0.117 -2.007 -2.594 
1620 -0.035 1.400 -0.117 -1.972 -2.502 
1621 0.013 1.466 -0.116 -1.901 -2.407 
1622 0.050 1.489 -0.116 -1.827 -2.310 
1623 0.031 1.496 -0.115 -1.771 -2.214 
1624 0.081 1.499 -0.115 -1.687 -2.118 
1625 0.067 1.500 -0.114 -1.625 -2.022 
1626 0.112 1.500 -0.113 -1.540 -1.926 
1627 0.145 1.500 -0.113 -1.458 -1.830 
1628 0.211 1.500 -0.112 -1.362 -1.735 
1629 0.246 1.500 -0.111 -1.276 -1.640 
1630 0.262 1.500 -0.111 -1.194 -1.546 
1631 0.312 1.500 -0.110 -1.098 -1.451 
1632 0.330 1.500 -0.109 -1.012 -1.357 
1633 0.378 1.500 -0.109 -0.914 -1.264 
1634 0.393 1.500 -0.108 -0.825 -1.170 
1635 0.437 1.500 -0.107 -0.725 -1.077 
1636 0.443 1.500 -0.107 -0.637 -0.984 
1637 0.479 1.500 -0.106 -0.537 -0.892 
1638 0.528 1.500 -0.105 -0.430 -0.800 
1639 0.530 1.500 -0.104 -0.341 -0.708 
1640 0.518 1.500 -0.104 -0.256 -0.616 
1641 0.537 1.500 -0.103 -0.158 -0.525 
1642 0.483 1.500 -0.103 -0.089 -0.434 
1643 0.441 1.500 -0.102 -0.016 -0.343 
1644 0.315 1.500 0.102 0.024 -0.253 
1645 0.197 1.500 0.103 0.061 -0.162 
1646 0.191 1.500 0.104 0.136 -0.073 
1647 0.188 1.500 0.104 0.209 0.017 
1648 0.149 1.500 0.105 0.267 0.106 
1649 0.139 1.500 0.105 0.333 0.195 
1650 0.052 1.500 0.105 0.368 0.284 
1651 0.022 1.500 0.106 0.422 0.373 
1652 -0.019 1.500 0.106 0.469 0.461 
1653 -0.019 1.500 0.106 0.528 0.549 
1654 0.002 1.500 0.107 0.595 0.636 
1655 -0.008 1.500 0.107 0.649 0.724 
1656 -0.039 1.500 0.108 0.695 0.811 
1657 -0.074 1.500 0.108 0.738 0.898 
1658 -0.116 1.500 0.108 0.777 0.984 
1659 -0.101 1.500 0.109 0.834 1.070 
1660 -0.068 1.500 0.109 0.899 1.156 
1661 -0.111 1.500 0.109 0.935 1.242 
1662 -0.152 1.500 0.110 0.970 1.327 
1663 -0.138 1.500 0.110 1.025 1.413 
1664 -0.097 1.500 0.110 1.089 1.497 
1665 -0.134 1.500 0.111 1.125 1.582 
1666 -0.077 1.500 0.111 1.195 1.666 
1667 -0.110 1.500 0.112 1.232 1.750 
1668 -0.094 1.500 0.112 1.288 1.834 
1669 -0.100 1.500 0.112 1.335 1.918 
1670 -0.115 1.500 0.112 1.379 2.001 
1671 -0.140 1.500 0.113 1.418 2.084 
1672 -0.117 1.500 0.113 1.475 2.167 
1673 -0.117 1.500 0.114 1.523 2.249 
1674 -0.083 1.500 0.114 1.584 2.332 
1675 -0.076 1.500 0.115 1.635 2.414 
1676 -0.091 1.500 0.115 1.678 2.495 
1677 -0.020 1.500 0.115 1.754 2.577 
1678 -0.043 1.499 0.116 1.796 2.658 
1679 -0.075 1.496 0.116 1.835 2.739 
1680 -0.059 1.489 0.116 1.891 2.819 
1681 -0.065 1.466 0.117 1.939 2.897 
1682 -0.082 1.400 0.117 1.982 2.971 
1683 -0.060 1.228 0.118 2.040 3.035 
1684 -0.062 0.890 0.118 2.088 3.078 
1685 -0.076 0.480 0.118 2.130 3.097 
1686 -0.049 0.198 0.118 2.175 3.099 
1687 -0.076 0.070 0.119 2.190 3.093 
1688 -0.109 0.023 0.119 2.193 3.085 
1689 -0.075 0.008 0.119 2.213 3.076 
1690 -0.053 0.002 0.119 2.222 3.066 
1691 -0.039 0.001 0.119 2.226 3.056 
1692 -0.114 0.000 0.118 2.193 3.047 
1693 -0.052 0.000 0.119 2.212 3.037 
1694 -0.013 0.000 0.119 2.220 3.027 
1695 0.014 0.000 0.119 2.224 3.018 
1696 0.034 0.000 0.119 2.225 3.008 
1697 0.048 0.000 0.119 2.224 2.999 
1698 0.019 0.000 0.119 2.206 2.989 
1699 0.059 0.000 0.119 2.215 2.980 
1700 0.039 0.000 0.119 2.200 2.970 
1701 -0.008 0.000 0.119 2.176 2.961 
1702 0.073 -0.000 0.118 2.200 2.951 
1703 0.027 -0.000 0.118 2.175 2.942 
1704 0.058 -0.000 0.118 2.181 2.933 
1705 0.080 -0.000 0.118 2.182 2.923 
1706 0.053 -0.000 0.118 2.165 2.914 
1707 0.048 -0.000 0.118 2.157 2.905 
1708 0.056 -0.000 0.118 2.153 2.896 
1709 0.021 -0.000 0.118 2.133 2.886 
1710 0.059 -0.000 0.118 2.141 2.877 
1711 0.133 -0.001 0.118 2.161 2.868 
1712 0.081 -0.002 0.118 2.135 2.859 
1713 0.109 -0.008 0.118 2.140 2.849 
1714 0.086 -0.023 0.118 2.124 2.839 
1715 0.127 -0.070 0.118 2.132 2.826 
1716 0.068 -0.198 0.118 2.100 2.805 
1717 0.094 -0.480 0.118 2.098 2.767 
1718 0.080 -0.890 0.117 2.069 2.706 
1719 0.061 -1.228 0.117 2.024 2.624 
1720 0.062 -1.400 0.117 1.980 2.532 
1721 -0.000 -1.466 0.116 1.905 2.437 
1722 -0.047 -1.489 0.116 1.829 2.340 
1723 0.012 -1.496 0.115 1.789 2.244 
1724 -0.062 -1.499 0.115 1.697 2.147 
1725 -0.111 -1.500 0.114 1.613 2.051 
1726 -0.143 -1.500 0.113 1.533 1.955 
1727 -0.071 -1.500 0.113 1.490 1.860 
1728 -0.224 -1.500 0.112 1.362 1.764 
1729 -0.213 -1.500 0.111 1.293 1.669 
1730 -0.301 -1.500 0.111 1.186 1.575 
1731 -0.291 -1.500 0.110 1.112 1.480 
1732 -0.375 -1.500 0.109 1.002 1.386 
1733 -0.364 -1.500 0.108 0.924 1.292 
1734 -0.436 -1.500 0.108 0.814 1.199 
1735 -0.416 -1.500 0.107 0.737 1.106 
1736 -0.484 -1.500 0.107 0.626 1.013 
1737 -0.503 -1.500 0.106 0.531 0.920 
1738 -0.542 -1.500 0.105 0.427 0.828 
1739 -0.537 -1.500 0.104 0.339 0.736 
1740 -0.566 -1.500 0.104 0.238 0.644 
1741 -0.469 -1.500 0.103 0.185 0.553 
1742 -0.451 -1.500 0.103 0.102 0.462 
1743 -0.431 -1.500 0.102 0.023 0.371 
1744 -0.317 -1.500 0.061 -0.020 0.280 
1745 -0.160 -1.500 -0.103 -0.043 0.190 
1746 -0.222 -1.500 -0.104 -0.142 0.100 
1747 -0.124 -1.500 -0.104 -0.179 0.011 
1748 -0.127 -1.500 -0.104 -0.250 -0.079 
1749 -0.094 -1.500 -0.105 -0.306 -0.168 
1750 -0.043 -1.500 -0.105 -0.353 -0.257 
1751 -0.036 -1.500 -0.106 -0.414 -0.345 
1752 -0.003 -1.500 -0.106 -0.464 -0.434 
1753 0.036 -1.500 -0.106 -0.509 -0.522 
1754 0.037 -1.500 -0.107 -0.567 -0.609 
1755 0.010 -1.500 -0.107 -0.634 -0.697 
1756 0.065 -1.500 -0.107 -0.670 -0.784 
1757 0.069 -1.500 -0.108 -0.723 -0.871 
1758 0.089 -1.500 -0.108 -0.770 -0.957 
1759 0.117 -1.500 -0.108 -0.812 -1.044 
1760 0.100 -1.500 -0.109 -0.870 -1.130 
1761 0.108 -1.500 -0.109 -0.918 -1.216 
1762 0.081 -1.500 -0.110 -0.979 -1.301 
1763 0.081 -1.500 -0.110 -1.030 -1.386 
1764 0.099 -1.500 -0.110 -1.075 -1.471 
1765 0.126 -1.500 -0.111 -1.115 -1.556 
1766 0.104 -1.500 -0.111 -1.173 -1.640 
1767 0.153 -1.500 -0.112 -1.204 -1.725 
1768 0.099 -1.500 -0.112 -1.272 -1.809 
1769 0.084 -1.500 -0.112 -1.327 -1.892 
1770 0.091 -1.500 -0.113 -1.374 -1.976 
1771 0.064 -1.500 -0.113 -1.433 -2.059 
1772 0.064 -1.500 -0.113 -1.484 -2.141 
1773 0.035 -1.500 -0.114 -1.545 -2.224 
1774 0.037 -1.500 -0.114 -1.596 -2.306 
1775 0.056 -1.500 -0.115 -1.640 -2.388 
1776 0.035 -1.500 -0.115 -1.700 -2.470 
1777 0.090 -1.500 -0.115 -1.730 -2.552 
1778 0.083 -1.499 -0.116 -1.783 -2.633 
1779 0.004 -1.496 -0.116 -1.862 -2.714 
1780 0.071 -1.489 -0.116 -1.888 -2.794 
1781 0.072 -1.466 -0.117 -1.938 -2.872 
1782 0.091 -1.400 -0.117 -1.981 -2.947 
1783 0.066 -1.228 -0.118 -2.039 -3.010 
1784 0.066 -0.890 -0.118 -2.088 -3.054 
1785 0.030 -0.480 -0.118 -2.149 -3.073 
1786 0.077 -0.198 -0.118 -2.165 -3.075 
1787 0.092 -0.070 -0.118 -2.185 -3.069 
1788 0.067 -0.023 -0.119 -2.210 -3.061 
1789 0.151 -0.008 -0.118 -2.185 -3.052 
1790 0.134 -0.002 -0.118 -2.193 -3.042 
1791 0.075 -0.001 -0.119 -2.212 -3.032 
1792 0.083 -0.000 -0.119 -2.204 -3.023 
1793 0.035 -0.000 -0.119 -2.217 -3.013 
1794 0.006 -0.000 -0.119 -2.222 -3.004 
1795 -0.015 -0.000 -0.119 -2.224 -2.994 
1796 -0.034 -0.000 -0.119 -2.225 -2.985 
1797 -0.004 -0.000 -0.119 -2.207 -2.975 
1798 -0.043 -0.000 -0.119 -2.215 -2.966 
1799 -0.072 -0.000 -0.119 -2.220 -2.956 
1800 -0.093 -0.000 -0.119 -2.221 -2.947 
1801 -0.108 0.000 -0.119 -2.220 -2.938 
1802 -0.079 0.000 -0.119 -2.202 -2.928 
1803 -0.074 0.000 -0.119 -2.194 -2.919 
1804 -0.081 0.000 -0.118 -2.189 -2.910 
1805 -0.046 0.000 -0.119 -2.169 -2.900 
1806 -0.082 0.000 -0.118 -2.176 -2.891 
1807 -0.111 0.000 -0.118 -2.179 -2.882 
1808 -0.085 0.000 -0.118 -2.163 -2.873 
1809 -0.081 0.000 -0.118 -2.155 -2.864 
1810 -0.086 0.000 -0.118 -2.150 -2.855 
1811 -0.101 0.001 -0.118 -2.148 -2.846 
1812 -0.068 0.002 -0.118 -2.129 -2.836 
1813 -0.107 0.008 -0.118 -2.137 -2.827 
1814 -0.088 0.023 -0.118 -2.122 -2.817 
1815 -0.086 0.070 -0.118 -2.114 -2.803 
1816 -0.093 0.198 -0.118 -2.108 -2.783 
1817 -0.113 0.480 -0.118 -2.102 -2.745 
1818 -0.091 0.890 -0.118 -2.071 -2.684 
1819 -0.022 1.228 -0.117 -2.007 -2.602 
1820 -0.000 1.400 -0.117 -1.954 -2.510 
1821 0.069 1.466 -0.116 -1.873 -2.415 
1822 0.019 1.489 -0.116 -1.831 -2.319 
1823 0.053 1.496 -0.115 -1.754 -2.222 
1824 0.034 1.499 -0.114 -1.696 -2.126 
1825 0.079 1.500 -0.114 -1.612 -2.030 
1826 0.110 1.500 -0.113 -1.533 -1.934 
1827 0.181 1.500 -0.112 -1.437 -1.838 
1828 0.219 1.500 -0.112 -1.351 -1.743 
1829 0.189 1.500 -0.111 -1.288 -1.648 
1830 0.317 1.500 -0.110 -1.165 -1.554 
1831 0.329 1.500 -0.110 -1.083 -1.459 
1832 0.372 1.500 -0.109 -0.987 -1.365 
1833 0.431 1.500 -0.108 -0.882 -1.272 
1834 0.448 1.500 -0.108 -0.791 -1.178 
1835 0.487 1.500 -0.107 -0.690 -1.085 
1836 0.536 1.500 -0.106 -0.583 -0.992 
1837 0.542 1.500 -0.106 -0.491 -0.900 
1838 0.569 1.500 -0.105 -0.390 -0.807 
1839 0.611 1.500 -0.104 -0.284 -0.716 
1840 0.566 1.500 -0.104 -0.211 -0.624 
1841 0.524 1.500 -0.103 -0.136 -0.533 
1842 0.493 1.500 -0.103 -0.058 -0.441 
1843 0.414 1.500 -0.099 0.001 -0.351 
1844 0.271 1.500 0.103 0.032 -0.260 
1845 0.239 1.500 0.103 0.101 -0.170 
1846 0.225 1.500 0.104 0.174 -0.080 
1847 0.132 1.500 0.104 0.213 0.010 
1848 0.138 1.500 0.105 0.287 0.099 
1849 0.104 1.500 0.105 0.343 0.188 
1850 0.055 1.500 0.105 0.391 0.277 
1851 -0.002 1.500 0.106 0.434 0.365 
1852 -0.010 1.500 0.106 0.492 0.453 
1853 -0.038 1.500 0.107 0.541 0.541 
1854 -0.028 1.500 0.107 0.602 0.629 
1855 -0.091 1.500 0.107 0.635 0.716 
1856 -0.098 1.500 0.108 0.687 0.803 
1857 -0.115 1.500 0.108 0.734 0.890 
1858 -0.142 1.500 0.108 0.775 0.977 
1859 -0.123 1.500 0.109 0.833 1.063 
1860 -0.129 1.500 0.109 0.881 1.149 
1861 -0.143 1.500 0.109 0.925 1.235 
1862 -0.119 1.500 0.110 0.983 1.320 
1863 -0.120 1.500 0.110 1.031 1.405 
1864 -0.131 1.500 0.110 1.076 1.490 
1865 -0.108 1.500 0.111 1.133 1.575 
1866 -0.108 1.500 0.111 1.183 1.659 
1867 -0.124 1.500 0.111 1.226 1.743 
1868 -0.142 1.500 0.112 1.268 1.827 
1869 -0.119 1.500 0.112 1.324 1.911 
1870 -0.119 1.500 0.113 1.372 1.994 
1871 -0.134 1.500 0.113 1.415 2.077 
1872 -0.106 1.500 0.113 1.473 2.160 
1873 -0.102 1.500 0.114 1.522 2.242 
1874 -0.115 1.500 0.114 1.566 2.325 
1875 -0.087 1.500 0.114 1.624 2.407 
1876 -0.086 1.500 0.115 1.673 2.488 
1877 -0.006 1.500 0.115 1.753 2.570 
1878 -0.031 1.499 0.116 1.794 2.651 
1879 -0.064 1.496 0.116 1.833 2.732 
1880 -0.093 1.489 0.116 1.873 2.812 
1881 -0.073 1.466 0.117 1.930 2.890 
1882 -0.033 1.400 0.117 1.994 2.964 
1883 -0.075 1.228 0.117 2.028 3.028 
1884 -0.107 0.890 0.118 2.065 3.072 
1885 -0.091 0.480 0.118 2.120 3.090 
1886 -0.047 0.198 0.118 2.170 3.092 
1887 -0.071 0.070 0.118 2.186 3.087 
1888 -0.098 0.023 0.119 2.192 3.078 
1889 -0.110 0.008 0.119 2.195 3.069 
1890 -0.064 0.002 0.119 2.213 3.059 
1891 -0.037 0.001 0.119 2.221 3.050 
1892 -0.062 0.000 0.119 2.207 3.040 
1893 -0.019 0.000 0.119 2.219 3.030 
1894 -0.039 0.000 0.119 2.205 3.021 
1895 0.007 0.000 0.119 2.216 3.011 
1896 0.038 0.000 0.119 2.221 3.002 
1897 0.010 0.000 0.118 2.204 2.992 
1898 0.007 0.000 0.118 2.197 2.983 
1899 0.015 0.000 0.118 2.193 2.973 
1900 0.028 0.000 0.118 2.191 2.964 
1901 0.039 0.000 0.118 2.188 2.954 
1902 0.055 -0.000 0.118 2.187 2.945 
1903 0.070 -0.000 0.118 2.187 2.936 
1904 0.038 -0.000 0.118 2.168 2.926 
1905 0.078 -0.000 0.118 2.177 2.917 
1906 0.057 -0.000 0.118 2.161 2.908 
1907 0.057 -0.000 0.118 2.155 2.899 
1908 0.019 -0.000 0.118 2.134 2.889 
1909 0.010 -0.000 0.118 2.124 2.880 
1910 0.062 -0.000 0.118 2.136 2.871 
1911 0.094 -0.001 0.118 2.141 2.862 
1912 0.069 -0.002 0.118 2.125 2.853 
1913 0.158 -0.008 0.118 2.153 2.843 
1914 0.068 -0.023 0.118 2.111 2.833 
1915 0.125 -0.070 0.118 2.127 2.820 
1916 0.071 -0.198 0.118 2.097 2.799 
1917 0.102 -0.480 0.118 2.096 2.761 
1918 0.092 -0.890 0.118 2.068 2.700 
1919 0.070 -1.228 0.117 2.022 2.618 
1920 0.028 -1.400 0.117 1.963 2.526 
1921 0.034 -1.466 0.116 1.912 2.431 
1922 -0.020 -1.489 0.116 1.834 2.334 
1923 -0.017 -1.496 0.115 1.774 2.238 
1924 -0.072 -1.499 0.114 1.689 2.141 
1925 -0.109 -1.500 0.114 1.609 2.045 
1926 -0.136 -1.500 0.113 1.530 1.949 
1927 -0.152 -1.500 0.113 1.454 1.854 
1928 -0.167 -1.500 0.112 1.377 1.758 
1929 -0.222 -1.500 0.111 1.284 1.664 
1930 -0.249 -1.500 0.111 1.199 1.569 
1931 -0.307 -1.500 0.110 1.101 1.475 
1932 -0.332 -1.500 0.109 1.013 1.380 
1933 -0.382 -1.500 0.109 0.914 1.287 
1934 -0.398 -1.500 0.108 0.825 1.193 
1935 -0.395 -1.500 0.107 0.743 1.100 
1936 -0.426 -1.500 0.107 0.647 1.007 
1937 -0.474 -1.500 0.106 0.543 0.915 
1938 -0.533 -1.500 0.105 0.434 0.822 
1939 -0.495 -1.500 0.104 0.359 0.730 
1940 -0.506 -1.500 0.104 0.265 0.639 
1941 -0.494 -1.500 0.103 0.181 0.547 
1942 -0.474 -1.500 0.103 0.099 0.456 
1943 -0.400 -1.500 0.103 0.039 0.365 
1944 -0.305 -1.500 -0.102 -0.011 0.275 
1945 -0.206 -1.500 -0.103 -0.056 0.185 
1946 -0.206 -1.500 -0.103 -0.132 0.095 
1947 -0.160 -1.500 -0.104 -0.189 0.005 
1948 -0.104 -1.500 -0.104 -0.239 -0.084 
1949 -0.083 -1.500 -0.105 -0.300 -0.173 
1950 -0.089 -1.500 -0.105 -0.368 -0.262 
1951 -0.062 -1.500 -0.106 -0.422 -0.351 
1952 -0.016 -1.500 -0.106 -0.468 -0.439 
1953 0.034 -1.500 -0.107 -0.511 -0.527 
1954 -0.010 -1.500 -0.107 -0.586 -0.615 
1955 0.039 -1.500 -0.107 -0.626 -0.702 
1956 0.038 -1.500 -0.108 -0.683 -0.789 
1957 0.060 -1.500 -0.108 -0.731 -0.876 
1958 0.091 -1.500 -0.108 -0.774 -0.963 
1959 0.075 -1.500 -0.109 -0.833 -1.049 
1960 0.089 -1.500 -0.109 -0.881 -1.135 
1961 0.110 -1.500 -0.110 -0.925 -1.221 
1962 0.092 -1.500 -0.110 -0.983 -1.306 
1963 0.098 -1.500 -0.110 -1.031 -1.392 
1964 0.116 -1.500 -0.110 -1.075 -1.477 
1965 0.093 -1.500 -0.111 -1.134 -1.561 
1966 0.098 -1.500 -0.111 -1.182 -1.646 
1967 0.159 -1.500 -0.112 -1.209 -1.730 
1968 0.064 -1.500 -0.112 -1.293 -1.814 
1969 0.077 -1.500 -0.112 -1.338 -1.897 
1970 0.099 -1.500 -0.113 -1.380 -1.981 
1971 0.078 -1.500 -0.113 -1.437 -2.064 
1972 0.084 -1.500 -0.113 -1.485 -2.146 
1973 0.055 -1.500 -0.114 -1.546 -2.229 
1974 0.053 -1.500 -0.114 -1.597 -2.311 
1975 0.026 -1.500 -0.115 -1.658 -2.393 
1976 0.074 -1.500 -0.115 -1.691 -2.475 
1977 0.023 -1.500 -0.115 -1.761 -2.557 
1978 0.107 -1.499 -0.116 -1.781 -2.638 
1979 0.067 -1.496 -0.116 -1.846 -2.719 
1980 0.016 -1.489 -0.117 -1.914 -2.799 
1981 0.055 -1.466 -0.117 -1.951 -2.877 
1982 0.042 -1.400 -0.117 -2.006 -2.951 
1983 0.053 -1.228 -0.117 -2.052 -3.015 
1984 0.073 -0.890 -0.118 -2.095 -3.059 
1985 0.049 -0.480 -0.118 -2.152 -3.078 
1986 0.096 -0.198 -0.118 -2.169 -3.080 
1987 0.114 -0.070 -0.118 -2.188 -3.074 
1988 0.138 -0.023 -0.118 -2.193 -3.066 
1989 0.055 -0.008 -0.119 -2.232 -3.056 
1990 0.150 -0.002 -0.119 -2.196 -3.047 
1991 0.098 -0.001 -0.119 -2.215 -3.037 
1992 0.061 -0.000 -0.119 -2.224 -3.027 
1993 0.036 -0.000 -0.119 -2.227 -3.018 
1994 0.018 -0.000 -0.119 -2.228 -3.008 
1995 0.004 -0.000 -0.119 -2.228 -2.999 
1996 -0.013 -0.000 -0.119 -2.228 -2.989 
1997 -0.026 -0.000 -0.119 -2.226 -2.980 
1998 -0.043 -0.000 -0.119 -2.226 -2.970 
1999 -0.105 -0.000 -0.119 -2.243 -2.961 
2000 -0.047 -0.000 -0.119 -2.214 -2.951 
2001 -0.075 0.000 -0.119 -2.218 -2.942 
2002 -0.099 0.000 -0.119 -2.220 -2.933 
2003 -0.069 0.000 -0.119 -2.202 -2.923 
2004 -0.065 0.000 -0.119 -2.194 -2.914 
2005 -0.073 0.000 -0.118 -2.190 -2.905 
2006 -0.083 0.000 -0.119 -2.186 -2.896 
2007 -0.189 0.000 -0.118 -2.219 -2.887 
2008 -0.065 0.000 -0.119 -2.165 -2.877 
2009 -0.056 0.000 -0.118 -2.156 -2.868 
2010 -0.065 0.000 -0.118 -2.152 -2.859 
2011 -0.078 0.001 -0.118 -2.150 -2.850 
2012 -0.090 0.002 -0.118 -2.147 -2.841 
2013 -0.105 0.008 -0.118 -2.146 -2.831 
2014 -0.074 0.023 -0.118 -2.127 -2.821 
2015 -0.114 0.070 -0.118 -2.135 -2.808 
2016 -0.097 0.198 -0.118 -2.119 -2.787 
2017 -0.099 0.480 -0.118 -2.107 -2.750 
2018 -0.075 0.890 -0.118 -2.074 -2.688 
2019 -0.047 1.228 -0.117 -2.026 -2.606 
2020 -0.002 1.400 -0.117 -1.965 -2.515 
2021 0.038 1.466 -0.116 -1.896 -2.419 
2022 0.021 1.489 -0.116 -1.842 -2.323 
2023 0.021 1.496 -0.115 -1.779 -2.226 
2024 0.035 1.499 -0.115 -1.709 -2.130 
2025 0.052 1.500 -0.114 -1.637 -2.034 
2026 0.115 1.500 -0.113 -1.546 -1.938 
2027 0.155 1.500 -0.113 -1.463 -1.842 
2028 0.182 1.500 -0.112 -1.381 -1.747 
2029 0.196 1.500 -0.111 -1.304 -1.652 
2030 0.248 1.500 -0.111 -1.210 -1.558 
2031 0.321 1.500 -0.110 -1.107 -1.463 
2032 0.350 1.500 -0.110 -1.017 -1.369 
2033 0.359 1.500 -0.109 -0.933 -1.276 
2034 0.352 1.500 -0.108 -0.853 -1.182 
2035 0.433 1.500 -0.107 -0.740 -1.089 
2036 0.460 1.500 -0.107 -0.645 -0.996 
2037 0.505 1.500 -0.106 -0.541 -0.904 
2038 0.511 1.500 -0.105 -0.450 -0.812 
2039 0.540 1.500 -0.104 -0.350 -0.720 
2040 0.580 1.500 -0.104 -0.245 -0.628 
2041 0.537 1.500 -0.103 -0.171 -0.537 
2042 0.499 1.500 -0.103 -0.095 -0.445 
2043 0.464 1.500 -0.102 -0.019 -0.355 
2044 0.340 1.500 0.103 0.022 -0.264 
2045 0.221 1.500 0.103 0.060 -0.174 
2046 0.211 1.500 0.104 0.135 -0.084 
2047 0.162 1.500 0.104 0.192 0.006 
2048 0.145 1.500 0.104 0.257 0.095 
2049 0.100 1.500 0.105 0.310 0.184 
2050 0.042 1.500 0.105 0.355 0.273 
2051 0.078 1.500 0.105 0.433 0.361 
2052 -0.028 1.500 0.106 0.456 0.449 
2053 -0.014 1.500 0.106 0.522 0.537 
2054 -0.030 1.500 0.107 0.574 0.625 
2055 -0.014 1.500 0.107 0.638 0.712 
2056 -0.077 1.500 0.108 0.671 0.800 
2057 -0.082 1.500 0.108 0.724 0.886 
2058 -0.100 1.500 0.108 0.771 0.973 
2059 -0.081 1.500 0.108 0.831 1.059 
2060 -0.137 1.500 0.109 0.862 1.145 
2061 -0.131 1.500 0.109 0.915 1.231 
2062 -0.143 1.500 0.109 0.960 1.316 
2063 -0.162 1.500 0.110 1.001 1.402 
2064 -0.136 1.500 0.110 1.059 1.487 
2065 -0.086 1.500 0.111 1.126 1.571 
2066 -0.126 1.500 0.111 1.160 1.656 
2067 -0.111 1.500 0.112 1.215 1.740 
2068 -0.072 1.500 0.112 1.278 1.824 
2069 -0.114 1.500 0.112 1.312 1.907 
2070 -0.103 1.500 0.112 1.366 1.990 
2071 -0.110 1.500 0.113 1.412 2.073 
2072 -0.129 1.500 0.113 1.454 2.156 
2073 -0.102 1.500 0.114 1.512 2.239 
2074 -0.105 1.500 0.114 1.559 2.321 
2075 -0.068 1.500 0.115 1.622 2.403 
2076 -0.068 1.500 0.115 1.671 2.485 
2077 -0.080 1.500 0.115 1.716 2.566 
2078 -0.057 1.499 0.116 1.775 2.647 
2079 -0.013 1.496 0.116 1.841 2.728 
2080 -0.098 1.489 0.116 1.860 2.808 
2081 -0.067 1.466 0.117 1.921 2.887 
2082 -0.062 1.400 0.117 1.973 2.961 
2083 -0.076 1.228 0.117 2.017 3.025 
2084 -0.096 0.890 0.118 2.058 3.068 
2085 -0.070 0.480 0.118 2.116 3.087 
2086 -0.024 0.198 0.118 2.168 3.089 
2087 -0.091 0.070 0.118 2.167 3.083 
2088 -0.096 0.023 0.118 2.182 3.075 
2089 -0.095 0.008 0.119 2.189 3.066 
2090 -0.091 0.002 0.119 2.191 3.056 
2091 -0.078 0.001 0.118 2.194 3.046 
2092 -0.068 0.000 0.118 2.194 3.037 
2093 -0.054 0.000 0.119 2.194 3.027 
2094 0.008 0.000 0.119 2.211 3.017 
2095 -0.005 0.000 0.118 2.200 3.008 
2096 0.091 0.000 0.119 2.230 2.998 
2097 0.049 0.000 0.119 2.207 2.989 
2098 -0.007 0.000 0.118 2.181 2.979 
2099 0.065 0.000 0.118 2.202 2.970 
2100 -0.028 0.000 0.118 2.158 2.960 
2101 0.027 0.000 0.118 2.174 2.951 
2102 0.018 -0.000 0.119 2.162 2.942 
2103 0.065 -0.000 0.118 2.173 2.932 
2104 0.053 -0.000 0.118 2.162 2.923 
2105 0.052 -0.000 0.118 2.155 2.914 
2106 0.058 -0.000 0.118 2.151 2.904 
2107 0.071 -0.000 0.118 2.149 2.895 
2108 0.039 -0.000 0.118 2.130 2.886 
2109 0.031 -0.000 0.118 2.121 2.877 
2110 0.040 -0.000 0.118 2.117 2.868 
2111 0.094 -0.001 0.118 2.131 2.859 
2112 0.082 -0.002 0.118 2.120 2.849 
2113 0.086 -0.008 0.118 2.115 2.840 
2114 0.138 -0.023 0.118 2.128 2.830 
2115 0.173 -0.070 0.118 2.133 2.816 
2116 0.059 -0.198 0.118 2.082 2.796 
2117 0.061 -0.480 0.117 2.071 2.758 
2118 0.037 -0.890 0.118 2.038 2.696 
2119 0.061 -1.228 0.117 2.009 2.615 
2120 0.035 -1.400 0.117 1.955 2.523 
2121 0.052 -1.466 0.116 1.909 2.428 
2122 -0.002 -1.489 0.115 1.831 2.331 
2123 -0.042 -1.496 0.115 1.756 2.235 
2124 -0.076 -1.499 0.114 1.679 2.138 
2125 -0.100 -1.500 0.114 1.603 2.042 
2126 -0.167 -1.500 0.113 1.510 1.946 
2127 -0.156 -1.500 0.113 1.443 1.851 
2128 -0.200 -1.500 0.112 1.354 1.755 
2129 -0.224 -1.500 0.111 1.271 1.660 
2130 -0.234 -1.500 0.110 1.193 1.566 
2131 -0.285 -1.500 0.110 1.097 1.472 
2132 -0.305 -1.500 0.109 1.012 1.377 
2133 -0.359 -1.500 0.108 0.912 1.284 
2134 -0.421 -1.500 0.108 0.808 1.190 
2135 -0.396 -1.500 0.107 0.733 1.097 
2136 -0.465 -1.500 0.106 0.623 1.004 
2137 -0.437 -1.500 0.106 0.547 0.912 
2138 -0.500 -1.500 0.105 0.437 0.819 
2139 -0.516 -1.500 0.105 0.342 0.727 
2140 -0.460 -1.500 0.104 0.274 0.636 
2141 -0.460 -1.500 0.103 0.186 0.544 
2142 -0.450 -1.500 0.103 0.102 0.453 
2143 -0.430 -1.500 0.102 0.023 0.363 
2144 -0.315 -1.500 -0.103 -0.020 0.272 
2145 -0.205 -1.500 -0.103 -0.060 0.182 
2146 -0.196 -1.500 -0.104 -0.134 0.092 
2147 -0.105 -1.500 -0.104 -0.174 0.002 
2148 -0.116 -1.500 -0.104 -0.248 -0.087 
2149 -0.042 -1.500 -0.105 -0.287 -0.176 
2150 -0.021 -1.500 -0.105 -0.344 -0.265 
2151 -0.030 -1.500 -0.106 -0.409 -0.354 
2152 -0.006 -1.500 -0.106 -0.461 -0.442 
2153 0.032 -1.500 -0.106 -0.507 -0.530 
2154 0.074 -1.500 -0.107 -0.549 -0.618 
2155 0.068 -1.500 -0.107 -0.607 -0.705 
2156 0.087 -1.500 -0.107 -0.654 -0.792 
2157 0.065 -1.500 -0.108 -0.716 -0.879 
2158 0.074 -1.500 -0.108 -0.766 -0.966 
2159 0.097 -1.500 -0.108 -0.810 -1.052 
2160 0.079 -1.500 -0.109 -0.869 -1.138 
2161 0.088 -1.500 -0.109 -0.918 -1.224 
2162 0.107 -1.500 -0.110 -0.962 -1.309 
2163 0.087 -1.500 -0.110 -1.020 -1.394 
2164 0.093 -1.500 -0.110 -1.069 -1.479 
2165 0.111 -1.500 -0.111 -1.113 -1.564 
2166 0.137 -1.500 -0.111 -1.153 -1.648 
2167 0.113 -1.500 -0.111 -1.211 -1.732 
2168 0.070 -1.500 -0.112 -1.276 -1.816 
2169 0.107 -1.500 -0.112 -1.312 -1.900 
2170 0.098 -1.500 -0.113 -1.365 -1.983 
2171 0.058 -1.500 -0.113 -1.429 -2.066 
2172 0.056 -1.500 -0.113 -1.481 -2.149 
2173 0.024 -1.500 -0.114 -1.543 -2.232 
2174 0.070 -1.500 -0.114 -1.578 -2.314 
2175 0.019 -1.500 -0.115 -1.648 -2.396 
2176 0.058 -1.500 -0.115 -1.685 -2.478 
2177 0.093 -1.500 -0.115 -1.724 -2.559 
2178 0.033 -1.499 -0.116 -1.796 -2.640 
2179 0.064 -1.496 -0.116 -1.835 -2.721 
2180 0.049 -1.489 -0.117 -1.891 -2.801 
2181 0.056 -1.466 -0.117 -1.939 -2.880 
2182 0.030 -1.400 -0.117 -1.999 -2.954 
2183 0.123 -1.228 -0.117 -2.014 -3.018 
2184 0.045 -0.890 -0.118 -2.092 -3.061 
2185 0.065 -0.480 -0.118 -2.132 -3.080 
2186 0.086 -0.198 -0.118 -2.158 -3.082 
2187 0.136 -0.070 -0.118 -2.164 -3.077 
2188 0.131 -0.023 -0.118 -2.181 -3.068 
2189 0.125 -0.008 -0.119 -2.190 -3.059 
2190 0.071 -0.002 -0.119 -2.212 -3.049 
2191 0.041 -0.001 -0.119 -2.220 -3.040 
2192 0.065 -0.000 -0.119 -2.207 -3.030 
2193 0.069 -0.000 -0.119 -2.201 -3.020 
2194 0.015 -0.000 -0.119 -2.215 -3.011 
2195 0.030 -0.000 -0.119 -2.203 -3.001 
2196 -0.065 -0.000 -0.119 -2.233 -2.992 
2197 -0.025 -0.000 -0.119 -2.210 -2.982 
2198 -0.058 -0.000 -0.119 -2.217 -2.973 
2199 -0.082 -0.000 -0.119 -2.219 -2.963 
2200 -0.055 -0.000 -0.119 -2.203 -2.954 
2201 -0.098 0.000 -0.119 -2.212 -2.945 
2202 -0.078 0.000 -0.119 -2.198 -2.935 
2203 -0.032 0.000 -0.118 -2.174 -2.926 
2204 -0.066 0.000 -0.118 -2.180 -2.917 
2205 -0.090 0.000 -0.118 -2.181 -2.907 
2206 -0.064 0.000 -0.118 -2.164 -2.898 
2207 -0.106 0.000 -0.118 -2.174 -2.889 
2208 -0.088 0.000 -0.118 -2.160 -2.880 
2209 -0.087 0.000 -0.118 -2.153 -2.871 
2210 -0.093 0.000 -0.118 -2.149 -2.861 
2211 -0.109 0.001 -0.118 -2.148 -2.852 
2212 -0.076 0.002 -0.118 -2.128 -2.843 
2213 -0.068 0.008 -0.118 -2.119 -2.834 
2214 -0.074 0.023 -0.118 -2.114 -2.823 
2215 -0.086 0.070 -0.118 -2.110 -2.810 
2216 -0.101 0.198 -0.118 -2.107 -2.789 
2217 -0.118 0.480 -0.118 -2.100 -2.752 
2218 -0.051 0.890 -0.117 -2.052 -2.690 
2219 -0.054 1.228 -0.117 -2.016 -2.609 
2220 0.026 1.400 -0.117 -1.941 -2.517 
2221 0.033 1.466 -0.116 -1.884 -2.421 
2222 0.045 1.489 -0.116 -1.819 -2.325 
2223 0.017 1.496 -0.115 -1.766 -2.229 
2224 0.059 1.499 -0.114 -1.685 -2.132 
2225 0.090 1.500 -0.114 -1.606 -2.036 
2226 0.115 1.500 -0.113 -1.529 -1.940 
2227 0.178 1.500 -0.112 -1.436 -1.845 
2228 0.214 1.500 -0.112 -1.350 -1.749 
2229 0.186 1.500 -0.111 -1.287 -1.655 
2230 0.264 1.500 -0.110 -1.183 -1.560 
2231 0.351 1.500 -0.110 -1.074 -1.466 
2232 0.381 1.500 -0.109 -0.983 -1.372 
2233 0.391 1.500 -0.108 -0.897 -1.278 
2234 0.475 1.500 -0.108 -0.781 -1.184 
2235 0.501 1.500 -0.107 -0.685 -1.091 
2236 0.496 1.500 -0.106 -0.598 -0.998 
2237 0.568 1.500 -0.105 -0.481 -0.906 
2238 0.582 1.500 -0.105 -0.386 -0.814 
2239 0.569 1.500 -0.104 -0.300 -0.722 
2240 0.591 1.500 -0.104 -0.200 -0.630 
2241 0.537 1.500 -0.103 -0.131 -0.539 
2242 0.497 1.500 -0.103 -0.056 -0.448 
2243 0.415 1.500 -0.102 0.002 -0.357 
2244 0.270 1.500 0.103 0.033 -0.266 
2245 0.238 1.500 0.104 0.102 -0.176 
2246 0.224 1.500 0.104 0.174 -0.086 
2247 0.177 1.500 0.104 0.231 0.003 
2248 0.156 1.500 0.105 0.295 0.093 
2249 0.064 1.500 0.105 0.330 0.182 
2250 0.031 1.500 0.106 0.385 0.271 
2251 0.078 1.500 0.106 0.466 0.359 
2252 -0.020 1.500 0.106 0.491 0.447 
2253 -0.003 1.500 0.106 0.558 0.535 
2254 -0.064 1.500 0.107 0.594 0.623 
2255 -0.025 1.500 0.107 0.665 0.710 
2256 -0.070 1.500 0.108 0.704 0.798 
2257 -0.071 1.500 0.108 0.759 0.884 
2258 -0.131 1.500 0.108 0.790 0.971 
2259 -0.133 1.500 0.109 0.841 1.057 
2260 -0.103 1.500 0.109 0.902 1.143 
2261 -0.147 1.500 0.109 0.936 1.229 
2262 -0.138 1.500 0.110 0.989 1.314 
2263 -0.145 1.500 0.110 1.035 1.400 
2264 -0.159 1.500 0.111 1.078 1.485 
2265 -0.088 1.500 0.111 1.152 1.569 
2266 -0.110 1.500 0.111 1.193 1.654 
2267 -0.091 1.500 0.112 1.249 1.738 
2268 -0.096 1.500 0.112 1.297 1.822 
2269 -0.110 1.500 0.112 1.341 1.905 
2270 -0.089 1.500 0.113 1.398 1.988 
2271 -0.136 1.500 0.113 1.429 2.072 
2272 -0.128 1.500 0.113 1.481 2.154 
2273 -0.135 1.500 0.114 1.526 2.237 
2274 -0.100 1.500 0.114 1.586 2.319 
2275 -0.099 1.500 0.114 1.634 2.401 
2276 -0.063 1.500 0.115 1.696 2.483 
2277 -0.058 1.500 0.115 1.747 2.564 
2278 -0.073 1.499 0.116 1.791 2.646 
2279 -0.049 1.496 0.116 1.850 2.726 
2280 -0.054 1.489 0.117 1.898 2.806 
2281 -0.022 1.466 0.117 1.960 2.885 
2282 -0.069 1.400 0.117 1.994 2.959 
2283 -0.110 1.228 0.117 2.028 3.023 
2284 -0.047 0.890 0.118 2.101 3.066 
2285 -0.077 0.480 0.118 2.136 3.085 
2286 -0.059 0.198 0.118 2.178 3.087 
2287 -0.135 0.070 0.118 2.174 3.081 
2288 -0.094 0.023 0.119 2.205 3.073 
2289 -0.075 0.008 0.119 2.218 3.064 
2290 -0.061 0.002 0.119 2.225 3.054 
2291 -0.094 0.001 0.119 2.210 3.045 
2292 -0.058 0.000 0.119 2.220 3.035 
2293 -0.029 0.000 0.119 2.225 3.025 
2294 -0.011 0.000 0.119 2.226 3.016 
2295 0.008 0.000 0.119 2.227 3.006 
2296 0.024 0.000 0.119 2.227 2.997 
2297 -0.009 0.000 0.119 2.208 2.987 
2298 0.032 0.000 0.119 2.217 2.978 
2299 0.014 0.000 0.118 2.203 2.968 
2300 0.013 0.000 0.119 2.196 2.959 
2301 0.068 0.000 0.119 2.210 2.949 
2302 0.100 -0.000 0.119 2.215 2.940 
2303 0.030 -0.000 0.118 2.182 2.931 
2304 0.006 -0.000 0.118 2.167 2.921 
2305 0.049 -0.000 0.118 2.176 2.912 
2306 0.081 -0.000 0.118 2.181 2.903 
2307 0.056 -0.000 0.118 2.164 2.894 
2308 0.052 -0.000 0.118 2.156 2.884 
2309 0.012 -0.000 0.118 2.135 2.875 
2310 0.095 -0.000 0.118 2.160 2.866 
2311 0.097 -0.001 0.118 2.153 2.857 
2312 0.103 -0.002 0.118 2.149 2.848 
2313 0.114 -0.008 0.118 2.147 2.838 
2314 0.081 -0.023 0.118 2.127 2.828 
2315 0.074 -0.070 0.118 2.117 2.815 
2316 0.081 -0.198 0.118 2.111 2.794 
2317 0.096 -0.480 0.118 2.103 2.756 
2318 0.074 -0.890 0.118 2.072 2.695 
2319 0.096 -1.228 0.117 2.042 2.613 
2320 0.074 -1.400 0.117 1.991 2.521 
2321 -0.006 -1.466 0.116 1.910 2.426 
2322 -0.010 -1.489 0.116 1.851 2.330 
2323 -0.073 -1.496 0.115 1.765 2.233 
2324 -0.067 -1.499 0.115 1.702 2.137 
2325 -0.074 -1.500 0.114 1.632 2.040 
2326 -0.129 -1.500 0.113 1.544 1.945 
2327 -0.166 -1.500 0.113 1.460 1.849 
2328 -0.183 -1.500 0.112 1.382 1.754 
2329 -0.199 -1.500 0.111 1.303 1.659 
2330 -0.251 -1.500 0.111 1.210 1.564 
2331 -0.322 -1.500 0.110 1.107 1.470 
2332 -0.353 -1.500 0.109 1.016 1.376 
2333 -0.405 -1.500 0.109 0.916 1.282 
2334 -0.373 -1.500 0.108 0.844 1.189 
2335 -0.440 -1.500 0.107 0.735 1.096 
2336 -0.412 -1.500 0.107 0.660 1.003 
2337 -0.476 -1.500 0.106 0.550 0.910 
2338 -0.496 -1.500 0.105 0.455 0.818 
2339 -0.536 -1.500 0.105 0.351 0.726 
2340 -0.487 -1.500 0.104 0.281 0.634 
2341 -0.541 -1.500 0.103 0.170 0.543 
2342 -0.457 -1.500 0.103 0.114 0.452 
2343 -0.400 -1.500 0.103 0.046 0.361 
2344 -0.316 -1.500 0.090 -0.007 0.270 
2345 -0.222 -1.500 -0.103 -0.053 0.180 
2346 -0.220 -1.500 -0.103 -0.130 0.090 
2347 -0.180 -1.500 -0.104 -0.190 0.001 
2348 -0.118 -1.500 -0.104 -0.239 -0.089 
2349 -0.098 -1.500 -0.105 -0.300 -0.178 
2350 -0.099 -1.500 -0.105 -0.368 -0.267 
2351 -0.024 -1.500 -0.106 -0.405 -0.355 
2352 -0.048 -1.500 -0.106 -0.476 -0.443 
2353 0.011 -1.500 -0.106 -0.516 -0.531 
2354 0.024 -1.500 -0.107 -0.570 -0.619 
2355 0.004 -1.500 -0.107 -0.636 -0.706 
2356 0.020 -1.500 -0.107 -0.688 -0.794 
2357 0.050 -1.500 -0.108 -0.733 -0.880 
2358 0.083 -1.500 -0.108 -0.776 -0.967 
2359 0.076 -1.500 -0.109 -0.832 -1.053 
2360 0.085 -1.500 -0.109 -0.882 -1.139 
2361 0.111 -1.500 -0.109 -0.925 -1.225 
2362 0.093 -1.500 -0.110 -0.983 -1.311 
2363 0.097 -1.500 -0.110 -1.032 -1.396 
2364 0.072 -1.500 -0.110 -1.092 -1.481 
2365 0.120 -1.500 -0.111 -1.125 -1.565 
2366 0.112 -1.500 -0.111 -1.178 -1.650 
2367 0.077 -1.500 -0.112 -1.241 -1.734 
2368 0.118 -1.500 -0.112 -1.276 -1.818 
2369 0.108 -1.500 -0.112 -1.329 -1.901 
2370 0.119 -1.500 -0.113 -1.374 -1.985 
2371 0.087 -1.500 -0.113 -1.434 -2.068 
2372 0.041 -1.500 -0.114 -1.501 -2.151 
2373 0.031 -1.500 -0.114 -1.555 -2.233 
2374 0.048 -1.500 -0.114 -1.600 -2.315 
2375 0.069 -1.500 -0.115 -1.644 -2.397 
2376 0.053 -1.500 -0.115 -1.700 -2.479 
2377 0.058 -1.500 -0.115 -1.749 -2.561 
2378 0.034 -1.499 -0.116 -1.809 -2.642 
2379 0.080 -1.496 -0.116 -1.843 -2.723 
2380 0.073 -1.489 -0.116 -1.895 -2.803 
2381 0.085 -1.466 -0.117 -1.940 -2.881 
2382 0.009 -1.400 -0.117 -2.018 -2.955 
2383 0.035 -1.228 -0.118 -2.059 -3.019 
2384 0.064 -0.890 -0.118 -2.099 -3.063 
2385 0.046 -0.480 -0.118 -2.154 -3.081 
2386 0.096 -0.198 -0.118 -2.169 -3.083 
2387 0.115 -0.070 -0.119 -2.188 -3.078 
2388 0.138 -0.023 -0.118 -2.194 -3.069 
2389 0.104 -0.008 -0.119 -2.214 -3.060 
2390 0.127 -0.002 -0.119 -2.206 -3.051 
2391 0.085 -0.001 -0.119 -2.220 -3.041 
2392 0.059 -0.000 -0.119 -2.225 -3.031 
2393 0.037 -0.000 -0.119 -2.228 -3.022 
2394 0.022 -0.000 -0.119 -2.228 -3.012 
2395 0.005 -0.000 -0.119 -2.228 -3.003 
2396 -0.011 -0.000 -0.119 -2.228 -2.993 
2397 -0.071 -0.000 -0.119 -2.244 -2.984 
2398 -0.016 -0.000 -0.119 -2.216 -2.974 
2399 -0.043 -0.000 -0.119 -2.221 -2.965 
2400 -0.157 -0.000 -0.119 -2.257 -2.955 
2401 -0.034 0.000 -0.119 -2.203 -2.946 
2402 -0.121 0.000 -0.119 -2.231 -2.936 
2403 -0.033 0.000 -0.119 -2.189 -2.927 
2404 -0.046 0.000 -0.119 -2.188 -2.918 
2405 -0.111 0.000 -0.119 -2.205 -2.909 
2406 -0.100 0.000 -0.118 -2.193 -2.899 
2407 -0.150 0.000 -0.118 -2.206 -2.890 
2408 -0.042 0.000 -0.119 -2.158 -2.881 
2409 -0.092 0.000 -0.118 -2.171 -2.872 
2410 -0.081 0.000 -0.118 -2.159 -2.863 
2411 -0.083 0.001 -0.118 -2.153 -2.854 
2412 -0.046 0.002 -0.118 -2.132 -2.844 
2413 -0.081 0.008 -0.118 -2.138 -2.835 
2414 -0.110 0.023 -0.118 -2.141 -2.825 
2415 -0.084 0.070 -0.118 -2.124 -2.811 
2416 -0.080 0.198 -0.118 -2.114 -2.791 
2417 -0.094 0.480 -0.118 -2.106 -2.753 
2418 -0.115 0.890 -0.118 -2.091 -2.691 
2419 -0.018 1.228 -0.117 -2.016 -2.610 
2420 -0.033 1.400 -0.117 -1.977 -2.518 
2421 0.023 1.466 -0.116 -1.902 -2.423 
2422 0.060 1.489 -0.116 -1.829 -2.326 
2423 0.091 1.496 -0.115 -1.753 -2.230 
2424 0.065 1.499 -0.115 -1.696 -2.133 
2425 0.107 1.500 -0.114 -1.612 -2.037 
2426 0.136 1.500 -0.113 -1.532 -1.941 
2427 0.153 1.500 -0.112 -1.455 -1.846 
2428 0.213 1.500 -0.112 -1.361 -1.751 
2429 0.244 1.500 -0.111 -1.275 -1.656 
2430 0.303 1.500 -0.111 -1.177 -1.561 
2431 0.374 1.500 -0.110 -1.071 -1.467 
2432 0.353 1.500 -0.109 -0.998 -1.373 
2433 0.472 1.500 -0.108 -0.871 -1.279 
2434 0.474 1.500 -0.108 -0.784 -1.186 
2435 0.454 1.500 -0.107 -0.704 -1.092 
2436 0.520 1.500 -0.106 -0.590 -1.000 
2437 0.536 1.500 -0.106 -0.495 -0.907 
2438 0.569 1.500 -0.105 -0.392 -0.815 
2439 0.567 1.500 -0.104 -0.303 -0.723 
2440 0.594 1.500 -0.104 -0.202 -0.631 
2441 0.541 1.500 -0.103 -0.132 -0.540 
2442 0.452 1.500 -0.103 -0.075 -0.449 
2443 0.397 1.500 -0.102 -0.008 -0.358 
2444 0.268 1.500 0.103 0.028 -0.267 
2445 0.293 1.500 0.103 0.117 -0.177 
2446 0.210 1.500 0.104 0.165 -0.087 
2447 0.127 1.500 0.104 0.208 0.002 
2448 0.093 1.500 0.104 0.266 0.092 
2449 0.087 1.500 0.105 0.332 0.181 
2450 0.054 1.500 0.105 0.385 0.270 
2451 0.006 1.500 0.106 0.431 0.358 
2452 0.002 1.500 0.106 0.490 0.446 
2453 -0.025 1.500 0.106 0.540 0.534 
2454 -0.015 1.500 0.107 0.602 0.622 
2455 -0.079 1.500 0.107 0.635 0.709 
2456 -0.087 1.500 0.108 0.687 0.796 
2457 -0.060 1.500 0.108 0.751 0.883 
2458 -0.160 1.500 0.108 0.767 0.970 
2459 -0.132 1.500 0.109 0.829 1.056 
2460 -0.132 1.500 0.109 0.878 1.142 
2461 -0.144 1.500 0.109 0.923 1.228 
2462 -0.164 1.500 0.110 0.964 1.313 
2463 -0.137 1.500 0.110 1.022 1.399 
2464 -0.137 1.500 0.110 1.070 1.484 
2465 -0.105 1.500 0.111 1.130 1.568 
2466 -0.100 1.500 0.111 1.181 1.653 
2467 -0.114 1.500 0.112 1.225 1.737 
2468 -0.086 1.500 0.112 1.285 1.821 
2469 -0.134 1.500 0.112 1.316 1.904 
2470 -0.125 1.500 0.112 1.368 1.987 
2471 -0.088 1.500 0.113 1.430 2.071 
2472 -0.083 1.500 0.113 1.481 2.153 
2473 -0.092 1.500 0.114 1.527 2.236 
2474 -0.113 1.500 0.114 1.568 2.318 
2475 -0.089 1.500 0.115 1.626 2.400 
2476 -0.090 1.500 0.115 1.674 2.482 
2477 -0.060 1.500 0.115 1.734 2.563 
2478 -0.057 1.499 0.116 1.785 2.645 
2479 -0.028 1.496 0.116 1.846 2.725 
2480 -0.074 1.489 0.116 1.879 2.805 
2481 -0.063 1.466 0.117 1.934 2.884 
2482 -0.123 1.400 0.117 1.961 2.958 
2483 -0.069 1.228 0.117 2.029 3.022 
2484 -0.103 0.890 0.118 2.065 3.065 
2485 -0.085 0.480 0.118 2.119 3.084 
2486 -0.087 0.198 0.119 2.152 3.086 
2487 -0.083 0.070 0.118 2.178 3.080 
2488 -0.100 0.023 0.119 2.187 3.072 
2489 -0.014 0.008 0.118 2.227 3.063 
2490 -0.108 0.002 0.118 2.193 3.053 
2491 -0.101 0.001 0.119 2.195 3.044 
2492 -0.042 0.000 0.119 2.212 3.034 
2493 -0.050 0.000 0.119 2.203 3.024 
2494 -0.002 0.000 0.119 2.216 3.015 
2495 0.027 0.000 0.119 2.220 3.005 
2496 0.003 0.000 0.119 2.205 2.996 
2497 -0.003 0.000 0.118 2.197 2.986 
2498 0.053 0.000 0.118 2.211 2.977 
2499 -0.006 0.000 0.118 2.181 2.967 
2500 0.020 0.000 0.118 2.185 2.958 
2501 0.042 0.000 0.119 2.186 2.948 
2502 0.060 -0.000 0.119 2.186 2.939 
2503 0.074 -0.000 0.118 2.185 2.930 
2504 0.044 -0.000 0.118 2.167 2.920 
2505 0.037 -0.000 0.118 2.158 2.911 
2506 0.091 -0.000 0.118 2.171 2.902 
2507 0.031 -0.000 0.118 2.141 2.893 
2508 0.009 -0.000 0.118 2.127 2.883 
2509 0.056 -0.000 0.118 2.138 2.874 
2510 0.040 -0.000 0.118 2.125 2.865 
2511 0.086 -0.001 0.118 2.136 2.856 
2512 0.069 -0.002 0.118 2.122 2.847 
2513 0.115 -0.008 0.118 2.133 2.837 
2514 0.098 -0.023 0.118 2.120 2.827 
2515 0.098 -0.070 0.118 2.113 2.814 
2516 0.107 -0.198 0.118 2.108 2.793 
2517 0.123 -0.480 0.118 2.100 2.756 
2518 0.055 -0.890 0.117 2.052 2.694 
2519 0.055 -1.228 0.117 2.015 2.612 
2520 0.072 -1.400 0.116 1.976 2.520 
2521 -0.033 -1.466 0.116 1.885 2.425 
2522 -0.006 -1.489 0.116 1.836 2.329 
2523 -0.002 -1.496 0.115 1.776 2.232 
2524 -0.063 -1.499 0.114 1.690 2.136 
2525 -0.102 -1.500 0.114 1.609 2.040 
2526 -0.129 -1.500 0.113 1.530 1.944 
2527 -0.147 -1.500 0.113 1.454 1.848 
2528 -0.207 -1.500 0.112 1.360 1.753 
2529 -0.237 -1.500 0.111 1.275 1.658 
2530 -0.254 -1.500 0.111 1.194 1.563 
2531 -0.304 -1.500 0.110 1.098 1.469 
2532 -0.372 -1.500 0.109 0.994 1.375 
2533 -0.395 -1.500 0.109 0.904 1.281 
2534 -0.396 -1.500 0.108 0.820 1.188 
2535 -0.476 -1.500 0.107 0.705 1.095 
2536 -0.457 -1.500 0.106 0.626 1.002 
2537 -0.474 -1.500 0.106 0.532 0.909 
2538 -0.560 -1.500 0.105 0.411 0.817 
2539 -0.538 -1.500 0.105 0.330 0.725 
2540 -0.508 -1.500 0.104 0.251 0.633 
2541 -0.479 -1.500 0.103 0.172 0.542 
2542 -0.494 -1.500 0.103 0.078 0.451 
2543 -0.396 -1.500 0.102 0.027 0.360 
2544 -0.286 -1.500 -0.102 -0.018 0.270 
2545 -0.178 -1.500 -0.103 -0.058 0.179 
2546 -0.222 -1.500 -0.104 -0.151 0.089 
2547 -0.159 -1.500 -0.104 -0.201 -0.000 
2548 -0.086 -1.500 -0.105 -0.245 -0.090 
2549 -0.062 -1.500 -0.105 -0.303 -0.179 
2550 -0.067 -1.500 -0.105 -0.370 -0.267 
2551 0.009 -1.500 -0.106 -0.405 -0.356 
2552 -0.019 -1.500 -0.106 -0.477 -0.444 
2553 -0.009 -1.500 -0.106 -0.533 -0.532 
2554 0.021 -1.500 -0.107 -0.580 -0.620 
2555 0.060 -1.500 -0.107 -0.623 -0.707 
2556 0.055 -1.500 -0.108 -0.681 -0.794 
2557 0.070 -1.500 -0.108 -0.730 -0.881 
2558 0.101 -1.500 -0.108 -0.773 -0.968 
2559 0.084 -1.500 -0.109 -0.832 -1.054 
2560 0.092 -1.500 -0.109 -0.881 -1.140 
2561 0.113 -1.500 -0.109 -0.925 -1.226 
2562 0.094 -1.500 -0.110 -0.983 -1.311 
2563 0.099 -1.500 -0.110 -1.031 -1.397 
2564 0.070 -1.500 -0.111 -1.093 -1.481 
2565 0.118 -1.500 -0.111 -1.126 -1.566 
2566 0.111 -1.500 -0.111 -1.179 -1.651 
2567 0.076 -1.500 -0.112 -1.241 -1.735 
2568 0.120 -1.500 -0.112 -1.275 -1.819 
2569 0.109 -1.500 -0.112 -1.328 -1.902 
2570 0.070 -1.500 -0.113 -1.392 -1.985 
2571 0.065 -1.500 -0.113 -1.444 -2.069 
2572 0.080 -1.500 -0.113 -1.488 -2.151 
2573 0.057 -1.500 -0.114 -1.548 -2.234 
2574 0.058 -1.500 -0.114 -1.598 -2.316 
2575 0.079 -1.500 -0.115 -1.641 -2.398 
2576 0.009 -1.500 -0.115 -1.717 -2.480 
2577 0.039 -1.500 -0.115 -1.758 -2.561 
2578 0.071 -1.499 -0.116 -1.797 -2.643 
2579 0.056 -1.496 -0.116 -1.853 -2.723 
2580 0.110 -1.489 -0.117 -1.883 -2.803 
2581 0.056 -1.466 -0.117 -1.952 -2.882 
2582 0.042 -1.400 -0.117 -2.007 -2.956 
2583 0.052 -1.228 -0.118 -2.053 -3.020 
2584 0.025 -0.890 -0.118 -2.113 -3.063 
2585 0.073 -0.480 -0.118 -2.142 -3.082 
2586 0.109 -0.198 -0.118 -2.164 -3.084 
2587 0.118 -0.070 -0.119 -2.186 -3.079 
2588 0.091 -0.023 -0.119 -2.211 -3.070 
2589 0.128 -0.008 -0.119 -2.204 -3.061 
2590 0.092 -0.002 -0.119 -2.219 -3.051 
2591 0.066 -0.001 -0.119 -2.226 -3.042 
2592 0.050 -0.000 -0.119 -2.228 -3.032 
2593 0.032 -0.000 -0.119 -2.229 -3.022 
2594 0.018 -0.000 -0.119 -2.228 -3.013 
2595 0.002 -0.000 -0.119 -2.228 -3.003 
2596 -0.012 -0.000 -0.119 -2.227 -2.994 
2597 -0.029 -0.000 -0.119 -2.227 -2.984 
2598 0.002 -0.000 -0.119 -2.208 -2.975 
2599 -0.085 -0.000 -0.119 -2.235 -2.965 
2600 -0.086 -0.000 -0.119 -2.228 -2.956 
2601 -0.092 0.000 -0.119 -2.224 -2.946 
2602 -0.062 0.000 -0.119 -2.206 -2.937 
2603 -0.052 0.000 -0.119 -2.195 -2.928 
2604 -0.105 0.000 -0.118 -2.208 -2.919 
2605 -0.046 0.000 -0.118 -2.178 -2.909 
2606 -0.070 0.000 -0.118 -2.181 -2.900 
2607 -0.184 0.000 -0.119 -2.217 -2.891 
2608 -0.063 0.000 -0.118 -2.164 -2.882 
2609 -0.056 0.000 -0.118 -2.156 -2.872 
2610 -0.112 0.000 -0.118 -2.170 -2.863 
