0  0.000  0.000 0.000 0.037
1  0.000  0.000 0.000 0.020
2  0.000  0.000 0.000 0.011
3  -0.000  0.000 0.000 0.006
4  -0.000  0.000 0.000 0.003
5  -0.000  0.000 0.000 0.002
6  -0.000  0.000 0.000 0.001
7  -0.000  0.000 0.000 0.000
8  -0.000  0.000 0.000 0.000
9  -0.000  0.000 0.000 0.000
10  -0.000  0.000 0.000 0.000
11  -0.000  0.001 0.000 0.000
12  -0.000  0.002 0.000 0.000
13  -0.000  0.008 0.000 0.000
14  -0.000  0.023 0.000 0.000
15  -0.001  0.070 0.000 0.001
16  -0.002  0.198 0.000 0.003
17  -0.006  0.480 0.000 0.008
18  -0.017  0.890 0.102 0.020
19  -0.001  1.228 0.103 0.057
20  0.048  1.400 0.103 0.115
21  0.051  1.466 0.104 0.164
22  0.021  1.489 0.104 0.207
23  0.024  1.496 0.104 0.266
24  -0.001  1.499 0.105 0.315
25  0.008  1.500 0.105 0.376
26  -0.016  1.500 0.105 0.426
27  -0.052  1.500 0.106 0.470
28  0.004  1.500 0.106 0.548
29  -0.042  1.500 0.107 0.587
30  -0.038  1.500 0.107 0.645
31  -0.060  1.500 0.108 0.693
32  -0.090  1.500 0.108 0.736
33  -0.077  1.500 0.108 0.794
34  -0.087  1.500 0.109 0.843
35  -0.063  1.500 0.109 0.904
36  -0.070  1.500 0.109 0.954
37  -0.138  1.500 0.110 0.981
38  -0.138  1.500 0.110 1.031
39  -0.152  1.500 0.110 1.075
40  -0.125  1.500 0.111 1.134
41  -0.171  1.500 0.111 1.164
42  -0.113  1.500 0.112 1.234
43  -0.092  1.500 0.112 1.289
44  -0.098  1.500 0.112 1.336
45  -0.068  1.500 0.113 1.396
46  -0.117  1.500 0.113 1.428
47  -0.107  1.500 0.113 1.481
48  -0.070  1.500 0.114 1.543
49  -0.111  1.500 0.114 1.577
50  -0.099  1.500 0.114 1.630
51  -0.106  1.500 0.115 1.677
52  -0.121  1.500 0.115 1.719
53  -0.096  1.500 0.116 1.776
54  -0.095  1.500 0.116 1.824
55  -0.060  1.500 0.116 1.885
56  -0.102  1.500 0.117 1.918
57  -0.045  1.500 0.117 1.988
58  -0.077  1.500 0.117 2.025
59  -0.104  1.500 0.118 2.064
60  -0.085  1.500 0.118 2.119
61  -0.087  1.500 0.119 2.166
62  -0.053  1.500 0.119 2.226
63  -0.051  1.500 0.119 2.276
64  -0.061  1.500 0.119 2.320
65  -0.081  1.500 0.120 2.361
66  -0.057  1.500 0.120 2.418
67  -0.103  1.500 0.121 2.449
68  -0.046  1.500 0.121 2.517
69  -0.073  1.500 0.121 2.555
70  -0.101  1.500 0.122 2.592
71  -0.078  1.500 0.122 2.647
72  -0.076  1.500 0.122 2.694
73  -0.134  1.500 0.123 2.718
74  -0.076  1.500 0.123 2.785
75  -0.054  1.500 0.123 2.839
76  -0.010  1.500 0.124 2.902
77  -0.001  1.500 0.124 2.953
78  -0.013  1.499 0.124 2.998
79  -0.030  1.496 0.125 3.040
80  -0.008  1.489 0.125 3.097
81  -0.007  1.466 0.125 3.146
82  0.024  1.400 0.126 3.207
83  -0.024  1.228 0.126 3.238
84  -0.059  0.890 0.126 3.274
85  0.006  0.480 0.127 3.344
86  -0.020  0.198 0.127 3.366
87  -0.071  0.070 0.127 3.369
88  -0.056  0.023 0.127 3.387
89  -0.049  0.008 0.127 3.393
90  -0.078  0.002 0.127 3.379
91  -0.036  0.001 0.127 3.390
92  -0.049  0.000 0.127 3.376
93  0.005  0.000 0.127 3.388
94  -0.005  0.000 0.127 3.374
95  -0.045  0.000 0.127 3.349
96  -0.001  0.000 0.127 3.355
97  0.033  0.000 0.127 3.357
98  0.012  0.000 0.127 3.339
99  0.060  0.000 0.127 3.347
100  0.096  0.000 0.127 3.350
101  0.080  0.000 0.127 3.334
102  0.130  -0.000 0.127 3.343
103  0.118  -0.000 0.127 3.328
104  0.126  -0.000 0.127 3.322
105  0.094  -0.000 0.127 3.299
106  0.139  -0.000 0.127 3.306
107  0.129  -0.000 0.126 3.291
108  0.135  -0.000 0.127 3.284
109  0.149  -0.000 0.126 3.278
110  0.170  -0.000 0.126 3.276
111  0.146  -0.001 0.126 3.257
112  0.191  -0.002 0.126 3.264
113  0.134  -0.008 0.126 3.232
114  0.168  -0.023 0.126 3.234
115  0.103  -0.070 0.126 3.198
116  0.132  -0.198 0.126 3.197
117  0.117  -0.480 0.125 3.174
118  0.129  -0.890 0.125 3.152
119  0.083  -1.228 0.125 3.094
120  0.076  -1.400 0.124 3.045
121  0.056  -1.466 0.124 2.983
122  0.082  -1.489 0.124 2.933
123  0.127  -1.496 0.123 2.888
124  0.179  -1.499 0.123 2.847
125  0.187  -1.500 0.123 2.790
126  0.166  -1.500 0.122 2.723
127  0.182  -1.500 0.122 2.671
128  0.169  -1.500 0.122 2.608
129  0.184  -1.500 0.121 2.556
130  0.171  -1.500 0.120 2.494
131  0.138  -1.500 0.120 2.425
132  0.195  -1.500 0.119 2.388
133  0.109  -1.500 0.119 2.299
134  0.135  -1.500 0.119 2.250
135  0.085  -1.500 0.118 2.173
136  0.036  -1.500 0.118 2.095
137  0.092  -1.500 0.117 2.055
138  -0.036  -1.500 0.117 1.945
139  -0.024  -1.500 0.116 1.885
140  -0.025  -1.500 0.115 1.820
141  -0.083  -1.500 0.115 1.732
142  -0.078  -1.500 0.114 1.666
143  -0.127  -1.500 0.114 1.579
144  -0.112  -1.500 0.113 1.514
145  -0.201  -1.500 0.112 1.410
146  -0.203  -1.500 0.112 1.337
147  -0.248  -1.500 0.111 1.245
148  -0.270  -1.500 0.110 1.161
149  -0.325  -1.500 0.110 1.063
150  -0.347  -1.500 0.109 0.975
151  -0.394  -1.500 0.108 0.876
152  -0.455  -1.500 0.107 0.770
153  -0.469  -1.500 0.107 0.679
154  -0.507  -1.500 0.106 0.577
155  -0.555  -1.500 0.105 0.470
156  -0.511  -1.500 0.105 0.397
157  -0.564  -1.500 0.104 0.286
158  -0.527  -1.500 0.104 0.211
159  -0.489  -1.500 0.103 0.135
160  -0.456  -1.500 0.103 0.058
161  -0.380  -1.500 0.099 -0.001
162  -0.240  -1.500 -0.103 -0.033
163  -0.212  -1.500 -0.103 -0.102
164  -0.158  -1.500 -0.104 -0.157
165  -0.137  -1.500 -0.104 -0.221
166  -0.090  -1.500 -0.104 -0.273
167  -0.080  -1.500 -0.105 -0.336
168  -0.044  -1.500 -0.105 -0.388
169  0.005  -1.500 -0.106 -0.432
170  0.007  -1.500 -0.106 -0.492
171  0.036  -1.500 -0.107 -0.540
172  0.024  -1.500 -0.107 -0.602
173  0.040  -1.500 -0.107 -0.653
174  0.025  -1.500 -0.108 -0.714
175  0.039  -1.500 -0.108 -0.765
176  0.066  -1.500 -0.108 -0.810
177  0.055  -1.500 -0.109 -0.868
178  0.065  -1.499 -0.109 -0.918
179  0.091  -1.496 -0.110 -0.961
180  0.072  -1.489 -0.110 -1.021
181  0.034  -1.466 -0.110 -1.087
182  0.083  -1.400 -0.111 -1.122
183  0.029  -1.228 -0.111 -1.194
184  0.115  -0.890 -0.112 -1.214
185  0.034  -0.480 -0.112 -1.296
186  0.054  -0.198 -0.112 -1.325
187  0.020  -0.070 -0.112 -1.366
188  0.165  -0.023 -0.112 -1.329
189  0.095  -0.008 -0.112 -1.367
190  0.056  -0.002 -0.113 -1.384
191  0.083  -0.001 -0.112 -1.374
192  0.045  -0.000 -0.113 -1.387
193  0.070  -0.000 -0.112 -1.375
194  0.027  -0.000 -0.113 -1.388
195  0.051  -0.000 -0.113 -1.374
196  0.057  -0.000 -0.113 -1.369
197  0.006  -0.000 -0.113 -1.384
198  0.024  -0.000 -0.113 -1.372
199  -0.064  -0.000 -0.112 -1.402
200  -0.016  -0.000 -0.113 -1.379
201  0.002  0.000 -0.112 -1.369
202  -0.043  0.000 -0.113 -1.382
203  -0.024  0.000 -0.113 -1.370
204  -0.018  0.000 -0.113 -1.364
205  -0.068  0.000 -0.113 -1.379
206  -0.048  0.000 -0.112 -1.366
207  -0.045  0.000 -0.112 -1.361
208  -0.049  0.000 -0.112 -1.359
209  -0.057  0.000 -0.112 -1.357
210  -0.065  0.000 -0.112 -1.356
211  -0.074  0.001 -0.112 -1.355
212  -0.037  0.002 -0.112 -1.337
213  -0.071  0.008 -0.112 -1.346
214  -0.047  0.023 -0.112 -1.332
215  -0.084  0.070 -0.112 -1.341
216  -0.114  0.198 -0.112 -1.345
217  -0.086  0.480 -0.112 -1.324
218  -0.040  0.890 -0.112 -1.287
219  -0.003  1.228 -0.111 -1.237
220  0.051  1.400 -0.110 -1.174
221  0.138  1.466 -0.110 -1.087
222  0.189  1.489 -0.110 -1.007
223  0.218  1.496 -0.109 -0.928
224  0.328  1.499 -0.108 -0.815
225  0.380  1.500 -0.107 -0.720
226  0.396  1.500 -0.107 -0.634
227  0.393  1.500 -0.106 -0.553
228  0.472  1.500 -0.105 -0.440
229  0.501  1.500 -0.105 -0.343
230  0.495  1.500 -0.104 -0.258
231  0.477  1.500 -0.103 -0.176
232  0.453  1.500 -0.103 -0.097
233  0.376  1.500 -0.103 -0.038
234  0.283  1.500 0.103 0.012
235  0.190  1.500 0.103 0.057
236  0.142  1.500 0.104 0.114
237  0.173  1.500 0.104 0.198
238  0.152  1.500 0.104 0.261
239  0.058  1.500 0.105 0.294
240  0.116  1.500 0.105 0.382
241  0.023  1.500 0.106 0.412
242  0.037  1.500 0.106 0.481
243  -0.026  1.500 0.106 0.518
244  -0.040  1.500 0.107 0.572
245  -0.067  1.500 0.107 0.619
246  -0.007  1.500 0.107 0.697
247  -0.047  1.500 0.108 0.738
248  -0.088  1.500 0.108 0.778
249  -0.080  1.500 0.109 0.834
250  -0.049  1.500 0.109 0.899
251  -0.049  1.500 0.109 0.952
252  -0.071  1.500 0.110 0.997
253  -0.053  1.500 0.110 1.057
254  -0.062  1.500 0.111 1.106
255  -0.040  1.500 0.111 1.167
256  -0.044  1.500 0.111 1.219
257  -0.067  1.500 0.112 1.263
258  -0.047  1.500 0.112 1.323
259  -0.103  1.500 0.113 1.354
260  -0.102  1.500 0.113 1.405
261  -0.113  1.500 0.113 1.451
262  -0.087  1.500 0.114 1.510
263  -0.040  1.500 0.114 1.577
264  -0.126  1.500 0.114 1.595
265  -0.089  1.500 0.115 1.658
266  -0.085  1.500 0.115 1.708
267  -0.094  1.500 0.115 1.753
268  -0.068  1.500 0.116 1.812
269  -0.114  1.500 0.116 1.844
270  -0.057  1.500 0.117 1.913
271  -0.087  1.500 0.117 1.951
272  -0.072  1.500 0.117 2.005
273  -0.074  1.500 0.117 2.053
274  -0.091  1.500 0.118 2.095
275  -0.065  1.500 0.118 2.153
276  -0.064  1.500 0.119 2.202
277  0.014  1.500 0.119 2.280
278  -0.055  1.499 0.120 2.304
279  -0.057  1.496 0.120 2.353
280  -0.073  1.489 0.120 2.397
281  -0.096  1.466 0.120 2.436
282  -0.069  1.400 0.121 2.494
283  -0.113  1.228 0.121 2.525
284  -0.054  0.890 0.121 2.593
285  -0.081  0.480 0.122 2.628
286  -0.101  0.198 0.122 2.653
287  -0.061  0.070 0.122 2.692
288  -0.146  0.023 0.122 2.673
289  -0.140  0.008 0.122 2.681
290  -0.081  0.002 0.122 2.703
291  -0.044  0.001 0.122 2.712
292  -0.068  0.000 0.122 2.698
293  0.025  0.000 0.122 2.727
294  0.033  0.000 0.122 2.722
295  -0.049  0.000 0.122 2.683
296  0.016  0.000 0.122 2.701
297  0.013  0.000 0.122 2.690
298  0.064  0.000 0.122 2.702
299  0.100  0.000 0.122 2.707
300  0.035  0.000 0.122 2.674
301  0.055  0.000 0.122 2.675
302  0.080  -0.000 0.122 2.675
303  0.101  -0.000 0.122 2.675
304  0.074  -0.000 0.122 2.656
305  0.117  -0.000 0.122 2.665
306  0.102  -0.000 0.122 2.650
307  0.103  -0.000 0.122 2.643
308  0.115  -0.000 0.122 2.639
309  0.130  -0.000 0.122 2.636
310  0.101  -0.000 0.122 2.617
311  0.099  -0.001 0.121 2.608
312  0.061  -0.002 0.121 2.585
313  0.099  -0.008 0.121 2.592
314  0.082  -0.023 0.121 2.576
315  0.086  -0.070 0.121 2.569
316  0.097  -0.198 0.121 2.562
317  0.071  -0.480 0.121 2.538
318  0.029  -0.890 0.121 2.498
319  0.047  -1.228 0.121 2.465
320  0.070  -1.400 0.120 2.428
321  0.017  -1.466 0.120 2.355
322  0.069  -1.489 0.119 2.316
323  0.036  -1.496 0.119 2.242
324  0.049  -1.499 0.118 2.185
325  0.044  -1.500 0.118 2.120
326  0.024  -1.500 0.117 2.050
327  0.046  -1.500 0.117 1.994
328  -0.049  -1.500 0.116 1.895
329  -0.016  -1.500 0.116 1.842
330  -0.055  -1.500 0.115 1.761
331  -0.041  -1.500 0.114 1.699
332  -0.043  -1.500 0.114 1.632
333  -0.098  -1.500 0.113 1.544
334  -0.184  -1.500 0.113 1.443
335  -0.136  -1.500 0.112 1.389
336  -0.253  -1.500 0.111 1.273
337  -0.315  -1.500 0.111 1.175
338  -0.339  -1.500 0.110 1.088
339  -0.387  -1.500 0.109 0.989
340  -0.402  -1.500 0.108 0.901
341  -0.446  -1.500 0.108 0.800
342  -0.497  -1.500 0.107 0.695
343  -0.503  -1.500 0.106 0.604
344  -0.493  -1.500 0.106 0.518
345  -0.512  -1.500 0.105 0.421
346  -0.504  -1.500 0.104 0.334
347  -0.529  -1.500 0.104 0.235
348  -0.476  -1.500 0.104 0.165
349  -0.389  -1.500 0.103 0.109
350  -0.334  -1.500 0.103 0.044
351  -0.254  -1.500 0.099 -0.009
352  -0.166  -1.500 -0.103 -0.054
353  -0.082  -1.500 -0.104 -0.096
354  -0.096  -1.500 -0.104 -0.171
355  -0.024  -1.500 -0.104 -0.211
356  -0.008  -1.500 -0.104 -0.269
357  0.031  -1.500 -0.105 -0.315
358  0.075  -1.500 -0.105 -0.358
359  0.115  -1.500 -0.106 -0.399
360  0.106  -1.500 -0.106 -0.457
361  0.121  -1.500 -0.106 -0.504
362  0.097  -1.500 -0.107 -0.565
363  0.104  -1.500 -0.107 -0.614
364  0.121  -1.500 -0.107 -0.659
365  0.148  -1.500 -0.108 -0.700
366  0.126  -1.500 -0.108 -0.758
367  0.086  -1.500 -0.108 -0.823
368  0.126  -1.500 -0.109 -0.858
369  0.068  -1.500 -0.109 -0.930
370  0.101  -1.500 -0.110 -0.969
371  0.092  -1.500 -0.110 -1.023
372  0.054  -1.500 -0.111 -1.088
373  0.051  -1.500 -0.111 -1.141
374  0.068  -1.500 -0.111 -1.187
375  0.049  -1.500 -0.112 -1.246
376  0.057  -1.500 -0.112 -1.295
377  0.078  -1.500 -0.112 -1.339
378  0.058  -1.499 -0.113 -1.398
379  0.064  -1.496 -0.113 -1.447
380  0.039  -1.489 -0.114 -1.508
381  0.043  -1.466 -0.114 -1.558
382  0.062  -1.400 -0.114 -1.602
383  0.044  -1.228 -0.115 -1.661
384  0.092  -0.890 -0.115 -1.694
385  0.089  -0.480 -0.115 -1.744
386  0.051  -0.198 -0.116 -1.794
387  0.081  -0.070 -0.116 -1.809
388  0.065  -0.023 -0.116 -1.833
389  0.103  -0.008 -0.116 -1.826
390  0.122  -0.002 -0.116 -1.822
391  0.072  -0.001 -0.116 -1.839
392  0.091  -0.000 -0.116 -1.829
393  0.092  -0.000 -0.116 -1.824
394  0.040  -0.000 -0.116 -1.839
395  0.058  -0.000 -0.116 -1.826
396  0.012  -0.000 -0.116 -1.839
397  -0.019  -0.000 -0.116 -1.845
398  0.010  -0.000 -0.116 -1.828
399  0.017  -0.000 -0.116 -1.821
400  -0.078  -0.000 -0.116 -1.851
401  -0.042  0.000 -0.116 -1.831
402  -0.073  0.000 -0.116 -1.838
403  -0.049  0.000 -0.116 -1.823
404  -0.044  0.000 -0.116 -1.816
405  -0.096  0.000 -0.116 -1.830
406  -0.083  0.000 -0.116 -1.819
407  -0.127  0.000 -0.116 -1.830
408  -0.061  0.000 -0.116 -1.800
409  -0.083  0.000 -0.116 -1.803
410  -0.103  0.000 -0.116 -1.804
411  -0.120  0.001 -0.116 -1.805
412  -0.086  0.002 -0.116 -1.786
413  -0.076  0.008 -0.116 -1.777
414  -0.127  0.023 -0.115 -1.790
415  -0.067  0.070 -0.115 -1.761
416  -0.090  0.198 -0.115 -1.762
417  -0.069  0.480 -0.115 -1.741
418  -0.026  0.890 -0.115 -1.703
419  -0.040  1.228 -0.114 -1.672
420  0.034  1.400 -0.114 -1.599
421  0.087  1.466 -0.114 -1.526
422  0.079  1.489 -0.113 -1.469
423  0.127  1.496 -0.112 -1.386
424  0.205  1.499 -0.111 -1.288
425  0.201  1.500 -0.111 -1.218
426  0.291  1.500 -0.110 -1.111
427  0.380  1.500 -0.109 -1.001
428  0.368  1.500 -0.109 -0.925
429  0.442  1.500 -0.108 -0.815
430  0.469  1.500 -0.107 -0.719
431  0.465  1.500 -0.106 -0.634
432  0.493  1.500 -0.106 -0.535
433  0.538  1.500 -0.105 -0.429
434  0.585  1.500 -0.104 -0.322
435  0.540  1.500 -0.104 -0.249
436  0.503  1.500 -0.103 -0.172
437  0.470  1.500 -0.103 -0.095
438  0.390  1.500 -0.103 -0.037
439  0.294  1.500 0.102 0.012
440  0.198  1.500 0.103 0.057
441  0.195  1.500 0.104 0.132
442  0.153  1.500 0.104 0.190
443  0.141  1.500 0.104 0.257
444  0.052  1.500 0.105 0.292
445  0.069  1.500 0.105 0.364
446  -0.001  1.500 0.106 0.402
447  0.031  1.500 0.106 0.475
448  -0.026  1.500 0.106 0.514
449  0.015  1.500 0.107 0.588
450  0.011  1.500 0.107 0.645
451  -0.015  1.500 0.108 0.694
452  -0.054  1.500 0.108 0.736
453  -0.048  1.500 0.108 0.794
454  -0.017  1.500 0.109 0.861
455  -0.025  1.500 0.109 0.913
456  -0.004  1.500 0.109 0.976
457  -0.061  1.500 0.110 1.010
458  -0.063  1.500 0.110 1.064
459  -0.081  1.500 0.111 1.110
460  -0.061  1.500 0.111 1.170
461  -0.114  1.500 0.111 1.202
462  -0.111  1.500 0.112 1.254
463  -0.123  1.500 0.112 1.299
464  -0.095  1.500 0.112 1.359
465  -0.141  1.500 0.113 1.391
466  -0.085  1.500 0.113 1.460
467  -0.067  1.500 0.114 1.516
468  -0.122  1.500 0.114 1.545
469  -0.070  1.500 0.115 1.613
470  -0.057  1.500 0.115 1.667
471  -0.068  1.500 0.115 1.713
472  -0.040  1.500 0.116 1.774
473  -0.043  1.500 0.116 1.823
474  -0.061  1.500 0.116 1.867
475  -0.085  1.500 0.116 1.908
476  -0.067  1.500 0.117 1.965
477  -0.068  1.500 0.117 2.014
478  -0.085  1.499 0.118 2.057
479  -0.059  1.496 0.118 2.115
480  -0.106  1.489 0.118 2.146
481  -0.095  1.466 0.119 2.198
482  -0.055  1.400 0.119 2.260
483  -0.092  1.228 0.119 2.295
484  -0.078  0.890 0.120 2.347
485  -0.082  0.480 0.120 2.392
486  -0.094  0.198 0.120 2.421
487  -0.093  0.070 0.120 2.445
488  -0.154  0.023 0.120 2.437
489  -0.136  0.008 0.120 2.450
490  -0.075  0.002 0.121 2.473
491  -0.084  0.001 0.121 2.466
492  -0.034  0.000 0.121 2.481
493  0.043  0.000 0.121 2.503
494  -0.007  0.000 0.121 2.478
495  -0.018  0.000 0.121 2.468
496  0.029  0.000 0.120 2.478
497  0.064  0.000 0.121 2.483
498  0.041  0.000 0.121 2.467
499  0.085  0.000 0.121 2.477
500  0.114  0.000 0.121 2.480
501  0.091  0.000 0.121 2.464
502  0.086  -0.000 0.121 2.455
503  0.097  -0.000 0.120 2.452
504  0.111  -0.000 0.120 2.449
505  0.127  -0.000 0.120 2.448
506  0.048  -0.000 0.120 2.410
507  0.118  -0.000 0.120 2.429
508  0.111  -0.000 0.120 2.418
509  0.117  -0.000 0.120 2.413
510  0.083  -0.000 0.120 2.393
511  0.076  -0.001 0.120 2.383
512  0.086  -0.002 0.120 2.379
513  0.051  -0.008 0.120 2.358
514  0.088  -0.023 0.120 2.364
515  0.074  -0.070 0.120 2.350
516  0.120  -0.198 0.119 2.358
517  0.062  -0.480 0.119 2.322
518  0.054  -0.890 0.119 2.296
519  0.084  -1.228 0.119 2.268
520  0.017  -1.400 0.118 2.199
521  -0.029  -1.466 0.118 2.128
522  -0.020  -1.489 0.117 2.071
523  -0.026  -1.496 0.117 2.006
524  0.009  -1.499 0.116 1.954
525  -0.032  -1.500 0.116 1.873
526  -0.018  -1.500 0.115 1.812
527  -0.067  -1.500 0.115 1.728
528  -0.058  -1.500 0.114 1.664
529  -0.105  -1.500 0.114 1.578
530  -0.139  -1.500 0.113 1.496
531  -0.206  -1.500 0.112 1.400
532  -0.195  -1.500 0.112 1.331
533  -0.188  -1.500 0.111 1.260
534  -0.235  -1.500 0.110 1.168
535  -0.303  -1.500 0.110 1.067
536  -0.332  -1.500 0.109 0.978
537  -0.389  -1.500 0.108 0.877
538  -0.450  -1.500 0.107 0.771
539  -0.469  -1.500 0.107 0.678
540  -0.508  -1.500 0.106 0.577
541  -0.508  -1.500 0.105 0.488
542  -0.583  -1.500 0.105 0.370
543  -0.554  -1.500 0.104 0.291
544  -0.567  -1.500 0.104 0.196
545  -0.509  -1.500 0.103 0.128
546  -0.468  -1.500 0.103 0.054
547  -0.386  -1.500 0.090 -0.003
548  -0.286  -1.500 -0.103 -0.051
549  -0.234  -1.500 -0.103 -0.112
550  -0.209  -1.500 -0.104 -0.179
551  -0.154  -1.500 -0.104 -0.233
552  -0.135  -1.500 -0.105 -0.297
553  -0.137  -1.500 -0.105 -0.367
554  -0.101  -1.500 -0.106 -0.421
555  -0.052  -1.500 -0.106 -0.468
556  -0.040  -1.500 -0.107 -0.527
557  -0.011  -1.500 -0.107 -0.578
558  -0.013  -1.500 -0.107 -0.639
559  0.008  -1.500 -0.108 -0.690
560  0.045  -1.500 -0.108 -0.734
561  0.038  -1.500 -0.109 -0.793
562  0.057  -1.500 -0.109 -0.842
563  -0.010  -1.500 -0.109 -0.921
564  0.027  -1.500 -0.110 -0.963
565  0.020  -1.500 -0.110 -1.021
566  0.035  -1.500 -0.110 -1.070
567  0.067  -1.500 -0.111 -1.113
568  0.052  -1.500 -0.111 -1.172
569  0.016  -1.500 -0.111 -1.238
570  0.065  -1.500 -0.112 -1.273
571  0.062  -1.500 -0.112 -1.327
572  0.076  -1.500 -0.113 -1.374
573  0.099  -1.500 -0.113 -1.417
574  0.081  -1.500 -0.113 -1.474
575  0.039  -1.500 -0.114 -1.540
576  0.034  -1.500 -0.114 -1.593
577  0.095  -1.500 -0.115 -1.621
578  0.048  -1.499 -0.115 -1.689
579  0.085  -1.496 -0.115 -1.726
580  0.121  -1.489 -0.116 -1.762
581  0.104  -1.466 -0.116 -1.817
582  0.060  -1.400 -0.116 -1.881
583  0.097  -1.228 -0.117 -1.916
584  0.083  -0.890 -0.117 -1.970
585  0.089  -0.480 -0.117 -2.015
586  0.058  -0.198 -0.118 -2.061
587  0.084  -0.070 -0.118 -2.076
588  0.114  -0.023 -0.118 -2.080
589  0.082  -0.008 -0.118 -2.100
590  0.062  -0.002 -0.118 -2.109
591  0.046  -0.001 -0.118 -2.113
592  0.076  -0.000 -0.118 -2.098
593  0.038  -0.000 -0.118 -2.107
594  0.012  -0.000 -0.118 -2.111
595  -0.008  -0.000 -0.118 -2.113
596  -0.024  -0.000 -0.118 -2.113
597  -0.039  -0.000 -0.118 -2.112
598  -0.053  -0.000 -0.118 -2.111
599  -0.068  -0.000 -0.118 -2.110
600  -0.082  -0.000 -0.118 -2.110
601  -0.143  0.000 -0.118 -2.126
602  0.007  0.000 -0.118 -2.063
603  -0.115  0.000 -0.118 -2.104
604  -0.095  0.000 -0.118 -2.088
605  -0.087  0.000 -0.118 -2.079
606  -0.045  0.000 -0.118 -2.057
607  -0.084  0.000 -0.118 -2.065
608  -0.062  0.000 -0.117 -2.049
609  -0.105  0.000 -0.118 -2.059
610  -0.087  0.000 -0.118 -2.046
611  -0.085  0.001 -0.118 -2.039
612  -0.095  0.002 -0.118 -2.036
613  -0.106  0.008 -0.117 -2.034
614  -0.118  0.023 -0.117 -2.032
615  -0.088  0.070 -0.117 -2.013
616  -0.080  0.198 -0.117 -2.001
617  -0.045  0.480 -0.117 -1.975
618  -0.046  0.890 -0.117 -1.953
619  -0.031  1.228 -0.116 -1.909
620  0.009  1.400 -0.116 -1.849
621  0.043  1.466 -0.115 -1.783
622  0.074  1.489 -0.115 -1.711
623  0.094  1.496 -0.114 -1.639
624  0.070  1.499 -0.114 -1.581
625  0.155  1.500 -0.113 -1.481
626  0.112  1.500 -0.112 -1.427
627  0.185  1.500 -0.112 -1.329
628  0.228  1.500 -0.111 -1.240
629  0.294  1.500 -0.110 -1.141
630  0.370  1.500 -0.110 -1.034
631  0.398  1.500 -0.109 -0.943
632  0.403  1.500 -0.108 -0.858
633  0.436  1.500 -0.107 -0.761
634  0.488  1.500 -0.107 -0.655
635  0.540  1.500 -0.106 -0.548
636  0.549  1.500 -0.105 -0.455
637  0.532  1.500 -0.105 -0.371
638  0.553  1.500 -0.104 -0.273
639  0.544  1.500 -0.104 -0.186
640  0.478  1.500 -0.103 -0.121
641  0.429  1.500 -0.103 -0.051
642  0.347  1.500 -0.099 0.005
643  0.205  1.500 0.103 0.035
644  0.179  1.500 0.103 0.103
645  0.129  1.500 0.104 0.158
646  0.111  1.500 0.104 0.221
647  0.069  1.500 0.105 0.273
648  0.060  1.500 0.105 0.335
649  0.077  1.500 0.106 0.406
650  0.005  1.500 0.106 0.442
651  -0.015  1.500 0.106 0.495
652  0.003  1.500 0.106 0.561
653  -0.061  1.500 0.107 0.596
654  -0.024  1.500 0.107 0.666
655  -0.072  1.500 0.108 0.704
656  -0.067  1.500 0.108 0.760
657  -0.042  1.500 0.109 0.824
658  -0.092  1.500 0.109 0.859
659  -0.089  1.500 0.109 0.913
660  -0.105  1.500 0.109 0.959
661  -0.127  1.500 0.110 1.002
662  -0.107  1.500 0.110 1.059
663  -0.111  1.500 0.111 1.108
664  -0.083  1.500 0.111 1.168
665  -0.130  1.500 0.111 1.200
666  -0.119  1.500 0.112 1.254
667  -0.081  1.500 0.112 1.317
668  -0.123  1.500 0.112 1.351
669  -0.111  1.500 0.113 1.404
670  -0.073  1.500 0.113 1.467
671  -0.065  1.500 0.113 1.519
672  -0.126  1.500 0.114 1.547
673  -0.123  1.500 0.114 1.596
674  -0.088  1.500 0.115 1.657
675  -0.081  1.500 0.115 1.709
676  -0.044  1.500 0.116 1.771
677  -0.043  1.500 0.116 1.822
678  -0.058  1.499 0.116 1.866
679  -0.081  1.496 0.117 1.908
680  -0.063  1.489 0.117 1.965
681  -0.064  1.466 0.117 2.014
682  -0.035  1.400 0.118 2.074
683  -0.081  1.228 0.118 2.107
684  -0.072  0.890 0.118 2.159
685  -0.033  0.480 0.119 2.222
686  -0.075  0.198 0.119 2.240
687  -0.088  0.070 0.119 2.260
688  -0.110  0.023 0.119 2.267
689  -0.075  0.008 0.119 2.287
690  -0.050  0.002 0.119 2.297
691  -0.078  0.001 0.119 2.284
692  0.005  0.000 0.119 2.311
693  -0.082  0.000 0.119 2.272
694  0.023  0.000 0.119 2.307
695  -0.012  0.000 0.119 2.286
696  0.023  0.000 0.119 2.293
697  0.006  0.000 0.119 2.280
698  0.003  0.000 0.119 2.272
699  0.057  0.000 0.119 2.285
700  0.049  0.000 0.119 2.275
701  0.048  0.000 0.119 2.268
702  0.056  -0.000 0.119 2.264
703  0.022  -0.000 0.119 2.244
704  0.064  -0.000 0.119 2.253
705  0.091  -0.000 0.119 2.256
706  0.022  -0.000 0.119 2.223
707  0.040  -0.000 0.118 2.223
708  0.015  -0.000 0.119 2.206
709  0.102  -0.000 0.119 2.232
710  0.107  -0.000 0.119 2.227
711  0.115  -0.001 0.119 2.223
712  0.078  -0.002 0.119 2.203
713  0.118  -0.008 0.119 2.212
714  0.098  -0.023 0.119 2.196
715  0.101  -0.070 0.119 2.190
716  0.108  -0.198 0.118 2.183
717  0.078  -0.480 0.118 2.159
718  0.083  -0.890 0.118 2.137
719  0.072  -1.228 0.118 2.095
720  0.032  -1.400 0.117 2.036
721  -0.003  -1.466 0.117 1.970
722  -0.034  -1.489 0.116 1.900
723  -0.062  -1.496 0.116 1.826
724  -0.083  -1.499 0.115 1.753
725  -0.058  -1.500 0.114 1.695
726  -0.144  -1.500 0.114 1.594
727  -0.099  -1.500 0.113 1.541
728  -0.131  -1.500 0.112 1.459
729  -0.198  -1.500 0.112 1.363
730  -0.188  -1.500 0.111 1.294
731  -0.228  -1.500 0.111 1.204
732  -0.296  -1.500 0.110 1.104
733  -0.371  -1.500 0.109 0.998
734  -0.403  -1.500 0.109 0.905
735  -0.452  -1.500 0.108 0.803
736  -0.507  -1.500 0.107 0.696
737  -0.517  -1.500 0.106 0.604
738  -0.550  -1.500 0.106 0.502
739  -0.547  -1.500 0.105 0.413
740  -0.571  -1.500 0.104 0.314
741  -0.517  -1.500 0.104 0.244
742  -0.523  -1.500 0.103 0.151
743  -0.462  -1.500 0.103 0.085
744  -0.418  -1.500 0.102 0.014
745  -0.292  -1.500 -0.103 -0.025
746  -0.224  -1.500 -0.103 -0.081
747  -0.190  -1.500 -0.104 -0.145
748  -0.135  -1.500 -0.104 -0.198
749  -0.159  -1.500 -0.105 -0.277
750  -0.091  -1.500 -0.105 -0.321
751  -0.114  -1.500 -0.105 -0.396
752  -0.095  -1.500 -0.106 -0.455
753  -0.052  -1.500 -0.106 -0.504
754  -0.048  -1.500 -0.107 -0.565
755  -0.015  -1.500 -0.107 -0.614
756  0.024  -1.500 -0.107 -0.659
757  0.023  -1.500 -0.108 -0.718
758  -0.003  -1.500 -0.108 -0.784
759  0.053  -1.500 -0.109 -0.820
760  0.056  -1.500 -0.109 -0.875
761  0.030  -1.500 -0.109 -0.939
762  0.038  -1.500 -0.110 -0.990
763  0.062  -1.500 -0.110 -1.035
764  0.093  -1.500 -0.110 -1.077
765  0.031  -1.500 -0.111 -1.153
766  0.064  -1.500 -0.111 -1.193
767  0.101  -1.500 -0.111 -1.231
768  0.088  -1.500 -0.112 -1.287
769  0.096  -1.500 -0.112 -1.335
770  0.114  -1.500 -0.113 -1.378
771  0.137  -1.500 -0.113 -1.419
772  0.069  -1.500 -0.113 -1.493
773  0.092  -1.500 -0.114 -1.533
774  0.074  -1.500 -0.114 -1.589
775  0.081  -1.500 -0.115 -1.636
776  0.003  -1.500 -0.115 -1.715
777  0.030  -1.500 -0.115 -1.756
778  0.012  -1.499 -0.116 -1.815
779  0.024  -1.496 -0.116 -1.863
780  0.096  -1.489 -0.116 -1.887
781  0.097  -1.466 -0.117 -1.937
782  0.063  -1.400 -0.117 -1.999
783  0.015  -1.228 -0.118 -2.066
784  0.052  -0.890 -0.118 -2.102
785  0.040  -0.480 -0.118 -2.155
786  0.046  -0.198 -0.118 -2.188
787  0.093  -0.070 -0.118 -2.195
788  0.128  -0.023 -0.119 -2.198
789  0.144  -0.008 -0.119 -2.199
790  0.145  -0.002 -0.119 -2.199
791  0.093  -0.001 -0.119 -2.216
792  0.058  -0.000 -0.119 -2.224
793  0.036  -0.000 -0.119 -2.227
794  0.020  -0.000 -0.119 -2.228
795  -0.090  -0.000 -0.119 -2.263
796  -0.054  -0.000 -0.119 -2.243
797  0.002  -0.000 -0.119 -2.216
798  -0.028  -0.000 -0.119 -2.221
799  -0.051  -0.000 -0.119 -2.222
800  -0.071  -0.000 -0.119 -2.223
801  -0.086  0.000 -0.119 -2.222
802  -0.057  0.000 -0.119 -2.204
803  -0.144  0.000 -0.119 -2.231
804  -0.055  0.000 -0.119 -2.189
805  -0.063  0.000 -0.119 -2.186
806  -0.128  0.000 -0.118 -2.203
807  -0.026  0.000 -0.118 -2.157
808  -0.079  0.000 -0.118 -2.171
809  -0.068  0.000 -0.118 -2.159
810  -0.070  0.000 -0.118 -2.153
811  -0.124  0.001 -0.118 -2.167
812  -0.067  0.002 -0.118 -2.138
813  -0.095  0.008 -0.118 -2.143
814  -0.115  0.023 -0.118 -2.142
815  -0.133  0.070 -0.118 -2.142
816  -0.058  0.198 -0.118 -2.105
817  -0.127  0.480 -0.118 -2.118
818  -0.087  0.890 -0.118 -2.079
819  -0.101  1.228 -0.117 -2.047
820  -0.025  1.400 -0.117 -1.975
821  -0.018  1.466 -0.116 -1.920
822  0.047  1.489 -0.116 -1.837
823  0.044  1.496 -0.115 -1.775
824  0.098  1.499 -0.115 -1.690
825  0.086  1.500 -0.114 -1.627
826  0.134  1.500 -0.113 -1.540
827  0.162  1.500 -0.113 -1.459
828  0.180  1.500 -0.112 -1.381
829  0.236  1.500 -0.111 -1.286
830  0.313  1.500 -0.110 -1.182
831  0.345  1.500 -0.110 -1.092
832  0.399  1.500 -0.109 -0.991
833  0.460  1.500 -0.108 -0.884
834  0.476  1.500 -0.108 -0.792
835  0.512  1.500 -0.107 -0.690
836  0.511  1.500 -0.106 -0.601
837  0.537  1.500 -0.106 -0.501
838  0.535  1.500 -0.105 -0.412
839  0.509  1.500 -0.104 -0.331
840  0.529  1.500 -0.104 -0.233
841  0.475  1.500 -0.103 -0.163
842  0.431  1.500 -0.103 -0.091
843  0.397  1.500 -0.102 -0.017
844  0.278  1.500 -0.090 0.023
845  0.121  1.500 0.103 0.044
846  0.139  1.500 0.103 0.126
847  0.116  1.500 0.104 0.187
848  0.114  1.500 0.104 0.255
849  0.032  1.500 0.105 0.291
850  0.006  1.500 0.105 0.345
851  -0.031  1.500 0.105 0.392
852  -0.076  1.500 0.106 0.435
853  -0.070  1.500 0.106 0.493
854  -0.088  1.500 0.106 0.542
855  -0.118  1.500 0.107 0.584
856  -0.101  1.500 0.107 0.643
857  -0.110  1.500 0.108 0.692
858  -0.128  1.500 0.108 0.736
859  -0.110  1.500 0.108 0.793
860  -0.111  1.500 0.109 0.843
861  -0.131  1.500 0.109 0.886
862  -0.106  1.500 0.109 0.945
863  -0.064  1.500 0.110 1.011
864  -0.059  1.500 0.110 1.064
865  -0.120  1.500 0.111 1.093
866  -0.073  1.500 0.111 1.161
867  -0.067  1.500 0.111 1.214
868  -0.080  1.500 0.112 1.260
869  -0.147  1.500 0.112 1.286
870  -0.152  1.500 0.112 1.333
871  -0.115  1.500 0.113 1.395
872  -0.062  1.500 0.113 1.463
873  -0.052  1.500 0.113 1.516
874  -0.063  1.500 0.114 1.563
875  -0.038  1.500 0.114 1.623
876  -0.088  1.500 0.115 1.655
877  -0.036  1.500 0.115 1.725
878  -0.073  1.499 0.115 1.762
879  -0.061  1.496 0.116 1.817
880  -0.069  1.489 0.116 1.864
881  -0.088  1.466 0.116 1.907
882  -0.063  1.400 0.117 1.965
883  -0.067  1.228 0.117 2.013
884  -0.082  0.890 0.118 2.056
885  -0.056  0.480 0.118 2.114
886  -0.100  0.198 0.118 2.132
887  -0.071  0.070 0.118 2.168
888  -0.075  0.023 0.118 2.181
889  -0.124  0.008 0.118 2.171
890  -0.094  0.002 0.118 2.183
891  -0.074  0.001 0.118 2.188
892  -0.053  0.000 0.118 2.192
893  -0.040  0.000 0.119 2.192
894  0.022  0.000 0.119 2.209
895  0.012  0.000 0.118 2.199
896  -0.032  0.000 0.119 2.177
897  0.046  0.000 0.118 2.200
898  0.002  0.000 0.119 2.176
899  0.034  0.000 0.118 2.182
900  0.012  0.000 0.118 2.167
901  0.007  0.000 0.118 2.158
902  0.062  -0.000 0.118 2.172
903  0.096  -0.000 0.118 2.178
904  0.026  -0.000 0.118 2.145
905  0.049  -0.000 0.118 2.148
906  0.019  -0.000 0.118 2.129
907  0.062  -0.000 0.118 2.139
908  0.044  -0.000 0.118 2.125
909  0.089  -0.000 0.118 2.136
910  0.072  -0.000 0.118 2.122
911  0.117  -0.001 0.118 2.133
912  0.100  -0.002 0.118 2.120
913  0.099  -0.008 0.118 2.114
914  0.108  -0.023 0.118 2.110
915  0.074  -0.070 0.118 2.090
916  0.113  -0.198 0.118 2.096
917  0.100  -0.480 0.118 2.077
918  0.108  -0.890 0.117 2.058
919  0.052  -1.228 0.117 1.999
920  -0.007  -1.400 0.116 1.932
921  -0.052  -1.466 0.116 1.862
922  0.008  -1.489 0.115 1.824
923  -0.066  -1.496 0.115 1.733
924  -0.111  -1.499 0.114 1.651
925  -0.099  -1.500 0.114 1.587
926  -0.141  -1.500 0.113 1.502
927  -0.215  -1.500 0.113 1.404
928  -0.160  -1.500 0.112 1.351
929  -0.228  -1.500 0.111 1.252
930  -0.307  -1.500 0.110 1.147
931  -0.297  -1.500 0.110 1.073
932  -0.377  -1.500 0.109 0.964
933  -0.362  -1.500 0.108 0.887
934  -0.345  -1.500 0.108 0.811
935  -0.421  -1.500 0.107 0.700
936  -0.447  -1.500 0.106 0.606
937  -0.446  -1.500 0.106 0.520
938  -0.476  -1.500 0.105 0.422
939  -0.479  -1.500 0.104 0.334
940  -0.553  -1.500 0.104 0.217
941  -0.479  -1.500 0.103 0.157
942  -0.476  -1.500 0.103 0.069
943  -0.366  -1.500 0.102 0.022
944  -0.255  -1.500 -0.103 -0.020
945  -0.195  -1.500 -0.103 -0.077
946  -0.218  -1.500 -0.104 -0.162
947  -0.187  -1.500 -0.104 -0.224
948  -0.178  -1.500 -0.105 -0.292
949  -0.133  -1.500 -0.105 -0.346
950  -0.077  -1.500 -0.105 -0.393
951  -0.061  -1.500 -0.106 -0.452
952  -0.026  -1.500 -0.106 -0.503
953  -0.023  -1.500 -0.107 -0.563
954  0.046  -1.500 -0.107 -0.598
955  0.015  -1.500 -0.107 -0.667
956  0.021  -1.500 -0.108 -0.722
957  0.090  -1.500 -0.108 -0.752
958  0.055  -1.500 -0.109 -0.820
959  0.054  -1.500 -0.109 -0.874
960  0.071  -1.500 -0.109 -0.921
961  0.101  -1.500 -0.110 -0.963
962  0.085  -1.500 -0.110 -1.021
963  0.092  -1.500 -0.110 -1.070
964  0.112  -1.500 -0.111 -1.113
965  0.136  -1.500 -0.111 -1.154
966  0.070  -1.500 -0.112 -1.228
967  0.097  -1.500 -0.112 -1.268
968  0.124  -1.500 -0.112 -1.308
969  0.108  -1.500 -0.112 -1.363
970  0.064  -1.500 -0.113 -1.428
971  0.056  -1.500 -0.113 -1.481
972  0.071  -1.500 -0.114 -1.526
973  0.047  -1.500 -0.114 -1.585
974  0.051  -1.500 -0.114 -1.635
975  0.069  -1.500 -0.115 -1.679
976  0.049  -1.500 -0.115 -1.737
977  0.101  -1.500 -0.116 -1.768
978  0.092  -1.499 -0.116 -1.821
979  0.055  -1.496 -0.116 -1.884
980  0.050  -1.489 -0.117 -1.935
981  0.018  -1.466 -0.117 -1.997
982  0.019  -1.400 -0.117 -2.048
983  0.033  -1.228 -0.118 -2.093
984  0.061  -0.890 -0.118 -2.134
985  0.085  -0.480 -0.118 -2.173
986  0.065  -0.198 -0.119 -2.215
987  0.050  -0.070 -0.119 -2.246
988  0.104  -0.023 -0.119 -2.241
989  0.130  -0.008 -0.119 -2.239
990  0.091  -0.002 -0.119 -2.255
991  0.062  -0.001 -0.119 -2.262
992  0.090  -0.000 -0.119 -2.247
993  0.047  -0.000 -0.119 -2.258
994  0.019  -0.000 -0.119 -2.262
995  -0.003  -0.000 -0.119 -2.264
996  -0.019  -0.000 -0.119 -2.264
997  -0.037  -0.000 -0.119 -2.264
998  -0.006  -0.000 -0.119 -2.246
999  -0.091  -0.000 -0.119 -2.271
1000  -0.047  -0.000 -0.119 -2.247
1001  -0.082  0.000 -0.119 -2.254
1002  -0.062  0.000 -0.119 -2.239
1003  -0.104  0.000 -0.119 -2.248
1004  -0.042  0.000 -0.119 -2.218
1005  -0.112  0.000 -0.119 -2.237
1006  -0.064  0.000 -0.119 -2.211
1007  -0.092  0.000 -0.119 -2.216
1008  -0.071  0.000 -0.119 -2.201
1009  -0.116  0.000 -0.119 -2.211
1010  -0.099  0.000 -0.118 -2.197
1011  -0.050  0.001 -0.118 -2.172
1012  -0.087  0.002 -0.119 -2.179
1013  -0.064  0.008 -0.118 -2.162
1014  -0.109  0.023 -0.118 -2.173
1015  -0.091  0.070 -0.118 -2.158
1016  -0.095  0.198 -0.118 -2.150
1017  -0.060  0.480 -0.118 -2.124
1018  -0.060  0.890 -0.118 -2.101
1019  -0.005  1.228 -0.117 -2.042
1020  0.009  1.400 -0.117 -1.991
1021  0.032  1.466 -0.116 -1.927
1022  0.053  1.489 -0.116 -1.859
1023  0.071  1.496 -0.115 -1.788
1024  0.091  1.499 -0.115 -1.714
1025  0.104  1.500 -0.114 -1.640
1026  0.122  1.500 -0.113 -1.564
1027  0.133  1.500 -0.113 -1.490
1028  0.190  1.500 -0.112 -1.397
1029  0.221  1.500 -0.112 -1.312
1030  0.237  1.500 -0.111 -1.231
1031  0.335  1.500 -0.110 -1.118
1032  0.330  1.500 -0.109 -1.041
1033  0.415  1.500 -0.109 -0.928
1034  0.399  1.500 -0.108 -0.851
1035  0.468  1.500 -0.107 -0.740
1036  0.492  1.500 -0.107 -0.644
1037  0.530  1.500 -0.106 -0.541
1038  0.575  1.500 -0.105 -0.434
1039  0.577  1.500 -0.105 -0.343
1040  0.559  1.500 -0.104 -0.259
1041  0.531  1.500 -0.103 -0.179
1042  0.459  1.500 -0.103 -0.117
1043  0.407  1.500 -0.103 -0.048
1044  0.325  1.500 0.099 0.006
1045  0.231  1.500 0.103 0.053
1046  0.229  1.500 0.104 0.130
1047  0.188  1.500 0.104 0.190
1048  0.171  1.500 0.104 0.256
1049  0.078  1.500 0.105 0.292
1050  0.042  1.500 0.105 0.346
1051  0.041  1.500 0.106 0.409
1052  0.015  1.500 0.106 0.462
1053  0.020  1.500 0.106 0.525
1054  -0.049  1.500 0.107 0.559
1055  -0.061  1.500 0.107 0.612
1056  -0.042  1.500 0.108 0.675
1057  -0.050  1.500 0.108 0.727
1058  -0.079  1.500 0.108 0.771
1059  -0.109  1.500 0.109 0.813
1060  -0.092  1.500 0.109 0.872
1061  -0.057  1.500 0.109 0.937
1062  -0.103  1.500 0.110 0.971
1063  -0.141  1.500 0.110 1.009
1064  -0.082  1.500 0.110 1.081
1065  -0.116  1.500 0.111 1.118
1066  -0.143  1.500 0.111 1.158
1067  -0.126  1.500 0.111 1.213
1068  -0.084  1.500 0.112 1.277
1069  -0.122  1.500 0.112 1.312
1070  -0.065  1.500 0.113 1.382
1071  -0.092  1.500 0.113 1.422
1072  -0.125  1.500 0.113 1.459
1073  -0.152  1.500 0.114 1.497
1074  -0.085  1.500 0.114 1.570
1075  -0.110  1.500 0.114 1.609
1076  -0.091  1.500 0.115 1.664
1077  -0.045  1.500 0.115 1.730
1078  -0.037  1.499 0.116 1.783
1079  -0.054  1.496 0.116 1.827
1080  -0.076  1.489 0.116 1.869
1081  -0.055  1.466 0.117 1.927
1082  -0.060  1.400 0.117 1.975
1083  -0.075  1.228 0.117 2.019
1084  -0.052  0.890 0.118 2.077
1085  -0.052  0.480 0.118 2.125
1086  -0.113  0.198 0.118 2.136
1087  -0.045  0.070 0.118 2.188
1088  -0.072  0.023 0.118 2.192
1089  -0.135  0.008 0.119 2.176
1090  -0.067  0.002 0.119 2.204
1091  -0.070  0.001 0.119 2.199
1092  -0.066  0.000 0.118 2.197
1093  -0.058  0.000 0.118 2.194
1094  -0.041  0.000 0.119 2.195
1095  0.016  0.000 0.119 2.210
1096  0.051  0.000 0.119 2.217
1097  0.032  0.000 0.118 2.203
1098  0.025  0.000 0.118 2.195
1099  0.034  0.000 0.118 2.191
1100  0.046  0.000 0.118 2.189
1101  0.060  0.000 0.118 2.188
1102  0.028  -0.000 0.118 2.169
1103  0.065  -0.000 0.118 2.177
1104  0.048  -0.000 0.118 2.163
1105  0.047  -0.000 0.118 2.156
1106  0.055  -0.000 0.118 2.152
1107  0.067  -0.000 0.118 2.150
1108  0.035  -0.000 0.118 2.131
1109  0.074  -0.000 0.118 2.139
1110  0.008  -0.000 0.118 2.107
1111  0.078  -0.001 0.118 2.127
1112  0.120  -0.002 0.118 2.136
1113  0.143  -0.008 0.118 2.138
1114  0.073  -0.023 0.118 2.105
1115  0.092  -0.070 0.118 2.106
1116  0.112  -0.198 0.118 2.104
1117  0.086  -0.480 0.118 2.081
1118  0.091  -0.890 0.117 2.060
1119  0.036  -1.228 0.117 2.001
1120  0.021  -1.400 0.116 1.951
1121  -0.004  -1.466 0.116 1.889
1122  -0.025  -1.489 0.115 1.821
1123  -0.051  -1.496 0.115 1.749
1124  -0.118  -1.499 0.114 1.659
1125  -0.113  -1.500 0.114 1.592
1126  -0.117  -1.500 0.113 1.522
1127  -0.169  -1.500 0.113 1.432
1128  -0.199  -1.500 0.112 1.348
1129  -0.261  -1.500 0.111 1.251
1130  -0.292  -1.500 0.110 1.163
1131  -0.255  -1.500 0.110 1.099
1132  -0.463  -1.500 0.109 0.943
1133  -0.421  -1.500 0.108 0.875
1134  -0.426  -1.500 0.108 0.788
1135  -0.462  -1.500 0.107 0.688
1136  -0.512  -1.500 0.106 0.582
1137  -0.520  -1.500 0.106 0.490
1138  -0.505  -1.500 0.105 0.406
1139  -0.525  -1.500 0.104 0.308
1140  -0.518  -1.500 0.104 0.221
1141  -0.448  -1.500 0.103 0.158
1142  -0.400  -1.500 0.103 0.088
1143  -0.366  -1.500 0.099 0.015
1144  -0.248  -1.500 0.061 -0.024
1145  -0.095  -1.500 -0.103 -0.045
1146  -0.120  -1.500 -0.104 -0.127
1147  -0.096  -1.500 -0.104 -0.187
1148  -0.051  -1.500 -0.104 -0.237
1149  -0.045  -1.500 -0.105 -0.299
1150  0.033  -1.500 -0.105 -0.333
1151  0.051  -1.500 -0.105 -0.386
1152  0.037  -1.500 -0.106 -0.449
1153  0.098  -1.500 -0.106 -0.482
1154  0.055  -1.500 -0.107 -0.553
1155  0.098  -1.500 -0.107 -0.591
1156  0.091  -1.500 -0.107 -0.647
1157  0.061  -1.500 -0.108 -0.711
1158  0.063  -1.500 -0.108 -0.763
1159  0.083  -1.500 -0.108 -0.809
1160  0.111  -1.500 -0.109 -0.851
1161  0.142  -1.500 -0.109 -0.890
1162  0.076  -1.500 -0.109 -0.965
1163  0.107  -1.500 -0.110 -1.004
1164  0.137  -1.500 -0.110 -1.043
1165  0.119  -1.500 -0.111 -1.099
1166  0.076  -1.500 -0.111 -1.164
1167  0.072  -1.500 -0.112 -1.216
1168  0.086  -1.500 -0.112 -1.261
1169  0.062  -1.500 -0.112 -1.321
1170  0.112  -1.500 -0.113 -1.353
1171  0.058  -1.500 -0.113 -1.423
1172  0.048  -1.500 -0.113 -1.477
1173  0.011  -1.500 -0.114 -1.542
1174  0.059  -1.500 -0.114 -1.577
1175  0.054  -1.500 -0.114 -1.630
1176  0.070  -1.500 -0.115 -1.676
1177  0.090  -1.500 -0.115 -1.718
1178  0.021  -1.499 -0.116 -1.794
1179  0.053  -1.496 -0.116 -1.833
1180  0.037  -1.489 -0.116 -1.890
1181  -0.003  -1.466 -0.117 -1.956
1182  0.088  -1.400 -0.117 -1.974
1183  0.058  -1.228 -0.117 -2.035
1184  0.103  -0.890 -0.118 -2.068
1185  0.091  -0.480 -0.118 -2.121
1186  0.095  -0.198 -0.118 -2.153
1187  0.137  -0.070 -0.118 -2.163
1188  0.130  -0.023 -0.119 -2.181
1189  0.078  -0.008 -0.119 -2.207
1190  0.098  -0.002 -0.119 -2.201
1191  0.052  -0.001 -0.119 -2.216
1192  0.069  -0.000 -0.119 -2.205
1193  0.026  -0.000 -0.119 -2.217
1194  0.041  -0.000 -0.119 -2.205
1195  -0.006  -0.000 -0.119 -2.217
1196  0.010  -0.000 -0.119 -2.204
1197  -0.036  -0.000 -0.119 -2.215
1198  -0.064  -0.000 -0.119 -2.219
1199  -0.131  -0.000 -0.119 -2.237
1200  -0.034  -0.000 -0.119 -2.194
1201  -0.038  0.000 -0.118 -2.190
1202  -0.054  0.000 -0.118 -2.188
1203  -0.070  0.000 -0.118 -2.187
1204  -0.085  0.000 -0.119 -2.186
1205  -0.097  0.000 -0.118 -2.184
1206  -0.160  0.000 -0.118 -2.201
1207  -0.011  0.000 -0.118 -2.137
1208  -0.041  0.000 -0.118 -2.143
1209  -0.116  0.000 -0.118 -2.163
1210  -0.064  0.000 -0.118 -2.136
1211  -0.046  0.001 -0.118 -2.124
1212  -0.095  0.002 -0.118 -2.135
1213  -0.080  0.008 -0.118 -2.122
1214  -0.079  0.023 -0.118 -2.115
1215  -0.088  0.070 -0.118 -2.111
1216  -0.102  0.198 -0.118 -2.107
1217  -0.073  0.480 -0.118 -2.083
1218  -0.033  0.890 -0.118 -2.045
1219  -0.045  1.228 -0.117 -2.012
1220  0.076  1.400 -0.117 -1.921
1221  0.006  1.466 -0.116 -1.892
1222  0.077  1.489 -0.115 -1.805
1223  0.076  1.496 -0.115 -1.740
1224  0.083  1.499 -0.114 -1.671
1225  0.093  1.500 -0.114 -1.599
1226  0.149  1.500 -0.113 -1.508
1227  0.183  1.500 -0.112 -1.424
1228  0.203  1.500 -0.112 -1.344
1229  0.260  1.500 -0.111 -1.248
1230  0.283  1.500 -0.110 -1.164
1231  0.295  1.500 -0.110 -1.081
1232  0.385  1.500 -0.109 -0.968
1233  0.375  1.500 -0.108 -0.890
1234  0.452  1.500 -0.108 -0.777
1235  0.432  1.500 -0.107 -0.699
1236  0.498  1.500 -0.106 -0.588
1237  0.513  1.500 -0.105 -0.494
1238  0.502  1.500 -0.105 -0.409
1239  0.574  1.500 -0.104 -0.291
1240  0.494  1.500 -0.104 -0.232
1241  0.486  1.500 -0.103 -0.144
1242  0.466  1.500 -0.103 -0.063
1243  0.396  1.500 -0.102 -0.002
1244  0.257  1.500 0.103 0.031
1245  0.182  1.500 0.103 0.083
1246  0.154  1.500 0.104 0.148
1247  0.142  1.500 0.104 0.215
1248  0.151  1.500 0.104 0.289
1249  0.068  1.500 0.105 0.326
1250  -0.005  1.500 0.105 0.364
1251  0.026  1.500 0.106 0.438
1252  0.016  1.500 0.106 0.495
1253  -0.019  1.500 0.106 0.542
1254  -0.058  1.500 0.107 0.585
1255  -0.052  1.500 0.107 0.644
1256  -0.072  1.500 0.107 0.692
1257  -0.054  1.500 0.108 0.753
1258  -0.063  1.500 0.108 0.803
1259  -0.134  1.500 0.109 0.830
1260  -0.091  1.500 0.109 0.898
1261  -0.087  1.500 0.109 0.951
1262  -0.146  1.500 0.110 0.980
1263  -0.098  1.500 0.110 1.047
1264  -0.134  1.500 0.110 1.084
1265  -0.119  1.500 0.111 1.138
1266  -0.080  1.500 0.111 1.202
1267  -0.119  1.500 0.112 1.237
1268  -0.109  1.500 0.112 1.290
1269  -0.119  1.500 0.112 1.336
1270  -0.088  1.500 0.113 1.396
1271  -0.086  1.500 0.113 1.446
1272  -0.099  1.500 0.113 1.490
1273  -0.122  1.500 0.114 1.531
1274  -0.145  1.500 0.114 1.570
1275  -0.074  1.500 0.115 1.644
1276  -0.098  1.500 0.115 1.684
1277  -0.078  1.500 0.115 1.740
1278  -0.033  1.499 0.116 1.806
1279  -0.077  1.496 0.116 1.839
1280  -0.065  1.489 0.116 1.894
1281  -0.073  1.466 0.117 1.940
1282  -0.044  1.400 0.117 2.000
1283  -0.046  1.228 0.117 2.050
1284  -0.062  0.890 0.118 2.093
1285  -0.038  0.480 0.118 2.151
1286  -0.085  0.198 0.118 2.168
1287  -0.058  0.070 0.118 2.203
1288  -0.104  0.023 0.119 2.201
1289  -0.128  0.008 0.119 2.200
1290  -0.085  0.002 0.119 2.217
1291  -0.106  0.001 0.119 2.206
1292  -0.061  0.000 0.119 2.219
1293  -0.030  0.000 0.119 2.225
1294  -0.012  0.000 0.119 2.226
1295  0.006  0.000 0.119 2.227
1296  0.067  0.000 0.119 2.244
1297  0.012  0.000 0.119 2.216
1298  0.038  0.000 0.119 2.220
1299  0.018  0.000 0.118 2.205
1300  0.012  0.000 0.119 2.196
1301  0.067  0.000 0.119 2.210
1302  0.101  -0.000 0.118 2.216
1303  0.075  -0.000 0.118 2.199
1304  0.028  -0.000 0.118 2.176
1305  0.058  -0.000 0.118 2.180
1306  0.037  -0.000 0.118 2.165
1307  0.081  -0.000 0.118 2.175
1308  0.065  -0.000 0.118 2.161
1309  0.061  -0.000 0.118 2.154
1310  0.024  -0.000 0.118 2.133
1311  0.062  -0.001 0.118 2.141
1312  0.043  -0.002 0.118 2.126
1313  0.087  -0.008 0.118 2.136
1314  0.117  -0.023 0.118 2.140
1315  0.091  -0.070 0.118 2.123
1316  0.087  -0.198 0.118 2.113
1317  0.098  -0.480 0.118 2.104
1318  0.077  -0.890 0.118 2.073
1319  0.095  -1.228 0.117 2.042
1320  0.027  -1.400 0.117 1.973
1321  0.021  -1.466 0.116 1.919
1322  0.003  -1.489 0.116 1.854
1323  -0.064  -1.496 0.115 1.768
1324  -0.064  -1.499 0.114 1.703
1325  -0.118  -1.500 0.114 1.616
1326  -0.106  -1.500 0.113 1.552
1327  -0.150  -1.500 0.113 1.466
1328  -0.178  -1.500 0.112 1.384
1329  -0.194  -1.500 0.111 1.305
1330  -0.251  -1.500 0.111 1.210
1331  -0.274  -1.500 0.110 1.125
1332  -0.332  -1.500 0.109 1.026
1333  -0.353  -1.500 0.109 0.938
1334  -0.402  -1.500 0.108 0.839
1335  -0.416  -1.500 0.107 0.750
1336  -0.411  -1.500 0.107 0.667
1337  -0.484  -1.500 0.106 0.554
1338  -0.509  -1.500 0.105 0.457
1339  -0.504  -1.500 0.105 0.370
1340  -0.482  -1.500 0.104 0.289
1341  -0.499  -1.500 0.104 0.193
1342  -0.448  -1.500 0.103 0.124
1343  -0.403  -1.500 0.103 0.053
1344  -0.326  -1.500 -0.102 -0.004
1345  -0.238  -1.500 -0.103 -0.053
1346  -0.236  -1.500 -0.103 -0.130
1347  -0.192  -1.500 -0.104 -0.189
1348  -0.129  -1.500 -0.104 -0.238
1349  -0.108  -1.500 -0.105 -0.300
1350  -0.063  -1.500 -0.105 -0.351
1351  -0.010  -1.500 -0.106 -0.395
1352  -0.001  -1.500 -0.106 -0.454
1353  -0.018  -1.500 -0.106 -0.520
1354  0.045  -1.500 -0.107 -0.556
1355  0.008  -1.500 -0.107 -0.627
1356  0.056  -1.500 -0.107 -0.666
1357  0.101  -1.500 -0.108 -0.705
1358  0.050  -1.500 -0.108 -0.778
1359  0.089  -1.500 -0.108 -0.816
1360  0.129  -1.500 -0.109 -0.854
1361  0.115  -1.500 -0.109 -0.910
1362  0.077  -1.500 -0.110 -0.975
1363  0.074  -1.500 -0.110 -1.027
1364  0.135  -1.500 -0.110 -1.055
1365  0.088  -1.500 -0.111 -1.123
1366  0.124  -1.500 -0.111 -1.160
1367  0.109  -1.500 -0.111 -1.214
1368  0.118  -1.500 -0.112 -1.260
1369  0.088  -1.500 -0.112 -1.320
1370  0.087  -1.500 -0.113 -1.370
1371  0.010  -1.500 -0.113 -1.449
1372  0.035  -1.500 -0.113 -1.491
1373  0.018  -1.500 -0.114 -1.550
1374  0.030  -1.500 -0.114 -1.598
1375  0.054  -1.500 -0.115 -1.642
1376  0.038  -1.500 -0.115 -1.699
1377  0.091  -1.500 -0.115 -1.731
1378  0.088  -1.499 -0.116 -1.783
1379  0.053  -1.496 -0.116 -1.845
1380  0.049  -1.489 -0.117 -1.897
1381  0.062  -1.466 -0.117 -1.942
1382  0.037  -1.400 -0.117 -2.001
1383  0.088  -1.228 -0.118 -2.032
1384  0.081  -0.890 -0.118 -2.084
1385  0.089  -0.480 -0.118 -2.129
1386  0.057  -0.198 -0.118 -2.175
1387  0.130  -0.070 -0.118 -2.172
1388  0.137  -0.023 -0.119 -2.186
1389  0.090  -0.008 -0.119 -2.210
1390  0.111  -0.002 -0.119 -2.203
1391  0.111  -0.001 -0.119 -2.201
1392  0.060  -0.000 -0.119 -2.216
1393  -0.021  -0.000 -0.119 -2.241
1394  0.030  -0.000 -0.119 -2.215
1395  0.045  -0.000 -0.119 -2.204
1396  -0.004  -0.000 -0.119 -2.216
1397  -0.081  -0.000 -0.119 -2.238
1398  -0.032  -0.000 -0.119 -2.213
1399  -0.016  -0.000 -0.119 -2.201
1400  -0.062  -0.000 -0.119 -2.212
1401  -0.096  0.000 -0.119 -2.217
1402  -0.071  0.000 -0.119 -2.201
1403  -0.068  0.000 -0.118 -2.193
1404  -0.073  0.000 -0.118 -2.188
1405  -0.086  0.000 -0.118 -2.186
1406  -0.101  0.000 -0.118 -2.185
1407  -0.067  0.000 -0.118 -2.165
1408  -0.110  0.000 -0.118 -2.175
1409  -0.089  0.000 -0.118 -2.160
1410  -0.044  0.000 -0.118 -2.136
1411  -0.121  0.001 -0.118 -2.158
1412  -0.076  0.002 -0.118 -2.134
1413  -0.060  0.008 -0.118 -2.122
1414  -0.063  0.023 -0.118 -2.115
1415  -0.074  0.070 -0.118 -2.112
1416  -0.091  0.198 -0.118 -2.109
1417  -0.107  0.480 -0.118 -2.101
1418  -0.086  0.890 -0.117 -2.070
1419  -0.017  1.228 -0.117 -2.007
1420  -0.042  1.400 -0.117 -1.971
1421  0.052  1.466 -0.116 -1.883
1422  0.065  1.489 -0.116 -1.817
1423  0.034  1.496 -0.115 -1.765
1424  0.073  1.499 -0.115 -1.685
1425  0.102  1.500 -0.114 -1.606
1426  0.124  1.500 -0.113 -1.529
1427  0.139  1.500 -0.113 -1.453
1428  0.152  1.500 -0.112 -1.377
1429  0.255  1.500 -0.111 -1.266
1430  0.306  1.500 -0.111 -1.172
1431  0.326  1.500 -0.110 -1.086
1432  0.329  1.500 -0.109 -1.005
1433  0.368  1.500 -0.109 -0.910
1434  0.379  1.500 -0.108 -0.823
1435  0.418  1.500 -0.107 -0.725
1436  0.475  1.500 -0.106 -0.618
1437  0.485  1.500 -0.106 -0.528
1438  0.522  1.500 -0.105 -0.425
1439  0.567  1.500 -0.104 -0.319
1440  0.570  1.500 -0.104 -0.228
1441  0.504  1.500 -0.103 -0.163
1442  0.505  1.500 -0.103 -0.072
1443  0.395  1.500 -0.102 -0.025
1444  0.283  1.500 0.103 0.018
1445  0.224  1.500 0.103 0.077
1446  0.196  1.500 0.104 0.144
1447  0.139  1.500 0.104 0.196
1448  0.120  1.500 0.104 0.260
1449  0.122  1.500 0.105 0.329
1450  0.087  1.500 0.105 0.383
1451  0.040  1.500 0.106 0.430
1452  0.031  1.500 0.106 0.490
1453  0.000  1.500 0.106 0.540
1454  -0.041  1.500 0.107 0.584
1455  -0.086  1.500 0.107 0.625
1456  -0.032  1.500 0.108 0.700
1457  -0.074  1.500 0.108 0.740
1458  -0.067  1.500 0.108 0.796
1459  -0.129  1.500 0.109 0.826
1460  -0.082  1.500 0.109 0.896
1461  -0.123  1.500 0.109 0.932
1462  -0.112  1.500 0.110 0.986
1463  -0.118  1.500 0.110 1.034
1464  -0.137  1.500 0.110 1.077
1465  -0.115  1.500 0.111 1.134
1466  -0.115  1.500 0.111 1.183
1467  -0.130  1.500 0.112 1.226
1468  -0.102  1.500 0.112 1.285
1469  -0.103  1.500 0.112 1.334
1470  -0.117  1.500 0.113 1.377
1471  -0.093  1.500 0.113 1.435
1472  -0.138  1.500 0.113 1.467
1473  -0.082  1.500 0.114 1.536
1474  -0.113  1.500 0.114 1.573
1475  -0.095  1.500 0.114 1.628
1476  -0.098  1.500 0.115 1.675
1477  -0.022  1.500 0.115 1.753
1478  -0.045  1.499 0.116 1.794
1479  -0.028  1.496 0.116 1.852
1480  -0.082  1.489 0.116 1.882
1481  -0.031  1.466 0.117 1.952
1482  -0.066  1.400 0.117 1.989
1483  -0.101  1.228 0.117 2.026
1484  -0.085  0.890 0.118 2.081
1485  -0.041  0.480 0.118 2.145
1486  -0.078  0.198 0.118 2.164
1487  -0.092  0.070 0.118 2.185
1488  -0.113  0.023 0.119 2.192
1489  -0.080  0.008 0.118 2.212
1490  -0.056  0.002 0.119 2.222
1491  -0.038  0.001 0.119 2.226
1492  -0.072  0.000 0.119 2.209
1493  -0.077  0.000 0.119 2.202
1494  -0.026  0.000 0.119 2.215
1495  0.058  0.000 0.119 2.240
1496  0.005  0.000 0.119 2.214
1497  0.035  0.000 0.119 2.220
1498  0.058  0.000 0.119 2.221
1499  0.078  0.000 0.119 2.222
1500  0.048  0.000 0.119 2.204
1501  -0.004  0.000 0.119 2.178
1502  0.072  -0.000 0.118 2.200
1503  0.026  -0.000 0.118 2.175
1504  0.055  -0.000 0.118 2.180
1505  0.034  -0.000 0.118 2.165
1506  0.079  -0.000 0.118 2.175
1507  0.017  -0.000 0.118 2.145
1508  0.038  -0.000 0.118 2.146
1509  0.060  -0.000 0.118 2.147
1510  0.078  -0.000 0.118 2.147
1511  0.093  -0.001 0.118 2.147
1512  0.108  -0.002 0.118 2.146
1513  0.076  -0.008 0.118 2.127
1514  0.116  -0.023 0.118 2.136
1515  0.097  -0.070 0.118 2.121
1516  0.097  -0.198 0.118 2.112
1517  0.062  -0.480 0.118 2.085
1518  0.064  -0.890 0.118 2.063
1519  0.101  -1.228 0.117 2.039
1520  0.034  -1.400 0.117 1.971
1521  0.030  -1.466 0.116 1.918
1522  -0.034  -1.489 0.116 1.836
1523  -0.078  -1.496 0.115 1.757
1524  -0.061  -1.499 0.114 1.698
1525  -0.108  -1.500 0.114 1.614
1526  -0.137  -1.500 0.113 1.534
1527  -0.067  -1.500 0.113 1.490
1528  -0.223  -1.500 0.112 1.362
1529  -0.258  -1.500 0.111 1.275
1530  -0.272  -1.500 0.111 1.195
1531  -0.322  -1.500 0.110 1.099
1532  -0.385  -1.500 0.109 0.995
1533  -0.364  -1.500 0.108 0.921
1534  -0.434  -1.500 0.108 0.812
1535  -0.408  -1.500 0.107 0.736
1536  -0.431  -1.500 0.106 0.642
1537  -0.474  -1.500 0.106 0.540
1538  -0.526  -1.500 0.105 0.433
1539  -0.490  -1.500 0.104 0.358
1540  -0.497  -1.500 0.104 0.265
1541  -0.531  -1.500 0.103 0.163
1542  -0.487  -1.500 0.103 0.091
1543  -0.400  -1.500 0.102 0.034
1544  -0.300  -1.500 -0.103 -0.014
1545  -0.198  -1.500 -0.103 -0.057
1546  -0.197  -1.500 -0.104 -0.133
1547  -0.108  -1.500 -0.104 -0.173
1548  -0.119  -1.500 -0.105 -0.247
1549  -0.092  -1.500 -0.105 -0.305
1550  -0.046  -1.500 -0.105 -0.353
1551  -0.037  -1.500 -0.106 -0.414
1552  -0.005  -1.500 -0.106 -0.464
1553  -0.010  -1.500 -0.107 -0.526
1554  0.012  -1.500 -0.107 -0.577
1555  0.047  -1.500 -0.107 -0.621
1556  0.042  -1.500 -0.107 -0.680
1557  0.106  -1.500 -0.108 -0.711
1558  0.063  -1.500 -0.108 -0.781
1559  0.102  -1.500 -0.109 -0.819
1560  0.095  -1.500 -0.109 -0.874
1561  0.063  -1.500 -0.109 -0.938
1562  0.110  -1.500 -0.110 -0.972
1563  0.056  -1.500 -0.110 -1.043
1564  0.092  -1.500 -0.110 -1.082
1565  0.127  -1.500 -0.111 -1.120
1566  0.111  -1.500 -0.111 -1.175
1567  0.119  -1.500 -0.112 -1.222
1568  0.087  -1.500 -0.112 -1.283
1569  0.136  -1.500 -0.112 -1.314
1570  0.075  -1.500 -0.113 -1.385
1571  0.110  -1.500 -0.113 -1.422
1572  0.094  -1.500 -0.114 -1.477
1573  0.051  -1.500 -0.114 -1.542
1574  0.046  -1.500 -0.114 -1.594
1575  0.016  -1.500 -0.115 -1.656
1576  0.063  -1.500 -0.115 -1.690
1577  0.057  -1.500 -0.115 -1.744
1578  0.071  -1.499 -0.116 -1.790
1579  0.046  -1.496 -0.116 -1.849
1580  0.048  -1.489 -0.117 -1.899
1581  0.065  -1.466 -0.117 -1.943
1582  0.043  -1.400 -0.117 -2.001
1583  0.047  -1.228 -0.118 -2.050
1584  0.061  -0.890 -0.118 -2.095
1585  0.039  -0.480 -0.118 -2.151
1586  0.088  -0.198 -0.118 -2.167
1587  0.151  -0.070 -0.119 -2.169
1588  0.101  -0.023 -0.118 -2.203
1589  0.124  -0.008 -0.119 -2.201
1590  0.131  -0.002 -0.119 -2.199
1591  0.082  -0.001 -0.119 -2.216
1592  0.094  -0.000 -0.119 -2.206
1593  0.003  -0.000 -0.119 -2.236
1594  -0.004  -0.000 -0.119 -2.232
1595  0.034  -0.000 -0.119 -2.212
1596  -0.001  -0.000 -0.119 -2.219
1597  -0.030  -0.000 -0.119 -2.223
1598  -0.050  -0.000 -0.119 -2.224
1599  -0.068  -0.000 -0.119 -2.224
1600  -0.081  -0.000 -0.119 -2.222
1601  -0.095  0.000 -0.119 -2.221
1602  -0.068  0.000 -0.119 -2.204
1603  -0.106  0.000 -0.119 -2.212
1604  -0.133  0.000 -0.119 -2.215
1605  -0.062  0.000 -0.118 -2.181
1606  -0.037  0.000 -0.118 -2.165
1607  -0.082  0.000 -0.119 -2.175
1608  -0.067  0.000 -0.118 -2.161
1609  -0.112  0.000 -0.118 -2.172
1610  -0.047  0.000 -0.118 -2.140
1611  -0.122  0.001 -0.118 -2.162
1612  -0.071  0.002 -0.118 -2.136
1613  -0.101  0.008 -0.118 -2.140
1614  -0.078  0.023 -0.118 -2.124
1615  -0.075  0.070 -0.118 -2.116
1616  -0.084  0.198 -0.118 -2.110
1617  -0.099  0.480 -0.118 -2.102
1618  -0.078  0.890 -0.117 -2.071
1619  -0.007  1.228 -0.117 -2.007
1620  -0.035  1.400 -0.117 -1.972
1621  0.013  1.466 -0.116 -1.901
1622  0.050  1.489 -0.116 -1.827
1623  0.031  1.496 -0.115 -1.771
1624  0.081  1.499 -0.115 -1.687
1625  0.067  1.500 -0.114 -1.625
1626  0.112  1.500 -0.113 -1.540
1627  0.145  1.500 -0.113 -1.458
1628  0.211  1.500 -0.112 -1.362
1629  0.246  1.500 -0.111 -1.276
1630  0.262  1.500 -0.111 -1.194
1631  0.312  1.500 -0.110 -1.098
1632  0.330  1.500 -0.109 -1.012
1633  0.378  1.500 -0.109 -0.914
1634  0.393  1.500 -0.108 -0.825
1635  0.437  1.500 -0.107 -0.725
1636  0.443  1.500 -0.107 -0.637
1637  0.479  1.500 -0.106 -0.537
1638  0.528  1.500 -0.105 -0.430
1639  0.530  1.500 -0.104 -0.341
1640  0.518  1.500 -0.104 -0.256
1641  0.537  1.500 -0.103 -0.158
1642  0.483  1.500 -0.103 -0.089
1643  0.441  1.500 -0.102 -0.016
1644  0.315  1.500 0.102 0.024
1645  0.197  1.500 0.103 0.061
1646  0.191  1.500 0.104 0.136
1647  0.188  1.500 0.104 0.209
1648  0.149  1.500 0.105 0.267
1649  0.139  1.500 0.105 0.333
1650  0.052  1.500 0.105 0.368
1651  0.022  1.500 0.106 0.422
1652  -0.019  1.500 0.106 0.469
1653  -0.019  1.500 0.106 0.528
1654  0.002  1.500 0.107 0.595
1655  -0.008  1.500 0.107 0.649
1656  -0.039  1.500 0.108 0.695
1657  -0.074  1.500 0.108 0.738
1658  -0.116  1.500 0.108 0.777
1659  -0.101  1.500 0.109 0.834
1660  -0.068  1.500 0.109 0.899
1661  -0.111  1.500 0.109 0.935
1662  -0.152  1.500 0.110 0.970
1663  -0.138  1.500 0.110 1.025
1664  -0.097  1.500 0.110 1.089
1665  -0.134  1.500 0.111 1.125
1666  -0.077  1.500 0.111 1.195
1667  -0.110  1.500 0.112 1.232
1668  -0.094  1.500 0.112 1.288
1669  -0.100  1.500 0.112 1.335
1670  -0.115  1.500 0.112 1.379
1671  -0.140  1.500 0.113 1.418
1672  -0.117  1.500 0.113 1.475
1673  -0.117  1.500 0.114 1.523
1674  -0.083  1.500 0.114 1.584
1675  -0.076  1.500 0.115 1.635
1676  -0.091  1.500 0.115 1.678
1677  -0.020  1.500 0.115 1.754
1678  -0.043  1.499 0.116 1.796
1679  -0.075  1.496 0.116 1.835
1680  -0.059  1.489 0.116 1.891
1681  -0.065  1.466 0.117 1.939
1682  -0.082  1.400 0.117 1.982
1683  -0.060  1.228 0.118 2.040
1684  -0.062  0.890 0.118 2.088
1685  -0.076  0.480 0.118 2.130
1686  -0.049  0.198 0.118 2.175
1687  -0.076  0.070 0.119 2.190
1688  -0.109  0.023 0.119 2.193
1689  -0.075  0.008 0.119 2.213
1690  -0.053  0.002 0.119 2.222
1691  -0.039  0.001 0.119 2.226
1692  -0.114  0.000 0.118 2.193
1693  -0.052  0.000 0.119 2.212
1694  -0.013  0.000 0.119 2.220
1695  0.014  0.000 0.119 2.224
1696  0.034  0.000 0.119 2.225
1697  0.048  0.000 0.119 2.224
1698  0.019  0.000 0.119 2.206
1699  0.059  0.000 0.119 2.215
1700  0.039  0.000 0.119 2.200
1701  -0.008  0.000 0.119 2.176
1702  0.073  -0.000 0.118 2.200
1703  0.027  -0.000 0.118 2.175
1704  0.058  -0.000 0.118 2.181
1705  0.080  -0.000 0.118 2.182
1706  0.053  -0.000 0.118 2.165
1707  0.048  -0.000 0.118 2.157
1708  0.056  -0.000 0.118 2.153
1709  0.021  -0.000 0.118 2.133
1710  0.059  -0.000 0.118 2.141
1711  0.133  -0.001 0.118 2.161
1712  0.081  -0.002 0.118 2.135
1713  0.109  -0.008 0.118 2.140
1714  0.086  -0.023 0.118 2.124
1715  0.127  -0.070 0.118 2.132
1716  0.068  -0.198 0.118 2.100
1717  0.094  -0.480 0.118 2.098
1718  0.080  -0.890 0.117 2.069
1719  0.061  -1.228 0.117 2.024
1720  0.062  -1.400 0.117 1.980
1721  -0.000  -1.466 0.116 1.905
1722  -0.047  -1.489 0.116 1.829
1723  0.012  -1.496 0.115 1.789
1724  -0.062  -1.499 0.115 1.697
1725  -0.111  -1.500 0.114 1.613
1726  -0.143  -1.500 0.113 1.533
1727  -0.071  -1.500 0.113 1.490
1728  -0.224  -1.500 0.112 1.362
1729  -0.213  -1.500 0.111 1.293
1730  -0.301  -1.500 0.111 1.186
1731  -0.291  -1.500 0.110 1.112
1732  -0.375  -1.500 0.109 1.002
1733  -0.364  -1.500 0.108 0.924
1734  -0.436  -1.500 0.108 0.814
1735  -0.416  -1.500 0.107 0.737
1736  -0.484  -1.500 0.107 0.626
1737  -0.503  -1.500 0.106 0.531
1738  -0.542  -1.500 0.105 0.427
1739  -0.537  -1.500 0.104 0.339
1740  -0.566  -1.500 0.104 0.238
1741  -0.469  -1.500 0.103 0.185
1742  -0.451  -1.500 0.103 0.102
1743  -0.431  -1.500 0.102 0.023
1744  -0.317  -1.500 0.061 -0.020
1745  -0.160  -1.500 -0.103 -0.043
1746  -0.222  -1.500 -0.104 -0.142
1747  -0.124  -1.500 -0.104 -0.179
1748  -0.127  -1.500 -0.104 -0.250
1749  -0.094  -1.500 -0.105 -0.306
1750  -0.043  -1.500 -0.105 -0.353
1751  -0.036  -1.500 -0.106 -0.414
1752  -0.003  -1.500 -0.106 -0.464
1753  0.036  -1.500 -0.106 -0.509
1754  0.037  -1.500 -0.107 -0.567
1755  0.010  -1.500 -0.107 -0.634
1756  0.065  -1.500 -0.107 -0.670
1757  0.069  -1.500 -0.108 -0.723
1758  0.089  -1.500 -0.108 -0.770
1759  0.117  -1.500 -0.108 -0.812
1760  0.100  -1.500 -0.109 -0.870
1761  0.108  -1.500 -0.109 -0.918
1762  0.081  -1.500 -0.110 -0.979
1763  0.081  -1.500 -0.110 -1.030
1764  0.099  -1.500 -0.110 -1.075
1765  0.126  -1.500 -0.111 -1.115
1766  0.104  -1.500 -0.111 -1.173
1767  0.153  -1.500 -0.112 -1.204
1768  0.099  -1.500 -0.112 -1.272
1769  0.084  -1.500 -0.112 -1.327
1770  0.091  -1.500 -0.113 -1.374
1771  0.064  -1.500 -0.113 -1.433
1772  0.064  -1.500 -0.113 -1.484
1773  0.035  -1.500 -0.114 -1.545
1774  0.037  -1.500 -0.114 -1.596
1775  0.056  -1.500 -0.115 -1.640
1776  0.035  -1.500 -0.115 -1.700
1777  0.090  -1.500 -0.115 -1.730
1778  0.083  -1.499 -0.116 -1.783
1779  0.004  -1.496 -0.116 -1.862
1780  0.071  -1.489 -0.116 -1.888
1781  0.072  -1.466 -0.117 -1.938
1782  0.091  -1.400 -0.117 -1.981
1783  0.066  -1.228 -0.118 -2.039
1784  0.066  -0.890 -0.118 -2.088
1785  0.030  -0.480 -0.118 -2.149
1786  0.077  -0.198 -0.118 -2.165
1787  0.092  -0.070 -0.118 -2.185
1788  0.067  -0.023 -0.119 -2.210
1789  0.151  -0.008 -0.118 -2.185
1790  0.134  -0.002 -0.118 -2.193
1791  0.075  -0.001 -0.119 -2.212
1792  0.083  -0.000 -0.119 -2.204
1793  0.035  -0.000 -0.119 -2.217
1794  0.006  -0.000 -0.119 -2.222
1795  -0.015  -0.000 -0.119 -2.224
1796  -0.034  -0.000 -0.119 -2.225
1797  -0.004  -0.000 -0.119 -2.207
1798  -0.043  -0.000 -0.119 -2.215
1799  -0.072  -0.000 -0.119 -2.220
1800  -0.093  -0.000 -0.119 -2.221
1801  -0.108  0.000 -0.119 -2.220
1802  -0.079  0.000 -0.119 -2.202
1803  -0.074  0.000 -0.119 -2.194
1804  -0.081  0.000 -0.118 -2.189
1805  -0.046  0.000 -0.119 -2.169
1806  -0.082  0.000 -0.118 -2.176
1807  -0.111  0.000 -0.118 -2.179
1808  -0.085  0.000 -0.118 -2.163
1809  -0.081  0.000 -0.118 -2.155
1810  -0.086  0.000 -0.118 -2.150
1811  -0.101  0.001 -0.118 -2.148
1812  -0.068  0.002 -0.118 -2.129
1813  -0.107  0.008 -0.118 -2.137
1814  -0.088  0.023 -0.118 -2.122
1815  -0.086  0.070 -0.118 -2.114
1816  -0.093  0.198 -0.118 -2.108
1817  -0.113  0.480 -0.118 -2.102
1818  -0.091  0.890 -0.118 -2.071
1819  -0.022  1.228 -0.117 -2.007
1820  -0.000  1.400 -0.117 -1.954
1821  0.069  1.466 -0.116 -1.873
1822  0.019  1.489 -0.116 -1.831
1823  0.053  1.496 -0.115 -1.754
1824  0.034  1.499 -0.114 -1.696
1825  0.079  1.500 -0.114 -1.612
1826  0.110  1.500 -0.113 -1.533
1827  0.181  1.500 -0.112 -1.437
1828  0.219  1.500 -0.112 -1.351
1829  0.189  1.500 -0.111 -1.288
1830  0.317  1.500 -0.110 -1.165
1831  0.329  1.500 -0.110 -1.083
1832  0.372  1.500 -0.109 -0.987
1833  0.431  1.500 -0.108 -0.882
1834  0.448  1.500 -0.108 -0.791
1835  0.487  1.500 -0.107 -0.690
1836  0.536  1.500 -0.106 -0.583
1837  0.542  1.500 -0.106 -0.491
1838  0.569  1.500 -0.105 -0.390
1839  0.611  1.500 -0.104 -0.284
1840  0.566  1.500 -0.104 -0.211
1841  0.524  1.500 -0.103 -0.136
1842  0.493  1.500 -0.103 -0.058
1843  0.414  1.500 -0.099 0.001
1844  0.271  1.500 0.103 0.032
1845  0.239  1.500 0.103 0.101
1846  0.225  1.500 0.104 0.174
1847  0.132  1.500 0.104 0.213
1848  0.138  1.500 0.105 0.287
1849  0.104  1.500 0.105 0.343
1850  0.055  1.500 0.105 0.391
1851  -0.002  1.500 0.106 0.434
1852  -0.010  1.500 0.106 0.492
1853  -0.038  1.500 0.107 0.541
1854  -0.028  1.500 0.107 0.602
1855  -0.091  1.500 0.107 0.635
1856  -0.098  1.500 0.108 0.687
1857  -0.115  1.500 0.108 0.734
1858  -0.142  1.500 0.108 0.775
1859  -0.123  1.500 0.109 0.833
1860  -0.129  1.500 0.109 0.881
1861  -0.143  1.500 0.109 0.925
1862  -0.119  1.500 0.110 0.983
1863  -0.120  1.500 0.110 1.031
1864  -0.131  1.500 0.110 1.076
1865  -0.108  1.500 0.111 1.133
1866  -0.108  1.500 0.111 1.183
1867  -0.124  1.500 0.111 1.226
1868  -0.142  1.500 0.112 1.268
1869  -0.119  1.500 0.112 1.324
1870  -0.119  1.500 0.113 1.372
1871  -0.134  1.500 0.113 1.415
1872  -0.106  1.500 0.113 1.473
1873  -0.102  1.500 0.114 1.522
1874  -0.115  1.500 0.114 1.566
1875  -0.087  1.500 0.114 1.624
1876  -0.086  1.500 0.115 1.673
1877  -0.006  1.500 0.115 1.753
1878  -0.031  1.499 0.116 1.794
1879  -0.064  1.496 0.116 1.833
1880  -0.093  1.489 0.116 1.873
1881  -0.073  1.466 0.117 1.930
1882  -0.033  1.400 0.117 1.994
1883  -0.075  1.228 0.117 2.028
1884  -0.107  0.890 0.118 2.065
1885  -0.091  0.480 0.118 2.120
1886  -0.047  0.198 0.118 2.170
1887  -0.071  0.070 0.118 2.186
1888  -0.098  0.023 0.119 2.192
1889  -0.110  0.008 0.119 2.195
1890  -0.064  0.002 0.119 2.213
1891  -0.037  0.001 0.119 2.221
1892  -0.062  0.000 0.119 2.207
1893  -0.019  0.000 0.119 2.219
1894  -0.039  0.000 0.119 2.205
1895  0.007  0.000 0.119 2.216
1896  0.038  0.000 0.119 2.221
1897  0.010  0.000 0.118 2.204
1898  0.007  0.000 0.118 2.197
1899  0.015  0.000 0.118 2.193
1900  0.028  0.000 0.118 2.191
1901  0.039  0.000 0.118 2.188
1902  0.055  -0.000 0.118 2.187
1903  0.070  -0.000 0.118 2.187
1904  0.038  -0.000 0.118 2.168
1905  0.078  -0.000 0.118 2.177
1906  0.057  -0.000 0.118 2.161
1907  0.057  -0.000 0.118 2.155
1908  0.019  -0.000 0.118 2.134
1909  0.010  -0.000 0.118 2.124
1910  0.062  -0.000 0.118 2.136
1911  0.094  -0.001 0.118 2.141
1912  0.069  -0.002 0.118 2.125
1913  0.158  -0.008 0.118 2.153
1914  0.068  -0.023 0.118 2.111
1915  0.125  -0.070 0.118 2.127
1916  0.071  -0.198 0.118 2.097
1917  0.102  -0.480 0.118 2.096
1918  0.092  -0.890 0.118 2.068
1919  0.070  -1.228 0.117 2.022
1920  0.028  -1.400 0.117 1.963
1921  0.034  -1.466 0.116 1.912
1922  -0.020  -1.489 0.116 1.834
1923  -0.017  -1.496 0.115 1.774
1924  -0.072  -1.499 0.114 1.689
1925  -0.109  -1.500 0.114 1.609
1926  -0.136  -1.500 0.113 1.530
1927  -0.152  -1.500 0.113 1.454
1928  -0.167  -1.500 0.112 1.377
1929  -0.222  -1.500 0.111 1.284
1930  -0.249  -1.500 0.111 1.199
1931  -0.307  -1.500 0.110 1.101
1932  -0.332  -1.500 0.109 1.013
1933  -0.382  -1.500 0.109 0.914
1934  -0.398  -1.500 0.108 0.825
1935  -0.395  -1.500 0.107 0.743
1936  -0.426  -1.500 0.107 0.647
1937  -0.474  -1.500 0.106 0.543
1938  -0.533  -1.500 0.105 0.434
1939  -0.495  -1.500 0.104 0.359
1940  -0.506  -1.500 0.104 0.265
1941  -0.494  -1.500 0.103 0.181
1942  -0.474  -1.500 0.103 0.099
1943  -0.400  -1.500 0.103 0.039
1944  -0.305  -1.500 -0.102 -0.011
1945  -0.206  -1.500 -0.103 -0.056
1946  -0.206  -1.500 -0.103 -0.132
1947  -0.160  -1.500 -0.104 -0.189
1948  -0.104  -1.500 -0.104 -0.239
1949  -0.083  -1.500 -0.105 -0.300
1950  -0.089  -1.500 -0.105 -0.368
1951  -0.062  -1.500 -0.106 -0.422
1952  -0.016  -1.500 -0.106 -0.468
1953  0.034  -1.500 -0.107 -0.511
1954  -0.010  -1.500 -0.107 -0.586
1955  0.039  -1.500 -0.107 -0.626
1956  0.038  -1.500 -0.108 -0.683
1957  0.060  -1.500 -0.108 -0.731
1958  0.091  -1.500 -0.108 -0.774
1959  0.075  -1.500 -0.109 -0.833
1960  0.089  -1.500 -0.109 -0.881
1961  0.110  -1.500 -0.110 -0.925
1962  0.092  -1.500 -0.110 -0.983
1963  0.098  -1.500 -0.110 -1.031
1964  0.116  -1.500 -0.110 -1.075
1965  0.093  -1.500 -0.111 -1.134
1966  0.098  -1.500 -0.111 -1.182
1967  0.159  -1.500 -0.112 -1.209
1968  0.064  -1.500 -0.112 -1.293
1969  0.077  -1.500 -0.112 -1.338
1970  0.099  -1.500 -0.113 -1.380
1971  0.078  -1.500 -0.113 -1.437
1972  0.084  -1.500 -0.113 -1.485
1973  0.055  -1.500 -0.114 -1.546
1974  0.053  -1.500 -0.114 -1.597
1975  0.026  -1.500 -0.115 -1.658
1976  0.074  -1.500 -0.115 -1.691
1977  0.023  -1.500 -0.115 -1.761
1978  0.107  -1.499 -0.116 -1.781
1979  0.067  -1.496 -0.116 -1.846
1980  0.016  -1.489 -0.117 -1.914
1981  0.055  -1.466 -0.117 -1.951
1982  0.042  -1.400 -0.117 -2.006
1983  0.053  -1.228 -0.117 -2.052
1984  0.073  -0.890 -0.118 -2.095
1985  0.049  -0.480 -0.118 -2.152
1986  0.096  -0.198 -0.118 -2.169
1987  0.114  -0.070 -0.118 -2.188
1988  0.138  -0.023 -0.118 -2.193
1989  0.055  -0.008 -0.119 -2.232
1990  0.150  -0.002 -0.119 -2.196
1991  0.098  -0.001 -0.119 -2.215
1992  0.061  -0.000 -0.119 -2.224
1993  0.036  -0.000 -0.119 -2.227
1994  0.018  -0.000 -0.119 -2.228
1995  0.004  -0.000 -0.119 -2.228
1996  -0.013  -0.000 -0.119 -2.228
1997  -0.026  -0.000 -0.119 -2.226
1998  -0.043  -0.000 -0.119 -2.226
1999  -0.105  -0.000 -0.119 -2.243
2000  -0.047  -0.000 -0.119 -2.214
2001  -0.075  0.000 -0.119 -2.218
2002  -0.099  0.000 -0.119 -2.220
2003  -0.069  0.000 -0.119 -2.202
2004  -0.065  0.000 -0.119 -2.194
2005  -0.073  0.000 -0.118 -2.190
2006  -0.083  0.000 -0.119 -2.186
2007  -0.189  0.000 -0.118 -2.219
2008  -0.065  0.000 -0.119 -2.165
2009  -0.056  0.000 -0.118 -2.156
2010  -0.065  0.000 -0.118 -2.152
2011  -0.078  0.001 -0.118 -2.150
2012  -0.090  0.002 -0.118 -2.147
2013  -0.105  0.008 -0.118 -2.146
2014  -0.074  0.023 -0.118 -2.127
2015  -0.114  0.070 -0.118 -2.135
2016  -0.097  0.198 -0.118 -2.119
2017  -0.099  0.480 -0.118 -2.107
2018  -0.075  0.890 -0.118 -2.074
2019  -0.047  1.228 -0.117 -2.026
2020  -0.002  1.400 -0.117 -1.965
2021  0.038  1.466 -0.116 -1.896
2022  0.021  1.489 -0.116 -1.842
2023  0.021  1.496 -0.115 -1.779
2024  0.035  1.499 -0.115 -1.709
2025  0.052  1.500 -0.114 -1.637
2026  0.115  1.500 -0.113 -1.546
2027  0.155  1.500 -0.113 -1.463
2028  0.182  1.500 -0.112 -1.381
2029  0.196  1.500 -0.111 -1.304
2030  0.248  1.500 -0.111 -1.210
2031  0.321  1.500 -0.110 -1.107
2032  0.350  1.500 -0.110 -1.017
2033  0.359  1.500 -0.109 -0.933
2034  0.352  1.500 -0.108 -0.853
2035  0.433  1.500 -0.107 -0.740
2036  0.460  1.500 -0.107 -0.645
2037  0.505  1.500 -0.106 -0.541
2038  0.511  1.500 -0.105 -0.450
2039  0.540  1.500 -0.104 -0.350
2040  0.580  1.500 -0.104 -0.245
2041  0.537  1.500 -0.103 -0.171
2042  0.499  1.500 -0.103 -0.095
2043  0.464  1.500 -0.102 -0.019
2044  0.340  1.500 0.103 0.022
2045  0.221  1.500 0.103 0.060
2046  0.211  1.500 0.104 0.135
2047  0.162  1.500 0.104 0.192
2048  0.145  1.500 0.104 0.257
2049  0.100  1.500 0.105 0.310
2050  0.042  1.500 0.105 0.355
2051  0.078  1.500 0.105 0.433
2052  -0.028  1.500 0.106 0.456
2053  -0.014  1.500 0.106 0.522
2054  -0.030  1.500 0.107 0.574
2055  -0.014  1.500 0.107 0.638
2056  -0.077  1.500 0.108 0.671
2057  -0.082  1.500 0.108 0.724
2058  -0.100  1.500 0.108 0.771
2059  -0.081  1.500 0.108 0.831
2060  -0.137  1.500 0.109 0.862
2061  -0.131  1.500 0.109 0.915
2062  -0.143  1.500 0.109 0.960
2063  -0.162  1.500 0.110 1.001
2064  -0.136  1.500 0.110 1.059
2065  -0.086  1.500 0.111 1.126
2066  -0.126  1.500 0.111 1.160
2067  -0.111  1.500 0.112 1.215
2068  -0.072  1.500 0.112 1.278
2069  -0.114  1.500 0.112 1.312
2070  -0.103  1.500 0.112 1.366
2071  -0.110  1.500 0.113 1.412
2072  -0.129  1.500 0.113 1.454
2073  -0.102  1.500 0.114 1.512
2074  -0.105  1.500 0.114 1.559
2075  -0.068  1.500 0.115 1.622
2076  -0.068  1.500 0.115 1.671
2077  -0.080  1.500 0.115 1.716
2078  -0.057  1.499 0.116 1.775
2079  -0.013  1.496 0.116 1.841
2080  -0.098  1.489 0.116 1.860
2081  -0.067  1.466 0.117 1.921
2082  -0.062  1.400 0.117 1.973
2083  -0.076  1.228 0.117 2.017
2084  -0.096  0.890 0.118 2.058
2085  -0.070  0.480 0.118 2.116
2086  -0.024  0.198 0.118 2.168
2087  -0.091  0.070 0.118 2.167
2088  -0.096  0.023 0.118 2.182
2089  -0.095  0.008 0.119 2.189
2090  -0.091  0.002 0.119 2.191
2091  -0.078  0.001 0.118 2.194
2092  -0.068  0.000 0.118 2.194
2093  -0.054  0.000 0.119 2.194
2094  0.008  0.000 0.119 2.211
2095  -0.005  0.000 0.118 2.200
2096  0.091  0.000 0.119 2.230
2097  0.049  0.000 0.119 2.207
2098  -0.007  0.000 0.118 2.181
2099  0.065  0.000 0.118 2.202
2100  -0.028  0.000 0.118 2.158
2101  0.027  0.000 0.118 2.174
2102  0.018  -0.000 0.119 2.162
2103  0.065  -0.000 0.118 2.173
2104  0.053  -0.000 0.118 2.162
2105  0.052  -0.000 0.118 2.155
2106  0.058  -0.000 0.118 2.151
2107  0.071  -0.000 0.118 2.149
2108  0.039  -0.000 0.118 2.130
2109  0.031  -0.000 0.118 2.121
2110  0.040  -0.000 0.118 2.117
2111  0.094  -0.001 0.118 2.131
2112  0.082  -0.002 0.118 2.120
2113  0.086  -0.008 0.118 2.115
2114  0.138  -0.023 0.118 2.128
2115  0.173  -0.070 0.118 2.133
2116  0.059  -0.198 0.118 2.082
2117  0.061  -0.480 0.117 2.071
2118  0.037  -0.890 0.118 2.038
2119  0.061  -1.228 0.117 2.009
2120  0.035  -1.400 0.117 1.955
2121  0.052  -1.466 0.116 1.909
2122  -0.002  -1.489 0.115 1.831
2123  -0.042  -1.496 0.115 1.756
2124  -0.076  -1.499 0.114 1.679
2125  -0.100  -1.500 0.114 1.603
2126  -0.167  -1.500 0.113 1.510
2127  -0.156  -1.500 0.113 1.443
2128  -0.200  -1.500 0.112 1.354
2129  -0.224  -1.500 0.111 1.271
2130  -0.234  -1.500 0.110 1.193
2131  -0.285  -1.500 0.110 1.097
2132  -0.305  -1.500 0.109 1.012
2133  -0.359  -1.500 0.108 0.912
2134  -0.421  -1.500 0.108 0.808
2135  -0.396  -1.500 0.107 0.733
2136  -0.465  -1.500 0.106 0.623
2137  -0.437  -1.500 0.106 0.547
2138  -0.500  -1.500 0.105 0.437
2139  -0.516  -1.500 0.105 0.342
2140  -0.460  -1.500 0.104 0.274
2141  -0.460  -1.500 0.103 0.186
2142  -0.450  -1.500 0.103 0.102
2143  -0.430  -1.500 0.102 0.023
2144  -0.315  -1.500 -0.103 -0.020
2145  -0.205  -1.500 -0.103 -0.060
2146  -0.196  -1.500 -0.104 -0.134
2147  -0.105  -1.500 -0.104 -0.174
2148  -0.116  -1.500 -0.104 -0.248
2149  -0.042  -1.500 -0.105 -0.287
2150  -0.021  -1.500 -0.105 -0.344
2151  -0.030  -1.500 -0.106 -0.409
2152  -0.006  -1.500 -0.106 -0.461
2153  0.032  -1.500 -0.106 -0.507
2154  0.074  -1.500 -0.107 -0.549
2155  0.068  -1.500 -0.107 -0.607
2156  0.087  -1.500 -0.107 -0.654
2157  0.065  -1.500 -0.108 -0.716
2158  0.074  -1.500 -0.108 -0.766
2159  0.097  -1.500 -0.108 -0.810
2160  0.079  -1.500 -0.109 -0.869
2161  0.088  -1.500 -0.109 -0.918
2162  0.107  -1.500 -0.110 -0.962
2163  0.087  -1.500 -0.110 -1.020
2164  0.093  -1.500 -0.110 -1.069
2165  0.111  -1.500 -0.111 -1.113
2166  0.137  -1.500 -0.111 -1.153
2167  0.113  -1.500 -0.111 -1.211
2168  0.070  -1.500 -0.112 -1.276
2169  0.107  -1.500 -0.112 -1.312
2170  0.098  -1.500 -0.113 -1.365
2171  0.058  -1.500 -0.113 -1.429
2172  0.056  -1.500 -0.113 -1.481
2173  0.024  -1.500 -0.114 -1.543
2174  0.070  -1.500 -0.114 -1.578
2175  0.019  -1.500 -0.115 -1.648
2176  0.058  -1.500 -0.115 -1.685
2177  0.093  -1.500 -0.115 -1.724
2178  0.033  -1.499 -0.116 -1.796
2179  0.064  -1.496 -0.116 -1.835
2180  0.049  -1.489 -0.117 -1.891
2181  0.056  -1.466 -0.117 -1.939
2182  0.030  -1.400 -0.117 -1.999
2183  0.123  -1.228 -0.117 -2.014
2184  0.045  -0.890 -0.118 -2.092
2185  0.065  -0.480 -0.118 -2.132
2186  0.086  -0.198 -0.118 -2.158
2187  0.136  -0.070 -0.118 -2.164
2188  0.131  -0.023 -0.118 -2.181
2189  0.125  -0.008 -0.119 -2.190
2190  0.071  -0.002 -0.119 -2.212
2191  0.041  -0.001 -0.119 -2.220
2192  0.065  -0.000 -0.119 -2.207
2193  0.069  -0.000 -0.119 -2.201
2194  0.015  -0.000 -0.119 -2.215
2195  0.030  -0.000 -0.119 -2.203
2196  -0.065  -0.000 -0.119 -2.233
2197  -0.025  -0.000 -0.119 -2.210
2198  -0.058  -0.000 -0.119 -2.217
2199  -0.082  -0.000 -0.119 -2.219
2200  -0.055  -0.000 -0.119 -2.203
2201  -0.098  0.000 -0.119 -2.212
2202  -0.078  0.000 -0.119 -2.198
2203  -0.032  0.000 -0.118 -2.174
2204  -0.066  0.000 -0.118 -2.180
2205  -0.090  0.000 -0.118 -2.181
2206  -0.064  0.000 -0.118 -2.164
2207  -0.106  0.000 -0.118 -2.174
2208  -0.088  0.000 -0.118 -2.160
2209  -0.087  0.000 -0.118 -2.153
2210  -0.093  0.000 -0.118 -2.149
2211  -0.109  0.001 -0.118 -2.148
2212  -0.076  0.002 -0.118 -2.128
2213  -0.068  0.008 -0.118 -2.119
2214  -0.074  0.023 -0.118 -2.114
2215  -0.086  0.070 -0.118 -2.110
2216  -0.101  0.198 -0.118 -2.107
2217  -0.118  0.480 -0.118 -2.100
2218  -0.051  0.890 -0.117 -2.052
2219  -0.054  1.228 -0.117 -2.016
2220  0.026  1.400 -0.117 -1.941
2221  0.033  1.466 -0.116 -1.884
2222  0.045  1.489 -0.116 -1.819
2223  0.017  1.496 -0.115 -1.766
2224  0.059  1.499 -0.114 -1.685
2225  0.090  1.500 -0.114 -1.606
2226  0.115  1.500 -0.113 -1.529
2227  0.178  1.500 -0.112 -1.436
2228  0.214  1.500 -0.112 -1.350
2229  0.186  1.500 -0.111 -1.287
2230  0.264  1.500 -0.110 -1.183
2231  0.351  1.500 -0.110 -1.074
2232  0.381  1.500 -0.109 -0.983
2233  0.391  1.500 -0.108 -0.897
2234  0.475  1.500 -0.108 -0.781
2235  0.501  1.500 -0.107 -0.685
2236  0.496  1.500 -0.106 -0.598
2237  0.568  1.500 -0.105 -0.481
2238  0.582  1.500 -0.105 -0.386
2239  0.569  1.500 -0.104 -0.300
2240  0.591  1.500 -0.104 -0.200
2241  0.537  1.500 -0.103 -0.131
2242  0.497  1.500 -0.103 -0.056
2243  0.415  1.500 -0.102 0.002
2244  0.270  1.500 0.103 0.033
2245  0.238  1.500 0.104 0.102
2246  0.224  1.500 0.104 0.174
2247  0.177  1.500 0.104 0.231
2248  0.156  1.500 0.105 0.295
2249  0.064  1.500 0.105 0.330
2250  0.031  1.500 0.106 0.385
2251  0.078  1.500 0.106 0.466
2252  -0.020  1.500 0.106 0.491
2253  -0.003  1.500 0.106 0.558
2254  -0.064  1.500 0.107 0.594
2255  -0.025  1.500 0.107 0.665
2256  -0.070  1.500 0.108 0.704
2257  -0.071  1.500 0.108 0.759
2258  -0.131  1.500 0.108 0.790
2259  -0.133  1.500 0.109 0.841
2260  -0.103  1.500 0.109 0.902
2261  -0.147  1.500 0.109 0.936
2262  -0.138  1.500 0.110 0.989
2263  -0.145  1.500 0.110 1.035
2264  -0.159  1.500 0.111 1.078
2265  -0.088  1.500 0.111 1.152
2266  -0.110  1.500 0.111 1.193
2267  -0.091  1.500 0.112 1.249
2268  -0.096  1.500 0.112 1.297
2269  -0.110  1.500 0.112 1.341
2270  -0.089  1.500 0.113 1.398
2271  -0.136  1.500 0.113 1.429
2272  -0.128  1.500 0.113 1.481
2273  -0.135  1.500 0.114 1.526
2274  -0.100  1.500 0.114 1.586
2275  -0.099  1.500 0.114 1.634
2276  -0.063  1.500 0.115 1.696
2277  -0.058  1.500 0.115 1.747
2278  -0.073  1.499 0.116 1.791
2279  -0.049  1.496 0.116 1.850
2280  -0.054  1.489 0.117 1.898
2281  -0.022  1.466 0.117 1.960
2282  -0.069  1.400 0.117 1.994
2283  -0.110  1.228 0.117 2.028
2284  -0.047  0.890 0.118 2.101
2285  -0.077  0.480 0.118 2.136
2286  -0.059  0.198 0.118 2.178
2287  -0.135  0.070 0.118 2.174
2288  -0.094  0.023 0.119 2.205
2289  -0.075  0.008 0.119 2.218
2290  -0.061  0.002 0.119 2.225
2291  -0.094  0.001 0.119 2.210
2292  -0.058  0.000 0.119 2.220
2293  -0.029  0.000 0.119 2.225
2294  -0.011  0.000 0.119 2.226
2295  0.008  0.000 0.119 2.227
2296  0.024  0.000 0.119 2.227
2297  -0.009  0.000 0.119 2.208
2298  0.032  0.000 0.119 2.217
2299  0.014  0.000 0.118 2.203
2300  0.013  0.000 0.119 2.196
2301  0.068  0.000 0.119 2.210
2302  0.100  -0.000 0.119 2.215
2303  0.030  -0.000 0.118 2.182
2304  0.006  -0.000 0.118 2.167
2305  0.049  -0.000 0.118 2.176
2306  0.081  -0.000 0.118 2.181
2307  0.056  -0.000 0.118 2.164
2308  0.052  -0.000 0.118 2.156
2309  0.012  -0.000 0.118 2.135
2310  0.095  -0.000 0.118 2.160
2311  0.097  -0.001 0.118 2.153
2312  0.103  -0.002 0.118 2.149
2313  0.114  -0.008 0.118 2.147
2314  0.081  -0.023 0.118 2.127
2315  0.074  -0.070 0.118 2.117
2316  0.081  -0.198 0.118 2.111
2317  0.096  -0.480 0.118 2.103
2318  0.074  -0.890 0.118 2.072
2319  0.096  -1.228 0.117 2.042
2320  0.074  -1.400 0.117 1.991
2321  -0.006  -1.466 0.116 1.910
2322  -0.010  -1.489 0.116 1.851
2323  -0.073  -1.496 0.115 1.765
2324  -0.067  -1.499 0.115 1.702
2325  -0.074  -1.500 0.114 1.632
2326  -0.129  -1.500 0.113 1.544
2327  -0.166  -1.500 0.113 1.460
2328  -0.183  -1.500 0.112 1.382
2329  -0.199  -1.500 0.111 1.303
2330  -0.251  -1.500 0.111 1.210
2331  -0.322  -1.500 0.110 1.107
2332  -0.353  -1.500 0.109 1.016
2333  -0.405  -1.500 0.109 0.916
2334  -0.373  -1.500 0.108 0.844
2335  -0.440  -1.500 0.107 0.735
2336  -0.412  -1.500 0.107 0.660
2337  -0.476  -1.500 0.106 0.550
2338  -0.496  -1.500 0.105 0.455
2339  -0.536  -1.500 0.105 0.351
2340  -0.487  -1.500 0.104 0.281
2341  -0.541  -1.500 0.103 0.170
2342  -0.457  -1.500 0.103 0.114
2343  -0.400  -1.500 0.103 0.046
2344  -0.316  -1.500 0.090 -0.007
2345  -0.222  -1.500 -0.103 -0.053
2346  -0.220  -1.500 -0.103 -0.130
2347  -0.180  -1.500 -0.104 -0.190
2348  -0.118  -1.500 -0.104 -0.239
2349  -0.098  -1.500 -0.105 -0.300
2350  -0.099  -1.500 -0.105 -0.368
2351  -0.024  -1.500 -0.106 -0.405
2352  -0.048  -1.500 -0.106 -0.476
2353  0.011  -1.500 -0.106 -0.516
2354  0.024  -1.500 -0.107 -0.570
2355  0.004  -1.500 -0.107 -0.636
2356  0.020  -1.500 -0.107 -0.688
2357  0.050  -1.500 -0.108 -0.733
2358  0.083  -1.500 -0.108 -0.776
2359  0.076  -1.500 -0.109 -0.832
2360  0.085  -1.500 -0.109 -0.882
2361  0.111  -1.500 -0.109 -0.925
2362  0.093  -1.500 -0.110 -0.983
2363  0.097  -1.500 -0.110 -1.032
2364  0.072  -1.500 -0.110 -1.092
2365  0.120  -1.500 -0.111 -1.125
2366  0.112  -1.500 -0.111 -1.178
2367  0.077  -1.500 -0.112 -1.241
2368  0.118  -1.500 -0.112 -1.276
2369  0.108  -1.500 -0.112 -1.329
2370  0.119  -1.500 -0.113 -1.374
2371  0.087  -1.500 -0.113 -1.434
2372  0.041  -1.500 -0.114 -1.501
2373  0.031  -1.500 -0.114 -1.555
2374  0.048  -1.500 -0.114 -1.600
2375  0.069  -1.500 -0.115 -1.644
2376  0.053  -1.500 -0.115 -1.700
2377  0.058  -1.500 -0.115 -1.749
2378  0.034  -1.499 -0.116 -1.809
2379  0.080  -1.496 -0.116 -1.843
2380  0.073  -1.489 -0.116 -1.895
2381  0.085  -1.466 -0.117 -1.940
2382  0.009  -1.400 -0.117 -2.018
2383  0.035  -1.228 -0.118 -2.059
2384  0.064  -0.890 -0.118 -2.099
2385  0.046  -0.480 -0.118 -2.154
2386  0.096  -0.198 -0.118 -2.169
2387  0.115  -0.070 -0.119 -2.188
2388  0.138  -0.023 -0.118 -2.194
2389  0.104  -0.008 -0.119 -2.214
2390  0.127  -0.002 -0.119 -2.206
2391  0.085  -0.001 -0.119 -2.220
2392  0.059  -0.000 -0.119 -2.225
2393  0.037  -0.000 -0.119 -2.228
2394  0.022  -0.000 -0.119 -2.228
2395  0.005  -0.000 -0.119 -2.228
2396  -0.011  -0.000 -0.119 -2.228
2397  -0.071  -0.000 -0.119 -2.244
2398  -0.016  -0.000 -0.119 -2.216
2399  -0.043  -0.000 -0.119 -2.221
2400  -0.157  -0.000 -0.119 -2.257
2401  -0.034  0.000 -0.119 -2.203
2402  -0.121  0.000 -0.119 -2.231
2403  -0.033  0.000 -0.119 -2.189
2404  -0.046  0.000 -0.119 -2.188
2405  -0.111  0.000 -0.119 -2.205
2406  -0.100  0.000 -0.118 -2.193
2407  -0.150  0.000 -0.118 -2.206
2408  -0.042  0.000 -0.119 -2.158
2409  -0.092  0.000 -0.118 -2.171
2410  -0.081  0.000 -0.118 -2.159
2411  -0.083  0.001 -0.118 -2.153
2412  -0.046  0.002 -0.118 -2.132
2413  -0.081  0.008 -0.118 -2.138
2414  -0.110  0.023 -0.118 -2.141
2415  -0.084  0.070 -0.118 -2.124
2416  -0.080  0.198 -0.118 -2.114
2417  -0.094  0.480 -0.118 -2.106
2418  -0.115  0.890 -0.118 -2.091
2419  -0.018  1.228 -0.117 -2.016
2420  -0.033  1.400 -0.117 -1.977
2421  0.023  1.466 -0.116 -1.902
2422  0.060  1.489 -0.116 -1.829
2423  0.091  1.496 -0.115 -1.753
2424  0.065  1.499 -0.115 -1.696
2425  0.107  1.500 -0.114 -1.612
2426  0.136  1.500 -0.113 -1.532
2427  0.153  1.500 -0.112 -1.455
2428  0.213  1.500 -0.112 -1.361
2429  0.244  1.500 -0.111 -1.275
2430  0.303  1.500 -0.111 -1.177
2431  0.374  1.500 -0.110 -1.071
2432  0.353  1.500 -0.109 -0.998
2433  0.472  1.500 -0.108 -0.871
2434  0.474  1.500 -0.108 -0.784
2435  0.454  1.500 -0.107 -0.704
2436  0.520  1.500 -0.106 -0.590
2437  0.536  1.500 -0.106 -0.495
2438  0.569  1.500 -0.105 -0.392
2439  0.567  1.500 -0.104 -0.303
2440  0.594  1.500 -0.104 -0.202
2441  0.541  1.500 -0.103 -0.132
2442  0.452  1.500 -0.103 -0.075
2443  0.397  1.500 -0.102 -0.008
2444  0.268  1.500 0.103 0.028
2445  0.293  1.500 0.103 0.117
2446  0.210  1.500 0.104 0.165
2447  0.127  1.500 0.104 0.208
2448  0.093  1.500 0.104 0.266
2449  0.087  1.500 0.105 0.332
2450  0.054  1.500 0.105 0.385
2451  0.006  1.500 0.106 0.431
2452  0.002  1.500 0.106 0.490
2453  -0.025  1.500 0.106 0.540
2454  -0.015  1.500 0.107 0.602
2455  -0.079  1.500 0.107 0.635
2456  -0.087  1.500 0.108 0.687
2457  -0.060  1.500 0.108 0.751
2458  -0.160  1.500 0.108 0.767
2459  -0.132  1.500 0.109 0.829
2460  -0.132  1.500 0.109 0.878
2461  -0.144  1.500 0.109 0.923
2462  -0.164  1.500 0.110 0.964
2463  -0.137  1.500 0.110 1.022
2464  -0.137  1.500 0.110 1.070
2465  -0.105  1.500 0.111 1.130
2466  -0.100  1.500 0.111 1.181
2467  -0.114  1.500 0.112 1.225
2468  -0.086  1.500 0.112 1.285
2469  -0.134  1.500 0.112 1.316
2470  -0.125  1.500 0.112 1.368
2471  -0.088  1.500 0.113 1.430
2472  -0.083  1.500 0.113 1.481
2473  -0.092  1.500 0.114 1.527
2474  -0.113  1.500 0.114 1.568
2475  -0.089  1.500 0.115 1.626
2476  -0.090  1.500 0.115 1.674
2477  -0.060  1.500 0.115 1.734
2478  -0.057  1.499 0.116 1.785
2479  -0.028  1.496 0.116 1.846
2480  -0.074  1.489 0.116 1.879
2481  -0.063  1.466 0.117 1.934
2482  -0.123  1.400 0.117 1.961
2483  -0.069  1.228 0.117 2.029
2484  -0.103  0.890 0.118 2.065
2485  -0.085  0.480 0.118 2.119
2486  -0.087  0.198 0.119 2.152
2487  -0.083  0.070 0.118 2.178
2488  -0.100  0.023 0.119 2.187
2489  -0.014  0.008 0.118 2.227
2490  -0.108  0.002 0.118 2.193
2491  -0.101  0.001 0.119 2.195
2492  -0.042  0.000 0.119 2.212
2493  -0.050  0.000 0.119 2.203
2494  -0.002  0.000 0.119 2.216
2495  0.027  0.000 0.119 2.220
2496  0.003  0.000 0.119 2.205
2497  -0.003  0.000 0.118 2.197
2498  0.053  0.000 0.118 2.211
2499  -0.006  0.000 0.118 2.181
2500  0.020  0.000 0.118 2.185
2501  0.042  0.000 0.119 2.186
2502  0.060  -0.000 0.119 2.186
2503  0.074  -0.000 0.118 2.185
2504  0.044  -0.000 0.118 2.167
2505  0.037  -0.000 0.118 2.158
2506  0.091  -0.000 0.118 2.171
2507  0.031  -0.000 0.118 2.141
2508  0.009  -0.000 0.118 2.127
2509  0.056  -0.000 0.118 2.138
2510  0.040  -0.000 0.118 2.125
2511  0.086  -0.001 0.118 2.136
2512  0.069  -0.002 0.118 2.122
2513  0.115  -0.008 0.118 2.133
2514  0.098  -0.023 0.118 2.120
2515  0.098  -0.070 0.118 2.113
2516  0.107  -0.198 0.118 2.108
2517  0.123  -0.480 0.118 2.100
2518  0.055  -0.890 0.117 2.052
2519  0.055  -1.228 0.117 2.015
2520  0.072  -1.400 0.116 1.976
2521  -0.033  -1.466 0.116 1.885
2522  -0.006  -1.489 0.116 1.836
2523  -0.002  -1.496 0.115 1.776
2524  -0.063  -1.499 0.114 1.690
2525  -0.102  -1.500 0.114 1.609
2526  -0.129  -1.500 0.113 1.530
2527  -0.147  -1.500 0.113 1.454
2528  -0.207  -1.500 0.112 1.360
2529  -0.237  -1.500 0.111 1.275
2530  -0.254  -1.500 0.111 1.194
2531  -0.304  -1.500 0.110 1.098
2532  -0.372  -1.500 0.109 0.994
2533  -0.395  -1.500 0.109 0.904
2534  -0.396  -1.500 0.108 0.820
2535  -0.476  -1.500 0.107 0.705
2536  -0.457  -1.500 0.106 0.626
2537  -0.474  -1.500 0.106 0.532
2538  -0.560  -1.500 0.105 0.411
2539  -0.538  -1.500 0.105 0.330
2540  -0.508  -1.500 0.104 0.251
2541  -0.479  -1.500 0.103 0.172
2542  -0.494  -1.500 0.103 0.078
2543  -0.396  -1.500 0.102 0.027
2544  -0.286  -1.500 -0.102 -0.018
2545  -0.178  -1.500 -0.103 -0.058
2546  -0.222  -1.500 -0.104 -0.151
2547  -0.159  -1.500 -0.104 -0.201
2548  -0.086  -1.500 -0.105 -0.245
2549  -0.062  -1.500 -0.105 -0.303
2550  -0.067  -1.500 -0.105 -0.370
2551  0.009  -1.500 -0.106 -0.405
2552  -0.019  -1.500 -0.106 -0.477
2553  -0.009  -1.500 -0.106 -0.533
2554  0.021  -1.500 -0.107 -0.580
2555  0.060  -1.500 -0.107 -0.623
2556  0.055  -1.500 -0.108 -0.681
2557  0.070  -1.500 -0.108 -0.730
2558  0.101  -1.500 -0.108 -0.773
2559  0.084  -1.500 -0.109 -0.832
2560  0.092  -1.500 -0.109 -0.881
2561  0.113  -1.500 -0.109 -0.925
2562  0.094  -1.500 -0.110 -0.983
2563  0.099  -1.500 -0.110 -1.031
2564  0.070  -1.500 -0.111 -1.093
2565  0.118  -1.500 -0.111 -1.126
2566  0.111  -1.500 -0.111 -1.179
2567  0.076  -1.500 -0.112 -1.241
2568  0.120  -1.500 -0.112 -1.275
2569  0.109  -1.500 -0.112 -1.328
2570  0.070  -1.500 -0.113 -1.392
2571  0.065  -1.500 -0.113 -1.444
2572  0.080  -1.500 -0.113 -1.488
2573  0.057  -1.500 -0.114 -1.548
2574  0.058  -1.500 -0.114 -1.598
2575  0.079  -1.500 -0.115 -1.641
2576  0.009  -1.500 -0.115 -1.717
2577  0.039  -1.500 -0.115 -1.758
2578  0.071  -1.499 -0.116 -1.797
2579  0.056  -1.496 -0.116 -1.853
2580  0.110  -1.489 -0.117 -1.883
2581  0.056  -1.466 -0.117 -1.952
2582  0.042  -1.400 -0.117 -2.007
2583  0.052  -1.228 -0.118 -2.053
2584  0.025  -0.890 -0.118 -2.113
2585  0.073  -0.480 -0.118 -2.142
2586  0.109  -0.198 -0.118 -2.164
2587  0.118  -0.070 -0.119 -2.186
2588  0.091  -0.023 -0.119 -2.211
2589  0.128  -0.008 -0.119 -2.204
2590  0.092  -0.002 -0.119 -2.219
2591  0.066  -0.001 -0.119 -2.226
2592  0.050  -0.000 -0.119 -2.228
2593  0.032  -0.000 -0.119 -2.229
2594  0.018  -0.000 -0.119 -2.228
2595  0.002  -0.000 -0.119 -2.228
2596  -0.012  -0.000 -0.119 -2.227
2597  -0.029  -0.000 -0.119 -2.227
2598  0.002  -0.000 -0.119 -2.208
2599  -0.085  -0.000 -0.119 -2.235
2600  -0.086  -0.000 -0.119 -2.228
2601  -0.092  0.000 -0.119 -2.224
2602  -0.062  0.000 -0.119 -2.206
2603  -0.052  0.000 -0.119 -2.195
2604  -0.105  0.000 -0.118 -2.208
2605  -0.046  0.000 -0.118 -2.178
2606  -0.070  0.000 -0.118 -2.181
2607  -0.184  0.000 -0.119 -2.217
2608  -0.063  0.000 -0.118 -2.164
2609  -0.056  0.000 -0.118 -2.156
2610  -0.112  0.000 -0.118 -2.170
