1   1.000  0.000  0.000
2   1.000  0.013  0.000
3   1.000  0.025  0.000
4   1.000  0.038  0.000
5   1.000  0.050  0.000
6   1.000  0.063  0.000
7   1.000  0.075  0.767
8   1.000  0.088  0.000
9   1.000  0.100  0.000
10   1.000  0.113  0.000
11   1.000  0.126  0.000
12   1.000  0.138  0.000
13   1.000  0.151  0.767
14   1.000  0.163  0.000
15   1.000  0.176  0.000
16   1.000  0.188  0.767
17   1.000  0.201  0.000
18   1.000  0.213  0.767
19   1.000  0.226  0.000
20   1.000  0.238  0.767
21   1.000  0.251  0.000
22   1.000  0.263  0.767
23   1.000  0.276  0.767
24   1.000  0.288  0.767
25   1.000  0.300  0.767
26   1.000  0.313  0.767
27   1.000  0.325  0.767
28   1.000  0.338  0.767
29   1.000  0.350  0.767
30   1.000  0.362  0.767
31   1.000  0.375  0.767
32   1.000  0.387  1.534
33   1.000  0.399  1.534
34   1.000  0.412  0.767
35   1.000  0.424  1.534
36   1.000  0.436  1.534
37   1.000  0.449  2.301
38   1.000  0.461  1.534
39   1.000  0.473  2.301
40   1.000  0.485  1.534
41   1.000  0.497  2.301
42   1.000  0.510  3.068
43   1.000  0.522  2.301
44   1.000  0.534  2.301
45   1.000  0.546  3.068
46   1.000  0.558  3.068
47   1.000  0.570  3.068
48   1.000  0.582  3.068
49   1.000  0.594  3.835
50   1.000  0.606  3.835
51   1.000  0.618  3.835
52   1.000  0.630  4.602
53   1.000  0.642  3.835
54   1.000  0.654  5.369
55   1.000  0.666  4.602
56   1.000  0.677  5.369
57   1.000  0.689  5.369
58   1.000  0.701  5.369
59   1.000  0.713  6.136
60   1.000  0.725  6.136
61   1.000  0.736  6.136
62   1.000  0.748  6.903
63   1.000  0.760  6.903
64   1.000  0.771  6.903
65   1.000  0.783  7.670
66   1.000  0.794  7.670
67   1.000  0.806  8.437
68   1.000  0.817  8.437
69   1.000  0.829  8.437
70   1.000  0.840  9.204
71   1.000  0.852  9.204
72   1.000  0.863  9.204
73   1.000  0.874  9.971
74   1.000  0.886  10.738
75   1.000  0.897  10.738
76   1.000  0.908  11.505
77   1.000  0.919  10.737
78   1.000  0.930  12.272
79   1.000  0.941  12.272
80   1.000  0.952  13.039
81   1.000  0.964  13.039
82   1.000  0.975  14.573
83   1.000  0.985  14.573
84   1.000  0.996  14.573
85   1.000  1.007  15.340
86   1.000  1.018  16.107
87   1.000  1.029  16.107
88   1.000  1.040  16.874
89   1.000  1.050  16.874
90   1.000  1.061  17.641
91   1.000  1.072  18.408
92   1.000  1.082  18.408
93   1.000  1.093  19.175
94   1.000  1.103  19.941
95   1.000  1.114  19.942
96   1.000  1.124  20.709
97   1.000  1.135  21.476
98   1.000  1.145  22.243
99   1.000  1.155  22.243
100   1.000  1.165  23.010
101   1.000  1.176  23.777
102   1.000  1.186  24.544
103   1.000  1.196  25.311
104   1.000  1.206  25.311
105   1.000  1.216  26.078
106   1.000  1.226  26.078
107   1.000  1.236  27.612
108   1.000  1.246  27.611
109   1.000  1.255  28.379
110   1.000  1.265  29.146
111   1.000  1.275  29.145
112   1.000  1.285  29.913
113   1.000  1.294  30.680
114   1.000  1.304  31.446
115   1.000  1.313  32.214
116   1.000  1.323  32.980
117   1.000  1.332  32.980
118   1.000  1.341  34.515
119   1.000  1.351  35.281
120   1.000  1.360  35.282
121   1.000  1.369  36.049
122   1.000  1.378  37.582
123   1.000  1.387  38.349
124   1.000  1.396  38.350
125   1.000  1.405  39.883
126   1.000  1.414  39.884
127   1.000  1.423  41.418
128   1.000  1.432  42.184
129   1.000  1.441  42.952
130   1.000  1.449  42.952
131   1.000  1.458  44.485
132   1.000  1.467  45.253
133   1.000  1.475  46.020
134   1.000  1.483  46.786
135   1.000  1.492  47.553
136   1.000  1.500  48.321
137   1.000  1.509  49.088
138   1.000  1.517  49.854
139   1.000  1.525  51.389
140   1.000  1.533  52.155
141   1.000  1.541  53.690
142   1.000  1.549  53.689
143   1.000  1.557  54.457
144   1.000  1.565  55.990
145   1.000  1.573  56.757
146   1.000  1.580  57.525
147   1.000  1.588  59.058
148   1.000  1.596  59.058
149   1.000  1.603  60.592
150   1.000  1.611  61.359
151   1.000  1.618  62.126
152   1.000  1.625  63.661
153   1.000  1.633  64.427
154   1.000  1.640  65.194
155   1.000  1.647  66.728
156   1.000  1.654  67.495
157   1.000  1.661  69.029
158   1.000  1.668  69.797
159   1.000  1.675  70.563
160   1.000  1.682  72.097
161   1.000  1.689  72.865
162   1.000  1.695  74.398
163   1.000  1.702  74.398
164   1.000  1.709  75.932
165   1.000  1.715  78.233
166   1.000  1.721  78.234
167   1.000  1.728  79.766
168   1.000  1.734  80.534
169   1.000  1.740  82.835
170   1.000  1.747  82.835
171   1.000  1.753  84.369
172   1.000  1.759  85.903
173   1.000  1.765  86.670
174   1.000  1.770  88.203
175   1.000  1.776  88.971
176   1.000  1.782  90.505
177   1.000  1.788  92.039
178   1.000  1.793  92.806
179   1.000  1.799  95.107
180   1.000  1.804  95.107
181   1.000  1.810  97.407
182   1.000  1.815  98.175
183   1.000  1.820  99.709
184   1.000  1.825  101.243
185   1.000  1.830  102.010
186   1.000  1.836  104.310
187   1.000  1.840  105.078
188   1.000  1.845  105.844
189   1.000  1.850  108.146
190   1.000  1.855  108.912
191   1.000  1.860  111.214
192   1.000  1.864  111.214
193   1.000  1.869  113.515
194   1.000  1.873  115.048
195   1.000  1.877  116.583
196   1.000  1.882  117.350
197   1.000  1.886  118.883
198   1.000  1.890  120.418
199   1.000  1.894  121.951
200   1.000  1.898  123.486
201   1.000  1.902  124.252
202   1.000  1.906  126.554
203   1.000  1.910  128.088
204   1.000  1.913  129.621
205   1.000  1.917  131.156
206   1.000  1.921  131.922
207   1.000  1.924  134.224
208   1.000  1.927  134.990
209   1.000  1.931  137.292
210   1.000  1.934  139.592
211   1.000  1.937  141.126
212   1.000  1.940  141.127
213   1.000  1.943  143.427
214   1.000  1.946  145.728
215   1.000  1.949  147.263
216   1.000  1.952  148.796
217   1.000  1.955  151.865
218   1.000  1.957  151.863
219   1.000  1.960  154.165
220   1.000  1.962  156.466
221   1.000  1.965  158.001
222   1.000  1.967  159.533
223   1.000  1.969  161.068
224   1.000  1.971  163.370
225   1.000  1.973  164.902
226   1.000  1.975  167.204
227   1.000  1.977  168.739
228   1.000  1.979  170.271
229   1.000  1.981  171.806
230   1.000  1.983  172.573
231   1.000  1.984  172.573
232   1.000  1.986  172.573
233   1.000  1.987  172.571
234   1.000  1.989  171.806
235   1.000  1.990  172.573
236   1.000  1.991  172.573
237   1.000  1.992  172.573
238   1.000  1.993  111.214
239   1.000  1.994  172.573
240   1.000  1.995  172.573
241   1.000  1.996  171.804
242   1.000  1.997  172.573
243   1.000  1.997  111.214
244   1.000  1.998  172.573
245   1.000  1.999  172.573
246   1.000  1.999  172.573
247   1.000  1.999  172.573
248   1.000  2.000  172.571
249   1.000  2.000  171.806
250   1.000  2.000  172.573
251   1.000  2.000  172.573
252   1.000  2.000  172.573
253   1.000  2.000  172.573
254   1.000  2.000  172.573
255   1.000  1.999  172.571
256   1.000  1.999  172.573
257   1.000  1.999  172.573
258   1.000  1.998  172.573
259   1.000  1.997  171.806
260   1.000  1.997  172.573
261   1.000  1.996  172.571
262   1.000  1.995  172.573
263   1.000  1.994  172.573
264   1.000  1.993  172.573
265   1.000  1.992  170.273
266   1.000  1.991  163.368
267   1.000  1.990  163.368
268   1.000  1.989  161.835
269   1.000  1.987  162.603
270   1.000  1.986  161.068
271   1.000  1.984  161.068
272   1.000  1.983  161.068
273   1.000  1.981  160.301
274   1.000  1.979  159.533
275   1.000  1.977  159.534
276   1.000  1.975  159.534
277   1.000  1.973  157.232
278   1.000  1.971  158.001
279   1.000  1.969  157.232
280   1.000  1.967  156.466
281   1.000  1.965  156.467
282   1.000  1.962  156.466
283   1.000  1.960  154.932
284   1.000  1.957  154.932
285   1.000  1.955  154.165
286   1.000  1.952  155.699
287   1.000  1.949  153.399
288   1.000  1.946  152.632
289   1.000  1.943  152.630
290   1.000  1.940  152.632
291   1.000  1.937  151.863
292   1.000  1.934  151.865
293   1.000  1.931  151.096
294   1.000  1.927  151.098
295   1.000  1.924  149.563
296   1.000  1.921  151.096
297   1.000  1.917  149.563
298   1.000  1.913  148.029
299   1.000  1.910  148.796
300   1.000  1.906  147.263
301   1.000  1.902  147.263
302   1.000  1.898  147.263
303   1.000  1.894  146.494
304   1.000  1.890  145.729
305   1.000  1.886  145.727
306   1.000  1.882  144.196
307   1.000  1.877  144.960
308   1.000  1.873  143.427
309   1.000  1.869  143.427
310   1.000  1.864  141.893
311   1.000  1.860  142.660
312   1.000  1.855  141.127
313   1.000  1.850  140.360
314   1.000  1.845  140.358
315   1.000  1.840  138.826
316   1.000  1.836  138.824
317   1.000  1.830  138.058
318   1.000  1.825  137.291
319   1.000  1.820  135.757
320   1.000  1.815  135.757
321   1.000  1.810  135.757
322   1.000  1.804  134.991
323   1.000  1.799  134.224
324   1.000  1.793  134.224
325   1.000  1.788  133.457
326   1.000  1.782  132.687
327   1.000  1.776  132.690
328   1.000  1.770  131.924
329   1.000  1.765  131.153
330   1.000  1.759  131.924
331   1.000  1.753  128.853
332   1.000  1.747  128.090
333   1.000  1.740  128.086
334   1.000  1.734  127.319
335   1.000  1.728  127.323
336   1.000  1.721  125.786
337   1.000  1.715  126.553
338   1.000  1.709  125.019
339   1.000  1.702  125.019
340   1.000  1.695  124.252
341   1.000  1.689  123.486
342   1.000  1.682  123.486
343   1.000  1.675  122.719
344   1.000  1.668  121.952
345   1.000  1.661  120.419
346   1.000  1.654  120.415
347   1.000  1.647  119.652
348   1.000  1.640  118.885
349   1.000  1.633  117.348
350   1.000  1.625  118.118
351   1.000  1.618  117.348
352   1.000  1.611  116.581
353   1.000  1.603  115.051
354   1.000  1.596  115.814
355   1.000  1.588  114.281
356   1.000  1.580  114.285
357   1.000  1.573  112.747
358   1.000  1.565  112.747
359   1.000  1.557  111.980
360   1.000  1.549  111.980
361   1.000  1.541  111.214
362   1.000  1.533  110.447
363   1.000  1.525  109.680
364   1.000  1.517  108.910
365   1.000  1.509  108.913
366   1.000  1.500  107.380
367   1.000  1.492  107.380
368   1.000  1.483  106.609
369   1.000  1.475  106.613
370   1.000  1.467  105.076
371   1.000  1.458  105.080
372   1.000  1.449  104.309
373   1.000  1.441  103.546
374   1.000  1.432  103.542
375   1.000  1.423  102.776
376   1.000  1.414  101.242
377   1.000  1.405  102.013
378   1.000  1.396  99.709
379   1.000  1.387  99.709
380   1.000  1.378  98.942
381   1.000  1.369  98.175
382   1.000  1.360  98.175
383   1.000  1.351  97.404
384   1.000  1.341  96.642
385   1.000  1.332  96.642
386   1.000  1.323  95.875
387   1.000  1.313  94.337
388   1.000  1.304  94.341
389   1.000  1.294  93.575
390   1.000  1.285  93.571
391   1.000  1.275  92.808
392   1.000  1.265  92.804
393   1.000  1.255  90.504
394   1.000  1.246  91.274
395   1.000  1.236  90.504
396   1.000  1.226  90.504
397   1.000  1.216  88.974
398   1.000  1.206  87.437
399   1.000  1.196  88.203
400   1.000  1.186  86.670
401   1.000  1.176  86.670
402   1.000  1.165  85.903
403   1.000  1.155  85.903
404   1.000  1.145  85.133
405   1.000  1.135  84.370
406   1.000  1.124  83.603
407   1.000  1.114  82.836
408   1.000  1.103  82.832
409   1.000  1.093  82.069
410   1.000  1.082  81.303
411   1.000  1.072  81.299
412   1.000  1.061  80.536
413   1.000  1.050  79.765
414   1.000  1.040  79.769
415   1.000  1.029  78.999
416   1.000  1.018  78.232
417   1.000  1.007  78.236
418   1.000  0.996  77.465
419   1.000  0.985  76.698
420   1.000  0.975  76.698
421   1.000  0.964  75.932
422   1.000  0.952  75.932
423   1.000  0.941  75.169
424   1.000  0.930  73.631
425   1.000  0.919  73.627
426   1.000  0.908  73.631
427   1.000  0.897  72.098
428   1.000  0.886  71.331
429   1.000  0.874  72.098
430   1.000  0.863  71.331
431   1.000  0.852  69.794
432   1.000  0.840  70.564
433   1.000  0.829  69.027
434   1.000  0.817  69.798
435   1.000  0.806  68.264
436   1.000  0.794  68.260
437   1.000  0.783  67.497
438   1.000  0.771  67.493
439   1.000  0.760  65.960
440   1.000  0.748  66.730
441   1.000  0.736  65.193
442   1.000  0.725  65.193
443   1.000  0.713  64.426
444   1.000  0.701  64.430
445   1.000  0.689  63.660
446   1.000  0.677  63.660
447   1.000  0.666  62.893
448   1.000  0.654  62.126
449   1.000  0.642  62.126
450   1.000  0.630  61.359
451   1.000  0.618  61.359
452   1.000  0.606  60.593
453   1.000  0.594  59.826
454   1.000  0.582  59.826
455   1.000  0.570  59.055
456   1.000  0.558  59.059
457   1.000  0.546  58.292
458   1.000  0.534  58.289
459   1.000  0.522  57.526
460   1.000  0.510  57.526
461   1.000  0.497  56.755
462   1.000  0.485  57.526
463   1.000  0.473  55.992
464   1.000  0.461  55.988
465   1.000  0.449  55.222
466   1.000  0.436  54.459
467   1.000  0.424  54.455
468   1.000  0.412  54.459
469   1.000  0.399  54.455
470   1.000  0.387  53.688
471   1.000  0.375  53.692
472   1.000  0.362  53.688
473   1.000  0.350  52.921
474   1.000  0.338  52.158
475   1.000  0.325  51.388
476   1.000  0.313  52.155
477   1.000  0.300  51.388
478   1.000  0.288  50.621
479   1.000  0.276  50.621
480   1.000  0.263  50.621
481   1.000  0.251  50.621
482   1.000  0.238  49.854
483   1.000  0.226  49.854
484   1.000  0.213  49.858
485   1.000  0.201  49.084
486   1.000  0.188  49.088
487   1.000  0.176  49.088
488   1.000  0.163  48.321
489   1.000  0.151  48.321
490   1.000  0.138  48.321
491   1.000  0.126  48.321
492   1.000  0.113  47.554
493   1.000  0.100  47.554
494   1.000  0.088  47.554
495   1.000  0.075  46.783
496   1.000  0.063  46.787
497   1.000  0.050  46.787
498   1.000  0.038  46.021
499   1.000  0.025  46.783
500   1.000  0.013  46.021
501   1.000  0.000  45.254
502   1.000  -0.013  46.017
503   1.000  -0.025  46.021
504   1.000  -0.038  44.487
505   1.000  -0.050  45.250
506   1.000  -0.063  45.254
507   1.000  -0.075  45.254
508   1.000  -0.088  44.483
509   1.000  -0.100  44.487
510   1.000  -0.113  44.483
511   1.000  -0.126  44.487
512   1.000  -0.138  43.720
513   1.000  -0.151  44.483
514   1.000  -0.163  43.720
515   1.000  -0.176  43.716
516   1.000  -0.188  43.720
517   1.000  -0.201  43.716
518   1.000  -0.213  42.953
519   1.000  -0.226  43.716
520   1.000  -0.238  43.720
521   1.000  -0.251  42.950
522   1.000  -0.263  42.953
523   1.000  -0.276  42.950
524   1.000  -0.288  42.953
525   1.000  -0.300  42.950
526   1.000  -0.313  42.187
527   1.000  -0.325  42.950
528   1.000  -0.338  42.953
529   1.000  -0.350  42.183
530   1.000  -0.362  42.183
531   1.000  -0.375  42.953
532   1.000  -0.387  42.183
533   1.000  -0.399  42.187
534   1.000  -0.412  42.183
535   1.000  -0.424  42.183
536   1.000  -0.436  42.187
537   1.000  -0.449  42.183
538   1.000  -0.461  42.187
539   1.000  -0.473  42.183
540   1.000  -0.485  42.183
541   1.000  -0.497  42.187
542   1.000  -0.510  42.183
543   1.000  -0.522  41.420
544   1.000  -0.534  42.183
545   1.000  -0.546  42.183
546   1.000  -0.558  42.187
547   1.000  -0.570  42.183
548   1.000  -0.582  41.420
549   1.000  -0.594  42.183
550   1.000  -0.606  42.183
551   1.000  -0.618  41.420
552   1.000  -0.630  42.183
553   1.000  -0.642  42.187
554   1.000  -0.654  42.183
555   1.000  -0.666  41.416
556   1.000  -0.677  42.187
557   1.000  -0.689  42.183
558   1.000  -0.701  42.187
559   1.000  -0.713  42.183
560   1.000  -0.725  42.183
561   1.000  -0.736  42.187
562   1.000  -0.748  42.950
563   1.000  -0.760  42.187
564   1.000  -0.771  42.183
565   1.000  -0.783  42.950
566   1.000  -0.794  42.187
567   1.000  -0.806  42.183
568   1.000  -0.817  42.953
569   1.000  -0.829  42.950
570   1.000  -0.840  42.187
571   1.000  -0.852  42.950
572   1.000  -0.863  42.953
573   1.000  -0.874  42.950
574   1.000  -0.886  42.953
575   1.000  -0.897  42.950
576   1.000  -0.908  42.950
577   1.000  -0.919  43.720
578   1.000  -0.930  43.720
579   1.000  -0.941  42.950
580   1.000  -0.952  43.720
581   1.000  -0.964  43.716
582   1.000  -0.975  43.720
583   1.000  -0.985  43.716
584   1.000  -0.996  43.720
585   1.000  -1.007  44.483
586   1.000  -1.018  43.720
587   1.000  -1.029  44.483
588   1.000  -1.040  44.487
589   1.000  -1.050  44.487
590   1.000  -1.061  44.483
591   1.000  -1.072  45.254
592   1.000  -1.082  45.250
593   1.000  -1.093  44.487
594   1.000  -1.103  45.254
595   1.000  -1.114  46.017
596   1.000  -1.124  45.254
597   1.000  -1.135  46.021
598   1.000  -1.145  46.017
599   1.000  -1.155  46.021
600   1.000  -1.165  46.787
601   1.000  -1.176  46.021
602   1.000  -1.186  46.783
603   1.000  -1.196  46.787
604   1.000  -1.206  46.787
605   1.000  -1.216  47.554
606   1.000  -1.226  47.554
607   1.000  -1.236  47.554
608   1.000  -1.246  47.550
609   1.000  -1.255  48.321
610   1.000  -1.265  48.321
611   1.000  -1.275  49.088
612   1.000  -1.285  49.088
613   1.000  -1.294  49.088
614   1.000  -1.304  49.088
615   1.000  -1.313  49.854
616   1.000  -1.323  49.854
617   1.000  -1.332  49.088
618   1.000  -1.341  49.854
619   1.000  -1.351  50.621
620   1.000  -1.360  50.621
621   1.000  -1.369  51.388
622   1.000  -1.378  51.392
623   1.000  -1.387  51.388
624   1.000  -1.396  52.155
625   1.000  -1.405  52.155
626   1.000  -1.414  52.921
627   1.000  -1.423  52.158
628   1.000  -1.432  52.921
629   1.000  -1.441  53.688
630   1.000  -1.449  53.692
631   1.000  -1.458  54.455
632   1.000  -1.467  54.455
633   1.000  -1.475  54.459
634   1.000  -1.483  55.222
635   1.000  -1.492  55.225
636   1.000  -1.500  55.222
637   1.000  -1.509  55.992
638   1.000  -1.517  55.988
639   1.000  -1.525  56.759
640   1.000  -1.533  57.522
641   1.000  -1.541  57.526
642   1.000  -1.549  57.526
643   1.000  -1.557  58.289
644   1.000  -1.565  59.059
645   1.000  -1.573  59.059
646   1.000  -1.580  59.059
647   1.000  -1.588  59.826
648   1.000  -1.596  59.822
649   1.000  -1.603  59.826
650   1.000  -1.611  61.359
651   1.000  -1.618  60.593
652   1.000  -1.625  61.359
653   1.000  -1.633  62.126
654   1.000  -1.640  62.893
655   1.000  -1.647  62.893
656   1.000  -1.654  62.893
657   1.000  -1.661  63.660
658   1.000  -1.668  63.663
659   1.000  -1.675  65.193
660   1.000  -1.682  64.426
661   1.000  -1.689  65.193
662   1.000  -1.695  65.964
663   1.000  -1.702  66.727
664   1.000  -1.709  65.960
665   1.000  -1.715  67.497
666   1.000  -1.721  67.493
667   1.000  -1.728  67.497
668   1.000  -1.734  69.027
669   1.000  -1.740  68.264
670   1.000  -1.747  69.027
671   1.000  -1.753  69.798
672   1.000  -1.759  70.564
673   1.000  -1.765  70.560
674   1.000  -1.770  71.331
675   1.000  -1.776  71.331
676   1.000  -1.782  72.098
677   1.000  -1.788  72.094
678   1.000  -1.793  72.865
679   1.000  -1.799  73.631
680   1.000  -1.804  74.398
681   1.000  -1.810  73.631
682   1.000  -1.815  75.165
683   1.000  -1.820  75.165
684   1.000  -1.825  75.935
685   1.000  -1.830  76.698
686   1.000  -1.836  76.698
687   1.000  -1.840  76.698
688   1.000  -1.845  78.232
689   1.000  -1.850  78.236
690   1.000  -1.855  78.999
691   1.000  -1.860  78.999
692   1.000  -1.864  79.769
693   1.000  -1.869  80.532
694   1.000  -1.873  81.303
695   1.000  -1.877  81.303
696   1.000  -1.882  82.066
697   1.000  -1.886  82.836
698   1.000  -1.890  82.836
699   1.000  -1.894  84.366
700   1.000  -1.898  84.370
701   1.000  -1.902  85.136
702   1.000  -1.906  85.903
703   1.000  -1.910  85.903
704   1.000  -1.913  86.670
705   1.000  -1.917  88.203
706   1.000  -1.921  88.203
707   1.000  -1.924  88.970
708   1.000  -1.927  90.508
709   1.000  -1.931  89.737
710   1.000  -1.934  90.504
711   1.000  -1.937  91.274
712   1.000  -1.940  92.037
713   1.000  -1.943  92.808
714   1.000  -1.946  94.337
715   1.000  -1.949  93.575
716   1.000  -1.952  95.871
717   1.000  -1.955  95.875
718   1.000  -1.957  96.642
719   1.000  -1.960  97.408
720   1.000  -1.962  98.175
721   1.000  -1.965  98.942
722   1.000  -1.967  98.942
723   1.000  -1.969  101.242
724   1.000  -1.971  100.475
725   1.000  -1.973  102.776
726   1.000  -1.975  102.779
727   1.000  -1.977  102.776
728   1.000  -1.979  104.309
729   1.000  -1.981  105.846
730   1.000  -1.983  105.076
731   1.000  -1.984  107.380
732   1.000  -1.986  107.380
733   1.000  -1.987  107.376
734   1.000  -1.989  109.680
735   1.000  -1.990  109.680
736   1.000  -1.991  110.447
737   1.000  -1.992  111.214
738   1.000  -1.993  112.747
739   1.000  -1.994  112.747
740   1.000  -1.995  113.514
741   1.000  -1.996  115.051
742   1.000  -1.997  115.047
743   1.000  -1.997  116.581
744   1.000  -1.998  116.585
745   1.000  -1.999  118.114
746   1.000  -1.999  118.885
747   1.000  -1.999  119.652
748   1.000  -2.000  120.415
749   1.000  -2.000  121.185
750   1.000  -2.000  121.952
751   1.000  -2.000  123.486
752   1.000  -2.000  123.486
753   1.000  -2.000  124.252
754   1.000  -2.000  125.019
755   1.000  -1.999  126.556
756   1.000  -1.999  127.319
757   1.000  -1.999  127.319
758   1.000  -1.998  128.853
759   1.000  -1.997  129.623
760   1.000  -1.997  130.386
761   1.000  -1.996  131.157
762   1.000  -1.995  131.920
763   1.000  -1.994  133.461
764   1.000  -1.993  134.987
765   1.000  -1.992  134.224
766   1.000  -1.991  136.520
767   1.000  -1.990  136.528
768   1.000  -1.989  138.062
769   1.000  -1.987  138.824
770   1.000  -1.986  139.587
771   1.000  -1.984  141.129
772   1.000  -1.983  141.891
773   1.000  -1.981  142.662
774   1.000  -1.979  143.425
775   1.000  -1.977  145.729
776   1.000  -1.975  145.729
777   1.000  -1.973  147.263
778   1.000  -1.971  148.026
779   1.000  -1.969  148.796
780   1.000  -1.967  150.337
781   1.000  -1.965  151.863
782   1.000  -1.962  151.863
783   1.000  -1.960  154.167
784   1.000  -1.957  154.930
785   1.000  -1.955  155.701
786   1.000  -1.952  156.464
787   1.000  -1.949  158.768
788   1.000  -1.946  157.997
789   1.000  -1.943  160.301
790   1.000  -1.940  161.072
791   1.000  -1.937  161.835
792   1.000  -1.934  163.368
793   1.000  -1.931  164.131
794   1.000  -1.927  164.909
795   1.000  -1.924  165.665
796   1.000  -1.921  166.435
797   1.000  -1.917  167.976
798   1.000  -1.913  168.739
799   1.000  -1.910  170.265
800   1.000  -1.906  170.273
801   1.000  -1.902  171.806
802   1.000  -1.898  172.577
803   1.000  -1.894  172.569
804   1.000  -1.890  172.577
805   1.000  -1.886  172.569
806   1.000  -1.882  172.577
807   1.000  -1.877  172.569
808   1.000  -1.873  172.577
809   1.000  -1.869  171.799
810   1.000  -1.864  172.577
811   1.000  -1.860  172.569
812   1.000  -1.855  110.451
813   1.000  -1.850  172.569
814   1.000  -1.845  172.577
815   1.000  -1.840  172.569
816   1.000  -1.836  151.863
817   1.000  -1.830  131.927
818   1.000  -1.825  172.569
819   1.000  -1.820  172.577
820   1.000  -1.815  111.977
821   1.000  -1.810  171.806
822   1.000  -1.804  172.577
823   1.000  -1.799  172.569
824   1.000  -1.793  172.577
825   1.000  -1.788  110.443
826   1.000  -1.782  172.569
827   1.000  -1.776  172.577
828   1.000  -1.770  172.569
829   1.000  -1.765  172.577
830   1.000  -1.759  171.806
831   1.000  -1.753  172.569
832   1.000  -1.747  172.577
833   1.000  -1.740  172.569
834   1.000  -1.734  172.577
835   1.000  -1.728  172.569
836   1.000  -1.721  172.577
837   1.000  -1.715  172.569
838   1.000  -1.709  171.806
839   1.000  -1.702  173.340
840   1.000  -1.695  171.806
841   1.000  -1.689  164.902
842   1.000  -1.682  161.072
843   1.000  -1.675  159.531
844   1.000  -1.668  158.768
845   1.000  -1.661  157.234
846   1.000  -1.654  156.464
847   1.000  -1.647  154.930
848   1.000  -1.640  154.167
849   1.000  -1.633  152.634
850   1.000  -1.625  151.863
851   1.000  -1.618  150.330
852   1.000  -1.611  149.559
853   1.000  -1.603  147.263
854   1.000  -1.596  145.729
855   1.000  -1.588  144.966
856   1.000  -1.580  144.188
857   1.000  -1.573  141.899
858   1.000  -1.565  141.121
859   1.000  -1.557  140.366
860   1.000  -1.549  138.824
861   1.000  -1.541  137.291
862   1.000  -1.533  134.987
863   1.000  -1.525  134.224
864   1.000  -1.517  133.453
865   1.000  -1.509  131.157
866   1.000  -1.500  130.394
867   1.000  -1.492  128.853
868   1.000  -1.483  127.319
869   1.000  -1.475  126.549
870   1.000  -1.467  125.023
871   1.000  -1.458  123.489
872   1.000  -1.449  121.948
873   1.000  -1.441  121.185
874   1.000  -1.432  119.652
875   1.000  -1.423  118.111
876   1.000  -1.414  116.585
877   1.000  -1.405  115.814
878   1.000  -1.396  114.281
879   1.000  -1.387  112.747
880   1.000  -1.378  111.214
881   1.000  -1.369  109.680
882   1.000  -1.360  108.917
883   1.000  -1.351  107.376
884   1.000  -1.341  105.843
885   1.000  -1.332  105.080
886   1.000  -1.323  103.546
887   1.000  -1.313  102.005
888   1.000  -1.304  100.479
889   1.000  -1.294  98.175
890   1.000  -1.285  97.404
891   1.000  -1.275  95.879
892   1.000  -1.265  95.871
893   1.000  -1.255  93.575
894   1.000  -1.246  92.804
895   1.000  -1.236  91.270
896   1.000  -1.226  90.508
897   1.000  -1.216  88.203
898   1.000  -1.206  87.440
899   1.000  -1.196  85.899
900   1.000  -1.186  84.366
901   1.000  -1.176  84.373
902   1.000  -1.165  82.069
903   1.000  -1.155  81.299
904   1.000  -1.145  79.765
905   1.000  -1.135  78.232
906   1.000  -1.124  76.698
907   1.000  -1.114  75.935
908   1.000  -1.103  73.631
909   1.000  -1.093  73.631
910   1.000  -1.082  72.098
911   1.000  -1.072  70.564
912   1.000  -1.061  69.023
913   1.000  -1.050  68.268
914   1.000  -1.040  67.490
915   1.000  -1.029  65.201
916   1.000  -1.018  64.423
917   1.000  -1.007  63.660
918   1.000  -0.996  62.126
919   1.000  -0.985  60.593
920   1.000  -0.975  60.593
921   1.000  -0.964  58.296
922   1.000  -0.952  57.518
923   1.000  -0.941  55.992
924   1.000  -0.930  55.222
925   1.000  -0.919  53.696
926   1.000  -0.908  52.917
927   1.000  -0.897  52.155
928   1.000  -0.886  49.858
929   1.000  -0.874  49.850
930   1.000  -0.863  48.325
931   1.000  -0.852  46.783
932   1.000  -0.840  46.021
933   1.000  -0.829  45.250
934   1.000  -0.817  43.724
935   1.000  -0.806  42.946
936   1.000  -0.794  41.420
937   1.000  -0.783  40.649
938   1.000  -0.771  39.116
939   1.000  -0.760  39.116
940   1.000  -0.748  37.582
941   1.000  -0.736  36.049
942   1.000  -0.725  35.286
943   1.000  -0.713  33.745
944   1.000  -0.701  32.982
945   1.000  -0.689  32.211
946   1.000  -0.677  30.678
947   1.000  -0.666  29.915
948   1.000  -0.654  29.144
949   1.000  -0.642  29.144
950   1.000  -0.630  26.848
951   1.000  -0.618  27.611
952   1.000  -0.606  25.314
953   1.000  -0.594  24.544
954   1.000  -0.582  23.773
955   1.000  -0.570  22.247
956   1.000  -0.558  22.240
957   1.000  -0.546  20.706
958   1.000  -0.534  19.943
959   1.000  -0.522  19.943
960   1.000  -0.510  18.410
961   1.000  -0.497  17.639
962   1.000  -0.485  16.106
963   1.000  -0.473  16.876
964   1.000  -0.461  14.572
965   1.000  -0.449  14.572
966   1.000  -0.436  13.802
967   1.000  -0.424  13.809
968   1.000  -0.412  13.039
969   1.000  -0.399  11.505
970   1.000  -0.387  10.735
971   1.000  -0.375  10.742
972   1.000  -0.362  9.201
973   1.000  -0.350  9.209
974   1.000  -0.338  9.201
975   1.000  -0.325  7.668
976   1.000  -0.313  6.905
977   1.000  -0.300  6.905
978   1.000  -0.288  6.134
979   1.000  -0.276  5.371
980   1.000  -0.263  5.363
981   1.000  -0.251  5.371
982   1.000  -0.238  4.601
983   1.000  -0.226  3.838
984   1.000  -0.213  3.838
985   1.000  -0.201  3.830
986   1.000  -0.188  3.067
987   1.000  -0.176  3.075
988   1.000  -0.163  2.296
989   1.000  -0.151  2.304
990   1.000  -0.138  1.534
991   1.000  -0.126  1.534
992   1.000  -0.113  1.534
993   1.000  -0.100  1.534
994   1.000  -0.088  0.771
995   1.000  -0.075  0.763
996   1.000  -0.063  0.771
997   1.000  -0.050  0.763
998   1.000  -0.038  0.771
999   1.000  -0.025  0.000
1000   1.000  -0.013  0.763
1001   1.000  -0.000  0.000
1002   1.000  0.013  0.000
1003   1.000  0.025  0.000
1004   1.000  0.038  0.771
1005   1.000  0.050  0.000
1006   1.000  0.063  0.000
1007   1.000  0.075  0.000
1008   1.000  0.088  0.000
1009   1.000  0.100  0.000
1010   1.000  0.113  0.000
1011   1.000  0.126  0.000
1012   1.000  0.138  0.000
1013   1.000  0.151  0.000
1014   1.000  0.163  0.000
1015   1.000  0.176  0.763
1016   1.000  0.188  0.000
1017   1.000  0.201  0.000
1018   1.000  0.213  0.771
1019   1.000  0.226  0.000
1020   1.000  0.238  0.763
1021   1.000  0.251  0.000
1022   1.000  0.263  0.771
1023   1.000  0.276  0.763
1024   1.000  0.288  0.771
1025   1.000  0.300  0.763
1026   1.000  0.313  0.771
1027   1.000  0.325  0.771
1028   1.000  0.338  0.763
1029   1.000  0.350  1.534
1030   1.000  0.362  0.771
1031   1.000  0.375  1.534
1032   1.000  0.387  0.763
1033   1.000  0.399  1.534
1034   1.000  0.412  1.534
1035   1.000  0.424  1.534
1036   1.000  0.436  1.534
1037   1.000  0.449  2.304
1038   1.000  0.461  2.304
1039   1.000  0.473  2.296
1040   1.000  0.485  2.304
1041   1.000  0.497  2.296
1042   1.000  0.510  3.075
1043   1.000  0.522  3.067
1044   1.000  0.534  3.830
1045   1.000  0.546  3.067
1046   1.000  0.558  3.838
1047   1.000  0.570  3.838
1048   1.000  0.582  3.830
1049   1.000  0.594  4.608
1050   1.000  0.606  3.830
1051   1.000  0.618  5.371
1052   1.000  0.630  4.601
1053   1.000  0.642  5.371
1054   1.000  0.654  5.371
1055   1.000  0.666  6.134
1056   1.000  0.677  6.134
1057   1.000  0.689  6.134
1058   1.000  0.701  6.905
1059   1.000  0.713  6.905
1060   1.000  0.725  6.905
1061   1.000  0.736  7.668
1062   1.000  0.748  7.668
1063   1.000  0.760  8.438
1064   1.000  0.771  9.209
1065   1.000  0.783  9.201
1066   1.000  0.794  9.201
1067   1.000  0.806  9.972
1068   1.000  0.817  10.742
1069   1.000  0.829  10.735
1070   1.000  0.840  10.735
1071   1.000  0.852  11.505
1072   1.000  0.863  11.505
1073   1.000  0.874  12.276
1074   1.000  0.886  12.268
1075   1.000  0.897  12.276
1076   1.000  0.908  13.039
1077   1.000  0.919  13.802
1078   1.000  0.930  13.039
1079   1.000  0.941  14.580
1080   1.000  0.952  14.572
1081   1.000  0.964  14.572
1082   1.000  0.975  15.335
1083   1.000  0.985  15.343
1084   1.000  0.996  16.106
1085   1.000  1.007  16.876
1086   1.000  1.018  16.876
1087   1.000  1.029  16.869
1088   1.000  1.040  18.410
1089   1.000  1.050  17.639
1090   1.000  1.061  19.173
1091   1.000  1.072  19.180
1092   1.000  1.082  19.936
1093   1.000  1.093  19.943
1094   1.000  1.103  20.714
1095   1.000  1.114  21.477
1096   1.000  1.124  21.469
1097   1.000  1.135  21.477
1098   1.000  1.145  23.010
1099   1.000  1.155  23.010
1100   1.000  1.165  23.781
1101   1.000  1.176  23.773
1102   1.000  1.186  24.544
1103   1.000  1.196  26.077
1104   1.000  1.206  25.314
1105   1.000  1.216  26.840
1106   1.000  1.226  27.611
1107   1.000  1.236  28.381
1108   1.000  1.246  29.144
1109   1.000  1.255  29.915
1110   1.000  1.265  30.678
1111   1.000  1.275  30.678
1112   1.000  1.285  31.448
1113   1.000  1.294  32.982
1114   1.000  1.304  32.982
1115   1.000  1.313  34.515
1116   1.000  1.323  34.515
1117   1.000  1.332  36.041
1118   1.000  1.341  36.049
1119   1.000  1.351  37.582
1120   1.000  1.360  37.582
1121   1.000  1.369  39.124
1122   1.000  1.378  39.879
1123   1.000  1.387  39.886
1124   1.000  1.396  40.649
1125   1.000  1.405  42.183
1126   1.000  1.414  42.953
1127   1.000  1.423  44.487
1128   1.000  1.432  44.479
1129   1.000  1.441  45.258
1130   1.000  1.449  47.554
1131   1.000  1.458  47.554
1132   1.000  1.467  48.317
1133   1.000  1.475  49.858
1134   1.000  1.483  49.850
1135   1.000  1.492  51.392
1136   1.000  1.500  52.155
1137   1.000  1.509  53.688
1138   1.000  1.517  53.688
1139   1.000  1.525  55.222
1140   1.000  1.533  55.992
1141   1.000  1.541  57.526
1142   1.000  1.549  59.059
1143   1.000  1.557  59.059
1144   1.000  1.565  60.593
1145   1.000  1.573  61.356
1146   1.000  1.580  62.897
1147   1.000  1.588  63.660
1148   1.000  1.596  65.193
1149   1.000  1.603  65.956
1150   1.000  1.611  66.734
1151   1.000  1.618  68.260
1152   1.000  1.625  69.794
1153   1.000  1.633  70.564
1154   1.000  1.640  71.327
1155   1.000  1.647  72.868
1156   1.000  1.654  73.631
1157   1.000  1.661  75.165
1158   1.000  1.668  76.698
1159   1.000  1.675  78.232
1160   1.000  1.682  78.232
1161   1.000  1.689  79.773
1162   1.000  1.695  82.062
1163   1.000  1.702  82.840
1164   1.000  1.709  83.603
1165   1.000  1.715  85.136
1166   1.000  1.721  86.670
1167   1.000  1.728  87.433
1168   1.000  1.734  89.737
1169   1.000  1.740  90.508
1170   1.000  1.747  92.041
1171   1.000  1.753  92.804
1172   1.000  1.759  95.108
1173   1.000  1.765  95.871
1174   1.000  1.770  97.404
1175   1.000  1.776  98.175
1176   1.000  1.782  100.479
1177   1.000  1.788  102.013
1178   1.000  1.793  102.776
1179   1.000  1.799  104.309
1180   1.000  1.804  106.613
1181   1.000  1.810  106.613
1182   1.000  1.815  108.910
1183   1.000  1.820  111.214
1184   1.000  1.825  111.977
1185   1.000  1.830  112.755
1186   1.000  1.836  115.044
1187   1.000  1.840  116.585
1188   1.000  1.845  117.348
1189   1.000  1.850  119.652
1190   1.000  1.855  121.185
1191   1.000  1.860  121.948
1192   1.000  1.864  124.252
1193   1.000  1.869  125.786
1194   1.000  1.873  126.556
1195   1.000  1.877  129.623
1196   1.000  1.882  130.386
1197   1.000  1.886  131.920
1198   1.000  1.890  133.461
1199   1.000  1.894  134.987
1200   1.000  1.898  137.291
1201   1.000  1.902  139.595
1202   1.000  1.906  140.358
1203   1.000  1.910  141.891
1204   1.000  1.913  143.425
1205   1.000  1.917  146.500
1206   1.000  1.921  147.263
1207   1.000  1.924  149.559
1208   1.000  1.927  151.871
1209   1.000  1.931  152.626
1210   1.000  1.934  155.701
1211   1.000  1.937  157.234
1212   1.000  1.940  159.531
1213   1.000  1.943  161.072
1214   1.000  1.946  162.598
1215   1.000  1.949  164.902
1216   1.000  1.952  167.206
1217   1.000  1.955  168.739
1218   1.000  1.957  171.036
1219   1.000  1.960  171.806
1220   1.000  1.962  172.577
1221   1.000  1.965  172.569
1222   1.000  1.967  172.577
1223   1.000  1.969  172.569
1224   1.000  1.971  172.577
1225   1.000  1.973  171.806
1226   1.000  1.975  172.569
1227   1.000  1.977  111.214
1228   1.000  1.979  172.577
1229   1.000  1.981  172.569
1230   1.000  1.983  171.806
1231   1.000  1.984  153.397
1232   1.000  1.986  130.386
1233   1.000  1.987  172.577
1234   1.000  1.989  172.569
1235   1.000  1.990  172.577
1236   1.000  1.991  172.569
1237   1.000  1.992  110.451
1238   1.000  1.993  172.569
1239   1.000  1.994  172.577
1240   1.000  1.995  172.569
1241   1.000  1.996  172.577
1242   1.000  1.997  172.569
1243   1.000  1.997  171.806
1244   1.000  1.998  172.569
1245   1.000  1.999  172.577
1246   1.000  1.999  172.569
1247   1.000  1.999  172.577
1248   1.000  2.000  172.569
1249   1.000  2.000  171.806
1250   1.000  2.000  172.577
1251   1.000  2.000  169.502
1252   1.000  2.000  159.538
1253   1.000  2.000  157.997
1254   1.000  2.000  156.464
1255   1.000  1.999  154.167
1256   1.000  1.999  153.397
1257   1.000  1.999  150.330
1258   1.000  1.998  149.567
1259   1.000  1.997  147.263
1260   1.000  1.997  145.729
1261   1.000  1.996  144.188
1263   1.000  1.994  141.129
1264   1.000  1.993  138.824
1265   1.000  1.992  138.062
1266   1.000  1.991  135.757
1267   1.000  1.990  134.987
1268   1.000  1.989  133.453
1269   1.000  1.987  131.157
1270   1.000  1.986  129.623
1271   1.000  1.984  127.319
1272   1.000  1.983  126.556
1273   1.000  1.981  123.482
1274   1.000  1.979  122.719
1275   1.000  1.977  120.415
1276   1.000  1.975  118.118
1277   1.000  1.973  116.585
1278   1.000  1.971  114.281
1279   1.000  1.969  113.518
1280   1.000  1.967  111.214
1281   1.000  1.965  109.680
1282   1.000  1.962  107.376
1283   1.000  1.960  105.080
1284   1.000  1.957  102.776
1285   1.000  1.955  101.242
1286   1.000  1.952  99.709
1287   1.000  1.949  97.404
1288   1.000  1.946  95.879
1289   1.000  1.943  93.567
1290   1.000  1.940  92.041
1291   1.000  1.937  89.737
1292   1.000  1.934  88.203
1293   1.000  1.931  85.907
1294   1.000  1.927  84.366
1295   1.000  1.924  82.840
1296   1.000  1.921  78.995
1297   1.000  1.917  78.232
1298   1.000  1.913  75.935
1299   1.000  1.910  73.631
1300   1.000  1.906  72.098
1301   1.000  1.902  69.794
1302   1.000  1.898  67.497
1303   1.000  1.894  65.193
1304   1.000  1.890  63.660
1305   1.000  1.886  60.593
1306   1.000  1.882  59.059
1307   1.000  1.877  56.755
1308   1.000  1.873  54.459
1309   1.000  1.869  52.155
1310   1.000  1.864  49.858
1311   1.000  1.860  48.317
1312   1.000  1.855  45.250
1313   1.000  1.850  42.953
1314   1.000  1.845  40.649
1315   1.000  1.840  39.116
1316   1.000  1.836  36.819
1317   1.000  1.830  35.278
1318   1.000  1.825  32.219
1319   1.000  1.820  30.678
1320   1.000  1.815  28.374
1321   1.000  1.810  26.848
1322   1.000  1.804  23.773
1323   1.000  1.799  21.477
1324   1.000  1.793  19.943
1325   1.000  1.788  17.639
1326   1.000  1.782  14.572
1327   1.000  1.776  13.809
1328   1.000  1.770  11.505
1329   1.000  1.765  9.201
1330   1.000  1.759  7.675
1331   1.000  1.753  6.134
1332   1.000  1.747  4.601
1333   1.000  1.740  3.067
1334   1.000  1.734  2.304
1335   1.000  1.728  0.763
1336   1.000  1.721  0.000
1337   1.000  1.715  -0.763
1338   1.000  1.709  -2.304
1339   1.000  1.702  -2.296
1340   1.000  1.695  -3.838
1341   1.000  1.689  -4.601
1342   1.000  1.682  -5.371
1343   1.000  1.675  -6.134
1344   1.000  1.668  -7.675
1345   1.000  1.661  -7.668
1346   1.000  1.654  -9.201
1347   1.000  1.647  -9.972
1348   1.000  1.640  -10.742
1349   1.000  1.633  -11.505
1350   1.000  1.625  -12.268
1351   1.000  1.618  -13.809
1352   1.000  1.611  -14.572
1353   1.000  1.603  -15.335
1354   1.000  1.596  -15.343
1355   1.000  1.588  -16.876
1356   1.000  1.580  -17.639
1357   1.000  1.573  -18.410
1358   1.000  1.565  -18.402
1359   1.000  1.557  -20.714
1360   1.000  1.549  -20.706
1361   1.000  1.541  -21.477
1362   1.000  1.533  -23.010
1363   1.000  1.525  -23.010
1364   1.000  1.517  -23.773
1365   1.000  1.509  -24.544
1366   1.000  1.500  -25.314
1367   1.000  1.492  -26.077
1368   1.000  1.483  -26.840
1369   1.000  1.475  -26.848
1370   1.000  1.467  -27.611
1371   1.000  1.458  -29.144
1372   1.000  1.449  -29.144
1373   1.000  1.441  -29.915
1374   1.000  1.432  -31.448
1375   1.000  1.423  -30.678
1376   1.000  1.414  -32.211
1377   1.000  1.405  -32.219
1378   1.000  1.396  -33.745
1379   1.000  1.387  -34.515
1380   1.000  1.378  -34.515
1381   1.000  1.369  -35.278
1382   1.000  1.360  -36.049
1383   1.000  1.351  -36.819
1384   1.000  1.341  -37.582
1385   1.000  1.332  -38.345
1386   1.000  1.323  -39.116
1387   1.000  1.313  -39.116
1388   1.000  1.304  -40.657
1389   1.000  1.294  -40.649
1390   1.000  1.285  -42.183
1391   1.000  1.275  -42.183
1392   1.000  1.265  -43.716
1393   1.000  1.255  -43.724
1394   1.000  1.246  -44.479
1395   1.000  1.236  -45.258
1396   1.000  1.226  -45.250
1397   1.000  1.216  -46.783
1398   1.000  1.206  -47.554
1399   1.000  1.196  -48.325
1400   1.000  1.186  -48.317
1401   1.000  1.176  -49.088
1402   1.000  1.165  -49.858
1403   1.000  1.155  -50.621
1404   1.000  1.145  -51.384
1405   1.000  1.135  -52.155
1406   1.000  1.124  -52.925
1407   1.000  1.114  -53.688
1408   1.000  1.103  -54.459
1409   1.000  1.093  -54.459
1410   1.000  1.082  -55.222
1411   1.000  1.072  -55.992
1412   1.000  1.061  -56.755
1413   1.000  1.050  -57.526
1414   1.000  1.040  -58.289
1415   1.000  1.029  -58.296
1416   1.000  1.018  -59.052
1417   1.000  1.007  -59.830
1418   1.000  0.996  -60.593
1419   1.000  0.985  -61.356
1420   1.000  0.975  -62.126
1421   1.000  0.964  -62.126
1422   1.000  0.952  -63.660
1423   1.000  0.941  -64.430
1424   1.000  0.930  -64.430
1425   1.000  0.919  -65.193
1426   1.000  0.908  -65.193
1427   1.000  0.897  -66.727
1428   1.000  0.886  -66.727
1429   1.000  0.874  -67.497
1430   1.000  0.863  -68.260
1431   1.000  0.852  -69.031
1432   1.000  0.840  -69.031
1433   1.000  0.829  -69.794
1434   1.000  0.817  -70.564
1435   1.000  0.806  -71.327
1436   1.000  0.794  -71.335
1437   1.000  0.783  -72.098
1438   1.000  0.771  -72.861
1439   1.000  0.760  -73.631
1440   1.000  0.748  -73.631
1441   1.000  0.736  -75.165
1442   1.000  0.725  -74.394
1443   1.000  0.713  -75.935
1444   1.000  0.701  -76.698
1445   1.000  0.689  -76.698
1446   1.000  0.677  -77.469
1447   1.000  0.666  -77.461
1448   1.000  0.654  -79.002
1449   1.000  0.642  -79.002
1450   1.000  0.630  -79.765
1451   1.000  0.618  -79.765
1452   1.000  0.606  -81.306
1453   1.000  0.594  -80.528
1454   1.000  0.582  -82.069
1455   1.000  0.570  -82.840
1456   1.000  0.558  -82.062
1457   1.000  0.546  -83.603
1458   1.000  0.534  -84.373
1459   1.000  0.522  -84.366
1460   1.000  0.510  -84.366
1461   1.000  0.497  -85.907
1462   1.000  0.485  -85.136
1463   1.000  0.473  -86.670
1464   1.000  0.461  -87.433
1465   1.000  0.449  -87.440
1466   1.000  0.436  -88.203
1467   1.000  0.424  -88.203
1468   1.000  0.412  -88.203
1469   1.000  0.399  -89.737
1470   1.000  0.387  -89.737
1471   1.000  0.375  -90.508
1472   1.000  0.362  -90.508
1473   1.000  0.350  -91.270
1474   1.000  0.338  -91.270
1475   1.000  0.325  -92.041
1476   1.000  0.313  -92.804
1477   1.000  0.300  -92.804
1478   1.000  0.288  -92.804
1479   1.000  0.276  -94.345
1480   1.000  0.263  -93.575
1481   1.000  0.251  -95.100
1482   1.000  0.238  -94.345
1483   1.000  0.226  -95.108
1484   1.000  0.213  -95.871
1485   1.000  0.201  -95.871
1486   1.000  0.188  -95.879
1487   1.000  0.176  -97.404
1488   1.000  0.163  -96.642
1489   1.000  0.151  -97.404
1490   1.000  0.138  -97.412
1491   1.000  0.126  -98.175
1492   1.000  0.113  -98.175
1493   1.000  0.100  -98.938
1494   1.000  0.088  -98.946
1495   1.000  0.075  -98.938
1496   1.000  0.063  -99.709
1497   1.000  0.050  -99.709
1498   1.000  0.038  -100.479
1499   1.000  0.025  -100.471
1500   1.000  0.013  -100.479
1501   1.000  0.000  -101.242
1502   1.000  -0.013  -100.479
1503   1.000  -0.025  -101.242
1504   1.000  -0.038  -101.242
1505   1.000  -0.050  -102.005
1506   1.000  -0.063  -101.242
1507   1.000  -0.075  -101.250
1508   1.000  -0.088  -102.005
1509   1.000  -0.100  -102.013
1510   1.000  -0.113  -102.005
1511   1.000  -0.126  -102.013
1512   1.000  -0.138  -102.013
1513   1.000  -0.151  -102.005
1514   1.000  -0.163  -102.013
1515   1.000  -0.176  -102.013
1516   1.000  -0.188  -102.776
1517   1.000  -0.201  -102.005
1518   1.000  -0.213  -102.013
1519   1.000  -0.226  -102.013
1520   1.000  -0.238  -102.005
1521   1.000  -0.251  -102.013
1522   1.000  -0.263  -102.005
1523   1.000  -0.276  -102.013
1524   1.000  -0.288  -102.013
1525   1.000  -0.300  -101.242
1526   1.000  -0.313  -101.242
1527   1.000  -0.325  -102.005
1528   1.000  -0.338  -101.242
1529   1.000  -0.350  -100.479
1530   1.000  -0.362  -102.013
1531   1.000  -0.375  -100.471
1532   1.000  -0.387  -100.479
1533   1.000  -0.399  -99.709
1534   1.000  -0.412  -100.471
1535   1.000  -0.424  -99.709
1536   1.000  -0.436  -98.946
1537   1.000  -0.449  -99.709
1538   1.000  -0.461  -98.175
1539   1.000  -0.473  -98.938
1540   1.000  -0.485  -97.412
1541   1.000  -0.497  -98.175
1542   1.000  -0.510  -97.404
1543   1.000  -0.522  -96.642
1544   1.000  -0.534  -96.642
1545   1.000  -0.546  -95.871
1546   1.000  -0.558  -95.879
1547   1.000  -0.570  -95.108
1548   1.000  -0.582  -94.337
1549   1.000  -0.594  -94.337
1550   1.000  -0.606  -93.575
1551   1.000  -0.618  -92.804
1552   1.000  -0.630  -92.804
1553   1.000  -0.642  -92.041
1554   1.000  -0.654  -91.270
1555   1.000  -0.666  -90.508
1556   1.000  -0.677  -90.508
1557   1.000  -0.689  -89.737
1558   1.000  -0.701  -88.203
1559   1.000  -0.713  -88.966
1560   1.000  -0.725  -87.440
1561   1.000  -0.736  -87.440
1562   1.000  -0.748  -86.670
1563   1.000  -0.760  -85.129
1564   1.000  -0.771  -85.136
1565   1.000  -0.783  -84.373
1566   1.000  -0.794  -82.832
1567   1.000  -0.806  -83.603
1568   1.000  -0.817  -81.299
1569   1.000  -0.829  -81.306
1570   1.000  -0.840  -80.528
1571   1.000  -0.852  -79.773
1572   1.000  -0.863  -78.995
1573   1.000  -0.874  -77.469
1574   1.000  -0.886  -76.698
1575   1.000  -0.897  -76.698
1576   1.000  -0.908  -75.165
1577   1.000  -0.919  -74.402
1578   1.000  -0.930  -72.861
1579   1.000  -0.941  -72.861
1580   1.000  -0.952  -71.335
1581   1.000  -0.964  -70.564
1582   1.000  -0.975  -69.794
1583   1.000  -0.985  -68.260
1584   1.000  -0.996  -67.497
1585   1.000  -1.007  -65.964
1586   1.000  -1.018  -65.956
1587   1.000  -1.029  -63.660
1588   1.000  -1.040  -62.897
1589   1.000  -1.050  -62.126
1590   1.000  -1.061  -60.593
1591   1.000  -1.072  -59.822
1592   1.000  -1.082  -59.059
1593   1.000  -1.093  -56.755
1594   1.000  -1.103  -55.992
1595   1.000  -1.114  -55.222
1596   1.000  -1.124  -52.925
1597   1.000  -1.135  -52.925
1598   1.000  -1.145  -50.621
1599   1.000  -1.155  -49.850
1600   1.000  -1.165  -48.325
1601   1.000  -1.176  -46.783
1602   1.000  -1.186  -46.021
1603   1.000  -1.196  -44.487
1604   1.000  -1.206  -42.183
1605   1.000  -1.216  -41.420
1606   1.000  -1.226  -39.116
1607   1.000  -1.236  -37.582
1608   1.000  -1.246  -36.049
1609   1.000  -1.255  -33.745
1610   1.000  -1.265  -32.982
1611   1.000  -1.275  -29.915
1612   1.000  -1.285  -29.144
1613   1.000  -1.294  -26.077
1614   1.000  -1.304  -26.077
1615   1.000  -1.313  -23.010
1616   1.000  -1.323  -21.477
1617   1.000  -1.332  -19.943
1618   1.000  -1.341  -18.402
1619   1.000  -1.351  -16.106
1620   1.000  -1.360  -14.572
1621   1.000  -1.369  -13.046
1622   1.000  -1.378  -11.497
1623   1.000  -1.387  -9.209
1624   1.000  -1.396  -7.668
1625   1.000  -1.405  -6.905
1626   1.000  -1.414  -4.601
1627   1.000  -1.423  -4.601
1628   1.000  -1.432  -2.304
1629   1.000  -1.441  -2.296
1630   1.000  -1.449  -0.771
1631   1.000  -1.458  0.000
1632   1.000  -1.467  0.771
1633   1.000  -1.475  1.534
1634   1.000  -1.483  2.296
1635   1.000  -1.492  3.838
1636   1.000  -1.500  3.830
1637   1.000  -1.509  4.608
1638   1.000  -1.517  6.134
1639   1.000  -1.525  6.134
1640   1.000  -1.533  7.668
1641   1.000  -1.541  8.438
1642   1.000  -1.549  9.209
1643   1.000  -1.557  9.972
1644   1.000  -1.565  11.505
1645   1.000  -1.573  11.505
1646   1.000  -1.580  13.039
1647   1.000  -1.588  13.802
1648   1.000  -1.596  15.343
1649   1.000  -1.603  15.335
1650   1.000  -1.611  16.106
1651   1.000  -1.618  16.113
1652   1.000  -1.625  18.402
1653   1.000  -1.633  18.410
1654   1.000  -1.640  19.173
1655   1.000  -1.647  19.943
1656   1.000  -1.654  20.714
1657   1.000  -1.661  21.469
1658   1.000  -1.668  23.010
1659   1.000  -1.675  23.010
1660   1.000  -1.682  23.781
1661   1.000  -1.689  25.307
1662   1.000  -1.695  25.314
1663   1.000  -1.702  26.840
1664   1.000  -1.709  27.611
1665   1.000  -1.715  28.381
1666   1.000  -1.721  29.144
1667   1.000  -1.728  29.915
1668   1.000  -1.734  30.678
1669   1.000  -1.740  31.448
1670   1.000  -1.747  32.982
1671   1.000  -1.753  32.982
1672   1.000  -1.759  33.745
1673   1.000  -1.765  35.278
1674   1.000  -1.770  36.049
1675   1.000  -1.776  36.819
1676   1.000  -1.782  37.582
1677   1.000  -1.788  38.345
1678   1.000  -1.793  39.886
1679   1.000  -1.799  39.886
1680   1.000  -1.804  42.183
1681   1.000  -1.810  42.183
1682   1.000  -1.815  42.953
1683   1.000  -1.820  45.250
1684   1.000  -1.825  46.021
1685   1.000  -1.830  46.021
1686   1.000  -1.836  47.554
1687   1.000  -1.840  49.088
1688   1.000  -1.845  49.850
1689   1.000  -1.850  50.621
1690   1.000  -1.855  52.155
1691   1.000  -1.860  52.925
1692   1.000  -1.864  53.688
1693   1.000  -1.869  55.222
1694   1.000  -1.873  56.763
1695   1.000  -1.877  56.755
1696   1.000  -1.882  59.059
1697   1.000  -1.886  59.822
1698   1.000  -1.890  60.593
1699   1.000  -1.894  62.126
1700   1.000  -1.898  62.897
1701   1.000  -1.902  64.423
1702   1.000  -1.906  65.964
1703   1.000  -1.910  66.727
1704   1.000  -1.913  68.268
1705   1.000  -1.917  69.023
1706   1.000  -1.921  69.801
1707   1.000  -1.924  72.098
1708   1.000  -1.927  72.861
1709   1.000  -1.931  74.394
1710   1.000  -1.934  75.935
1711   1.000  -1.937  76.698
1712   1.000  -1.940  78.232
1713   1.000  -1.943  79.773
1714   1.000  -1.946  81.299
1715   1.000  -1.949  82.069
1716   1.000  -1.952  82.832
1717   1.000  -1.955  85.899
1718   1.000  -1.957  86.670
1719   1.000  -1.960  88.211
1720   1.000  -1.962  88.966
1721   1.000  -1.965  89.737
1722   1.000  -1.967  92.041
1723   1.000  -1.969  93.575
1724   1.000  -1.971  95.108
1725   1.000  -1.973  95.871
1726   1.000  -1.975  98.175
1727   1.000  -1.977  98.938
1728   1.000  -1.979  101.242
1729   1.000  -1.981  102.783
1730   1.000  -1.983  103.539
1731   1.000  -1.984  105.080
1732   1.000  -1.986  107.376
1733   1.000  -1.987  108.147
1734   1.000  -1.989  110.451
1735   1.000  -1.990  111.214
1736   1.000  -1.991  113.510
1737   1.000  -1.992  115.051
1738   1.000  -1.993  116.585
1739   1.000  -1.994  118.111
1740   1.000  -1.995  119.652
1741   1.000  -1.996  121.185
1742   1.000  -1.997  123.489
1743   1.000  -1.997  125.015
1744   1.000  -1.998  125.786
1745   1.000  -1.999  128.090
1746   1.000  -1.999  130.386
1747   1.000  -1.999  131.157
1748   1.000  -2.000  133.453
1749   1.000  -2.000  134.995
1750   1.000  -2.000  136.520
1751   1.000  -2.000  138.062
1752   1.000  -2.000  139.595
1753   1.000  -2.000  141.891
1754   1.000  -2.000  144.196
1755   1.000  -1.999  144.958
1756   1.000  -1.999  146.492
1757   1.000  -1.999  148.796
1758   1.000  -1.998  150.330
1759   1.000  -1.997  151.871
1760   1.000  -1.997  153.397
1761   1.000  -1.996  155.701
1762   1.000  -1.995  157.227
1763   1.000  -1.994  158.768
1764   1.000  -1.993  161.072
1765   1.000  -1.992  162.598
1766   1.000  -1.991  164.139
1767   1.000  -1.990  166.435
1768   1.000  -1.989  169.510
1769   1.000  -1.987  169.502
1770   1.000  -1.986  171.806
1771   1.000  -1.984  172.569
1772   1.000  -1.983  172.577
1773   1.000  -1.981  171.806
1774   1.000  -1.979  172.569
1775   1.000  -1.977  172.577
1776   1.000  -1.975  172.569
1777   1.000  -1.973  172.577
1778   1.000  -1.971  111.214
1779   1.000  -1.969  172.569
1780   1.000  -1.967  172.569
1781   1.000  -1.965  172.577
1782   1.000  -1.962  139.595
1783   1.000  -1.960  144.188
1784   1.000  -1.957  172.577
1785   1.000  -1.955  172.569
1786   1.000  -1.952  171.806
1787   1.000  -1.949  111.214
1788   1.000  -1.946  172.577
1789   1.000  -1.943  171.806
1790   1.000  -1.940  172.569
1791   1.000  -1.937  172.577
1792   1.000  -1.934  172.569
1793   1.000  -1.931  172.577
1794   1.000  -1.927  172.569
1795   1.000  -1.924  172.569
1796   1.000  -1.921  172.577
1797   1.000  -1.917  171.806
1798   1.000  -1.913  172.569
1799   1.000  -1.910  172.577
1800   1.000  -1.906  172.569
1801   1.000  -1.902  172.577
1802   1.000  -1.898  172.569
1803   1.000  -1.894  172.577
1804   1.000  -1.890  172.569
1805   1.000  -1.886  169.502
1806   1.000  -1.882  159.538
1807   1.000  -1.877  157.997
1808   1.000  -1.873  157.234
1809   1.000  -1.869  155.701
1810   1.000  -1.864  155.701
1811   1.000  -1.860  153.397
1812   1.000  -1.855  152.634
1813   1.000  -1.850  151.863
1814   1.000  -1.845  149.559
1815   1.000  -1.840  148.796
1816   1.000  -1.836  147.263
1817   1.000  -1.830  145.729
1818   1.000  -1.825  144.958
1819   1.000  -1.820  143.433
1820   1.000  -1.815  142.654
1821   1.000  -1.810  141.129
1822   1.000  -1.804  140.358
1823   1.000  -1.799  138.824
1824   1.000  -1.793  136.528
1825   1.000  -1.788  135.757
1826   1.000  -1.782  134.224
1827   1.000  -1.776  133.453
1828   1.000  -1.770  131.157
1829   1.000  -1.765  129.623
1830   1.000  -1.759  128.082
1831   1.000  -1.753  126.556
1832   1.000  -1.747  125.023
1833   1.000  -1.740  124.252
1834   1.000  -1.734  121.948
1835   1.000  -1.728  121.185
1836   1.000  -1.721  119.652
1837   1.000  -1.715  118.881
1838   1.000  -1.709  116.585
1839   1.000  -1.702  115.814
1840   1.000  -1.695  114.281
1841   1.000  -1.689  112.747
1842   1.000  -1.682  111.214
1843   1.000  -1.675  109.680
1844   1.000  -1.668  108.910
1845   1.000  -1.661  107.384
1846   1.000  -1.654  105.843
1847   1.000  -1.647  104.309
1848   1.000  -1.640  102.776
1849   1.000  -1.633  101.242
1850   1.000  -1.625  99.716
1851   1.000  -1.618  98.938
1852   1.000  -1.611  97.404
1853   1.000  -1.603  95.108
1854   1.000  -1.596  94.345
1855   1.000  -1.588  92.033
1856   1.000  -1.580  91.270
1857   1.000  -1.573  88.974
1858   1.000  -1.565  88.203
1859   1.000  -1.557  85.907
1860   1.000  -1.549  85.136
1861   1.000  -1.541  83.595
1862   1.000  -1.533  82.069
1863   1.000  -1.525  80.536
1864   1.000  -1.517  79.765
1865   1.000  -1.509  77.469
1866   1.000  -1.500  75.928
1867   1.000  -1.492  74.402
1868   1.000  -1.483  73.631
1869   1.000  -1.475  71.327
1870   1.000  -1.467  70.564
1871   1.000  -1.458  68.260
1872   1.000  -1.449  66.734
1873   1.000  -1.441  65.956
1874   1.000  -1.432  63.660
1875   1.000  -1.423  62.897
1876   1.000  -1.414  60.593
1877   1.000  -1.405  59.822
1878   1.000  -1.396  57.526
1879   1.000  -1.387  56.755
1880   1.000  -1.378  54.459
1881   1.000  -1.369  53.688
1882   1.000  -1.360  52.155
1883   1.000  -1.351  50.621
1884   1.000  -1.341  48.325
1885   1.000  -1.332  47.554
1886   1.000  -1.323  45.250
1887   1.000  -1.313  44.487
1888   1.000  -1.304  42.953
1889   1.000  -1.294  40.649
1890   1.000  -1.285  39.879
1891   1.000  -1.275  38.353
1892   1.000  -1.265  36.812
1893   1.000  -1.255  35.286
1894   1.000  -1.246  33.745
1895   1.000  -1.236  32.211
1896   1.000  -1.226  30.685
1897   1.000  -1.216  29.144
1898   1.000  -1.206  28.374
1899   1.000  -1.196  26.085
1900   1.000  -1.186  25.307
1901   1.000  -1.176  23.010
1902   1.000  -1.165  22.240
1903   1.000  -1.155  19.943
1904   1.000  -1.145  19.173
1905   1.000  -1.135  17.647
1906   1.000  -1.124  16.106
1907   1.000  -1.114  15.335
1908   1.000  -1.103  13.039
1909   1.000  -1.093  11.505
1910   1.000  -1.082  11.505
1911   1.000  -1.072  9.209
1912   1.000  -1.061  7.668
1913   1.000  -1.050  6.905
1914   1.000  -1.040  6.134
1915   1.000  -1.029  4.601
1916   1.000  -1.018  3.838
1917   1.000  -1.007  2.304
1918   1.000  -0.996  2.296
1919   1.000  -0.985  1.534
1920   1.000  -0.975  0.771
1921   1.000  -0.964  0.000
1922   1.000  -0.952  0.000
1923   1.000  -0.941  -0.771
1924   1.000  -0.930  -1.534
1925   1.000  -0.919  -2.296
1926   1.000  -0.908  -2.304
1927   1.000  -0.897  -3.067
1928   1.000  -0.886  -3.838
1929   1.000  -0.874  -3.830
1930   1.000  -0.863  -3.838
1931   1.000  -0.852  -4.601
1932   1.000  -0.840  -4.608
1933   1.000  -0.829  -5.363
1934   1.000  -0.817  -6.134
1935   1.000  -0.806  -5.371
1936   1.000  -0.794  -6.905
1937   1.000  -0.783  -6.905
1938   1.000  -0.771  -6.905
1939   1.000  -0.760  -6.897
1940   1.000  -0.748  -7.675
1941   1.000  -0.736  -8.430
1942   1.000  -0.725  -8.438
1943   1.000  -0.713  -8.438
1944   1.000  -0.701  -9.209
1945   1.000  -0.689  -9.201
1946   1.000  -0.677  -9.201
1947   1.000  -0.666  -9.972
1948   1.000  -0.654  -9.972
1949   1.000  -0.642  -9.972
1950   1.000  -0.630  -10.735
1951   1.000  -0.618  -10.742
1952   1.000  -0.606  -11.505
1953   1.000  -0.594  -10.735
1954   1.000  -0.582  -11.505
1955   1.000  -0.570  -12.276
1956   1.000  -0.558  -12.268
1957   1.000  -0.546  -12.276
1958   1.000  -0.534  -12.268
1959   1.000  -0.522  -13.039
1960   1.000  -0.510  -12.276
1961   1.000  -0.497  -12.268
1962   1.000  -0.485  -13.039
1963   1.000  -0.473  -12.276
1964   1.000  -0.461  -13.039
1965   1.000  -0.449  -12.268
1966   1.000  -0.436  -13.039
1967   1.000  -0.424  -13.039
1968   1.000  -0.412  -13.039
1969   1.000  -0.399  -13.039
1970   1.000  -0.387  -13.039
1971   1.000  -0.375  -13.809
1972   1.000  -0.362  -13.039
1973   1.000  -0.350  -13.039
1974   1.000  -0.338  -13.809
1975   1.000  -0.325  -13.039
1976   1.000  -0.313  -13.802
1977   1.000  -0.300  -13.809
1978   1.000  -0.288  -13.802
1979   1.000  -0.276  -13.809
1980   1.000  -0.263  -13.802
1981   1.000  -0.251  -13.809
1982   1.000  -0.238  -14.572
1983   1.000  -0.226  -13.809
1984   1.000  -0.213  -13.802
1985   1.000  -0.201  -14.572
1986   1.000  -0.188  -13.809
1987   1.000  -0.176  -13.802
1988   1.000  -0.163  -13.039
1989   1.000  -0.151  -13.809
1990   1.000  -0.138  -13.802
1991   1.000  -0.126  -13.039
1992   1.000  -0.113  -13.046
1993   1.000  -0.100  -13.039
1994   1.000  -0.088  -13.039
1995   1.000  -0.075  -13.039
1996   1.000  -0.063  -12.268
1997   1.000  -0.050  -13.039
1998   1.000  -0.038  -12.276
1999   1.000  -0.025  -12.268
2000   1.000  -0.013  -12.276
2001   1.000  -0.000  -12.268
2002   1.000  0.013  -11.505
2003   1.000  0.025  -12.276
2004   1.000  0.038  -11.505
2005   1.000  0.050  -11.497
2006   1.000  0.063  -11.505
2007   1.000  0.075  -10.742
2008   1.000  0.088  -10.735
2009   1.000  0.100  -10.742
2010   1.000  0.113  -11.505
2011   1.000  0.126  -9.972
2012   1.000  0.138  -9.972
2013   1.000  0.151  -9.964
2014   1.000  0.163  -9.209
2015   1.000  0.176  -9.201
2016   1.000  0.188  -9.209
2017   1.000  0.201  -8.430
2018   1.000  0.213  -7.675
2019   1.000  0.226  -7.668
2020   1.000  0.238  -6.905
2021   1.000  0.251  -6.905
2022   1.000  0.263  -6.134
2023   1.000  0.276  -5.371
2024   1.000  0.288  -6.134
2025   1.000  0.300  -5.363
2026   1.000  0.313  -4.608
2027   1.000  0.325  -4.601
2028   1.000  0.338  -3.830
2029   1.000  0.350  -3.075
2030   1.000  0.362  -3.067
2031   1.000  0.375  -2.296
2032   1.000  0.387  -1.534
2033   1.000  0.399  -1.534
2034   1.000  0.412  -1.541
2035   1.000  0.424  -0.763
2036   1.000  0.436  -0.771
2037   1.000  0.449  0.000
2038   1.000  0.461  0.000
2039   1.000  0.473  0.000
2040   1.000  0.485  0.771
2041   1.000  0.497  0.763
2042   1.000  0.510  1.541
2043   1.000  0.522  1.534
2044   1.000  0.534  1.534
2045   1.000  0.546  2.296
2046   1.000  0.558  2.304
2047   1.000  0.570  2.296
2048   1.000  0.582  3.075
2049   1.000  0.594  3.067
2050   1.000  0.606  3.830
2051   1.000  0.618  3.838
2052   1.000  0.630  3.838
2053   1.000  0.642  4.601
2054   1.000  0.654  3.830
2055   1.000  0.666  5.371
2056   1.000  0.677  4.601
2057   1.000  0.689  5.371
2058   1.000  0.701  5.371
2059   1.000  0.713  6.134
2060   1.000  0.725  6.905
2061   1.000  0.736  6.905
2062   1.000  0.748  6.897
2063   1.000  0.760  7.675
2064   1.000  0.771  8.438
2065   1.000  0.783  8.430
2066   1.000  0.794  8.438
2067   1.000  0.806  9.209
2068   1.000  0.817  9.201
2069   1.000  0.829  9.972
2070   1.000  0.840  10.735
2071   1.000  0.852  9.972
2072   1.000  0.863  10.742
2073   1.000  0.874  11.505
2074   1.000  0.886  11.505
2075   1.000  0.897  11.505
2076   1.000  0.908  12.268
2077   1.000  0.919  12.276
2078   1.000  0.930  13.039
2079   1.000  0.941  13.039
2080   1.000  0.952  13.802
2081   1.000  0.964  13.809
2082   1.000  0.975  14.572
2083   1.000  0.985  14.572
2084   1.000  0.996  15.343
2085   1.000  1.007  16.106
2086   1.000  1.018  16.106
2087   1.000  1.029  16.106
2088   1.000  1.040  17.639
2089   1.000  1.050  17.639
2090   1.000  1.061  18.410
2091   1.000  1.072  18.410
2092   1.000  1.082  19.173
2093   1.000  1.093  19.943
2094   1.000  1.103  19.943
2095   1.000  1.114  21.477
2096   1.000  1.124  20.706
2097   1.000  1.135  21.477
2098   1.000  1.145  22.240
2099   1.000  1.155  23.010
2100   1.000  1.165  23.010
2101   1.000  1.176  23.781
2102   1.000  1.186  24.544
2103   1.000  1.196  24.544
2104   1.000  1.206  26.077
2105   1.000  1.216  25.307
2106   1.000  1.226  27.611
2107   1.000  1.236  26.848
2108   1.000  1.246  28.374
2109   1.000  1.255  28.381
2110   1.000  1.265  29.144
2111   1.000  1.275  29.915
2112   1.000  1.285  29.915
2113   1.000  1.294  30.678
2114   1.000  1.304  32.211
2115   1.000  1.313  31.448
2116   1.000  1.323  32.982
2117   1.000  1.332  33.745
2118   1.000  1.341  34.515
2119   1.000  1.351  34.515
2120   1.000  1.360  36.049
2121   1.000  1.369  36.049
2122   1.000  1.378  37.582
2123   1.000  1.387  37.582
2124   1.000  1.396  38.345
2125   1.000  1.405  39.886
2126   1.000  1.414  39.116
2127   1.000  1.423  41.420
2128   1.000  1.432  41.412
2129   1.000  1.441  42.191
2130   1.000  1.449  43.716
2131   1.000  1.458  43.716
2132   1.000  1.467  44.487
2133   1.000  1.475  46.021
2134   1.000  1.483  46.021
2135   1.000  1.492  47.554
2136   1.000  1.500  48.317
2137   1.000  1.509  49.088
2138   1.000  1.517  49.858
2139   1.000  1.525  50.621
2140   1.000  1.533  51.384
2141   1.000  1.541  52.155
2142   1.000  1.549  53.688
2143   1.000  1.557  53.696
2144   1.000  1.565  55.222
2145   1.000  1.573  55.992
2146   1.000  1.580  56.755
2147   1.000  1.588  58.289
2148   1.000  1.596  59.059
2149   1.000  1.603  59.830
2150   1.000  1.611  60.593
2151   1.000  1.618  62.126
2152   1.000  1.625  62.889
2153   1.000  1.633  62.897
2154   1.000  1.640  65.193
2155   1.000  1.647  65.193
2156   1.000  1.654  66.727
2157   1.000  1.661  68.260
2158   1.000  1.668  68.268
2159   1.000  1.675  69.794
2160   1.000  1.682  71.327
2161   1.000  1.689  72.098
2162   1.000  1.695  72.868
2163   1.000  1.702  74.394
2164   1.000  1.709  75.935
2165   1.000  1.715  75.928
2166   1.000  1.721  77.469
2167   1.000  1.728  79.002
2168   1.000  1.734  79.765
2169   1.000  1.740  80.536
2170   1.000  1.747  82.832
2171   1.000  1.753  83.603
2172   1.000  1.759  85.136
2173   1.000  1.765  85.899
2174   1.000  1.770  86.670
2175   1.000  1.776  87.440
2176   1.000  1.782  90.500
2177   1.000  1.788  90.508
2178   1.000  1.793  92.804
2179   1.000  1.799  92.812
2180   1.000  1.804  95.100
2181   1.000  1.810  95.879
2182   1.000  1.815  98.175
2183   1.000  1.820  98.175
2184   1.000  1.825  100.471
2185   1.000  1.830  101.242
2186   1.000  1.836  102.776
2187   1.000  1.840  104.317
2188   1.000  1.845  105.843
2189   1.000  1.850  107.376
2190   1.000  1.855  108.147
2191   1.000  1.860  110.451
2192   1.000  1.864  111.214
2193   1.000  1.869  112.747
2194   1.000  1.873  114.281
2195   1.000  1.877  115.814
2196   1.000  1.882  117.348
2197   1.000  1.886  118.881
2198   1.000  1.890  120.422
2199   1.000  1.894  121.948
2200   1.000  1.898  123.489
2201   1.000  1.902  125.015
2202   1.000  1.906  126.556
2203   1.000  1.910  127.319
2204   1.000  1.913  129.623
2205   1.000  1.917  131.157
2206   1.000  1.921  132.683
2207   1.000  1.924  134.224
2208   1.000  1.927  135.757
2209   1.000  1.931  138.062
2210   1.000  1.934  138.824
2211   1.000  1.937  140.358
2212   1.000  1.940  142.662
2213   1.000  1.943  143.425
2214   1.000  1.946  145.729
2215   1.000  1.949  146.500
2216   1.000  1.952  148.026
2217   1.000  1.955  151.100
2218   1.000  1.957  151.863
2219   1.000  1.960  153.397
2220   1.000  1.962  154.930
2221   1.000  1.965  157.234
2222   1.000  1.967  159.531
2223   1.000  1.969  161.835
2224   1.000  1.971  161.842
2225   1.000  1.973  164.131
2226   1.000  1.975  166.435
2227   1.000  1.977  167.976
2228   1.000  1.979  170.273
2229   1.000  1.981  171.799
2230   1.000  1.983  172.569
2231   1.000  1.984  172.577
2232   1.000  1.986  172.577
2233   1.000  1.987  172.577
2234   1.000  1.989  172.562
2235   1.000  1.990  172.577
2236   1.000  1.991  171.814
2237   1.000  1.992  125.015
2238   1.000  1.993  158.768
2239   1.000  1.994  172.577
2240   1.000  1.995  172.562
2241   1.000  1.996  141.129
2242   1.000  1.997  143.433
2243   1.000  1.997  172.577
2244   1.000  1.998  172.562
2245   1.000  1.999  172.577
2246   1.000  1.999  110.443
2247   1.000  1.999  172.577
2248   1.000  2.000  172.577
2249   1.000  2.000  172.562
2250   1.000  2.000  172.577
2251   1.000  2.000  171.814
2252   1.000  2.000  172.562
2253   1.000  2.000  109.680
2254   1.000  2.000  172.577
2255   1.000  1.999  172.577
2256   1.000  1.999  172.577
2257   1.000  1.999  171.799
2258   1.000  1.998  171.036
2259   1.000  1.997  166.443
2260   1.000  1.997  164.139
2261   1.000  1.996  163.361
2262   1.000  1.995  161.835
2263   1.000  1.994  159.531
2264   1.000  1.993  158.768
2265   1.000  1.992  156.479
2266   1.000  1.991  154.922
2267   1.000  1.990  153.397
2268   1.000  1.989  151.871
2269   1.000  1.987  150.330
2270   1.000  1.986  147.263
2271   1.000  1.984  146.500
2272   1.000  1.983  143.417
2273   1.000  1.981  142.670
2274   1.000  1.979  140.350
2275   1.000  1.977  138.824
2276   1.000  1.975  137.299
2277   1.000  1.973  134.216
2278   1.000  1.971  133.453
2279   1.000  1.969  131.165
2280   1.000  1.967  129.623
2281   1.000  1.965  127.319
2282   1.000  1.962  126.541
2283   1.000  1.960  124.252
2284   1.000  1.957  122.726
2285   1.000  1.955  121.185
2286   1.000  1.952  118.881
2287   1.000  1.949  117.355
2288   1.000  1.946  115.814
2289   1.000  1.943  112.747
2290   1.000  1.940  111.206
2291   1.000  1.937  109.680
2292   1.000  1.934  107.376
2293   1.000  1.931  105.850
2294   1.000  1.927  103.546
2295   1.000  1.924  102.005
2296   1.000  1.921  99.716
2297   1.000  1.917  98.175
2298   1.000  1.913  95.871
2299   1.000  1.910  94.345
2300   1.000  1.906  92.026
2301   1.000  1.902  90.515
2302   1.000  1.898  87.433
2303   1.000  1.894  85.907
2304   1.000  1.890  84.366
2305   1.000  1.886  81.299
2306   1.000  1.882  80.536
2307   1.000  1.877  78.232
2308   1.000  1.873  75.928
2309   1.000  1.869  73.639
2310   1.000  1.864  72.098
2311   1.000  1.860  68.253
2312   1.000  1.855  65.201
2313   1.000  1.850  62.897
2314   1.000  1.845  59.052
2315   1.000  1.840  57.526
2316   1.000  1.836  54.459
2317   1.000  1.830  51.392
2318   1.000  1.825  49.088
2319   1.000  1.820  46.783
2320   1.000  1.815  43.716
2321   1.000  1.810  42.191
2322   1.000  1.804  38.345
2323   1.000  1.799  36.819
2324   1.000  1.793  34.515
2325   1.000  1.788  32.211
2326   1.000  1.782  29.144
2327   1.000  1.776  26.840
2328   1.000  1.770  25.314
2329   1.000  1.765  23.010
2330   1.000  1.759  20.706
2331   1.000  1.753  18.402
2332   1.000  1.747  16.876
2333   1.000  1.740  13.809
2334   1.000  1.734  12.268
2335   1.000  1.728  9.979
2336   1.000  1.721  9.201
2337   1.000  1.715  6.897
2338   1.000  1.709  5.371
2339   1.000  1.702  3.830
2340   1.000  1.695  2.304
2341   1.000  1.689  1.541
2342   1.000  1.682  0.763
2343   1.000  1.675  -0.763
2344   1.000  1.668  -2.304
2345   1.000  1.661  -2.304
2346   1.000  1.654  -3.830
2347   1.000  1.647  -4.608
2348   1.000  1.640  -6.134
2349   1.000  1.633  -6.134
2350   1.000  1.625  -7.675
2351   1.000  1.618  -7.660
2352   1.000  1.611  -9.201
2353   1.000  1.603  -9.216
2354   1.000  1.596  -10.727
2355   1.000  1.588  -11.505
2356   1.000  1.580  -12.283
2357   1.000  1.573  -13.031
2358   1.000  1.565  -13.809
2359   1.000  1.557  -13.809
2360   1.000  1.549  -15.335
2361   1.000  1.541  -16.113
2362   1.000  1.533  -16.098
2363   1.000  1.525  -16.876
2364   1.000  1.517  -17.639
2365   1.000  1.509  -18.402
2366   1.000  1.500  -19.180
2367   1.000  1.492  -20.706
2368   1.000  1.483  -19.943
2369   1.000  1.475  -21.484
2370   1.000  1.467  -22.232
2371   1.000  1.458  -22.247
2372   1.000  1.449  -23.773
2373   1.000  1.441  -24.551
2374   1.000  1.432  -24.536
2375   1.000  1.423  -26.077
2376   1.000  1.414  -26.077
2377   1.000  1.405  -26.077
2378   1.000  1.396  -27.618
2379   1.000  1.387  -27.603
2380   1.000  1.378  -29.144
2381   1.000  1.369  -28.381
2382   1.000  1.360  -29.922
2383   1.000  1.351  -29.907
2384   1.000  1.341  -31.448
2385   1.000  1.332  -31.448
2386   1.000  1.323  -32.974
2387   1.000  1.313  -32.211
2388   1.000  1.304  -33.752
2389   1.000  1.294  -33.752
2390   1.000  1.285  -34.515
2391   1.000  1.275  -35.278
2392   1.000  1.265  -36.041
2393   1.000  1.255  -36.819
2394   1.000  1.246  -37.582
2395   1.000  1.236  -38.345
2396   1.000  1.226  -38.361
2397   1.000  1.216  -39.108
2398   1.000  1.206  -39.886
2399   1.000  1.196  -39.886
2400   1.000  1.186  -41.412
2401   1.000  1.176  -42.191
2402   1.000  1.165  -41.412
2403   1.000  1.155  -42.953
2404   1.000  1.145  -43.716
2405   1.000  1.135  -44.479
2406   1.000  1.124  -44.495
2407   1.000  1.114  -46.021
2408   1.000  1.103  -46.021
2409   1.000  1.093  -46.021
2410   1.000  1.082  -47.546
2411   1.000  1.072  -48.325
2412   1.000  1.061  -49.088
2413   1.000  1.050  -48.325
2414   1.000  1.040  -49.850
2415   1.000  1.029  -50.613
2416   1.000  1.018  -51.392
2417   1.000  1.007  -51.392
2418   1.000  0.996  -52.155
2419   1.000  0.985  -52.917
2420   1.000  0.975  -53.696
2421   1.000  0.964  -53.680
2422   1.000  0.952  -55.237
2423   1.000  0.941  -55.222
2424   1.000  0.930  -55.984
2425   1.000  0.919  -55.984
2426   1.000  0.908  -56.763
2427   1.000  0.897  -58.289
2428   1.000  0.886  -57.526
2429   1.000  0.874  -59.067
2430   1.000  0.863  -59.814
2431   1.000  0.852  -59.830
2432   1.000  0.840  -60.593
2433   1.000  0.829  -61.356
2434   1.000  0.817  -62.134
2435   1.000  0.806  -62.119
2436   1.000  0.794  -62.897
2437   1.000  0.783  -63.660
2438   1.000  0.771  -63.660
2439   1.000  0.760  -65.201
2440   1.000  0.748  -65.186
2441   1.000  0.736  -65.201
2442   1.000  0.725  -66.727
2443   1.000  0.713  -66.727
2444   1.000  0.701  -66.727
2445   1.000  0.689  -68.268
2446   1.000  0.677  -69.031
2447   1.000  0.666  -69.016
2448   1.000  0.654  -69.031
2449   1.000  0.642  -69.809
2450   1.000  0.630  -70.557
2451   1.000  0.618  -71.335
2452   1.000  0.606  -71.320
2453   1.000  0.594  -72.876
2454   1.000  0.582  -72.861
2455   1.000  0.570  -72.861
2456   1.000  0.558  -73.624
2457   1.000  0.546  -73.639
2458   1.000  0.534  -75.165
2459   1.000  0.522  -75.165
2460   1.000  0.510  -75.165
2461   1.000  0.497  -75.928
2462   1.000  0.485  -76.706
2463   1.000  0.473  -76.691
2464   1.000  0.461  -77.469
2465   1.000  0.449  -78.232
2466   1.000  0.436  -77.469
