-0.771835
0.318340
0.152717
0.946780
-0.210983
0.430448
-1.749916
0.516468
-0.736250
2.283873
0.732420
-0.090820
-0.634343
-1.095401
-1.146461
0.074643
0.464967
-1.732664
-1.203881
1.088441
2.289612
-0.872231
0.731706
-0.416202
-0.532004
0.658870
-0.286840
1.011396
-1.420814
1.658563
0.324194
-0.714915
0.948859
-0.188092
-0.979556
-0.875408
1.859721
-0.238304
-1.256112
0.349563
-2.054469
-0.251067
-1.514919
-2.473831
0.490953
0.316032
0.202106
-0.340049
-0.803256
-0.048985
1.620612
0.884367
-0.055594
-0.738860
-0.751224
1.506154
-0.530930
0.650556
-0.250767
-0.632792
-0.918405
1.844264
-0.257051
-1.351450
-1.333327
-0.449245
-0.050613
0.071780
-0.130010
1.076548
0.520618
-0.434574
0.855338
-0.614866
0.036065
-0.025443
0.116144
-1.524566
2.021248
-1.035389
1.695193
-0.662236
-1.718298
-0.346942
-0.977742
-0.953596
-0.869206
0.167633
-0.840452
3.619922
0.120957
1.561009
-0.990384
-1.681539
-1.334122
1.542268
1.526945
-2.669242
1.085845
1.369317
0.680380
-0.031542
1.112857
-0.312231
0.165703
0.610637
1.342242
0.046482
1.792790
1.547353
1.702490
-0.374773
-1.040326
0.206661
0.834153
-1.195619
-0.099654
-1.227094
0.781607
-0.937344
-1.975897
-1.708918
-1.032157
0.633591
0.025842
1.147320
-0.278322
0.919723
-0.598095
-0.499742
-0.398640
0.290193
0.992896
-0.344531
0.927214
0.524146
2.198838
0.045605
-1.531706
-0.480774
-1.482253
-0.403019
0.315151
1.029159
-2.093035
-0.362544
-2.317143
0.386968
-0.700748
0.101301
-0.037912
1.195839
-0.127363
0.503837
0.381984
-0.183772
1.197326
0.207515
0.770196
-0.216431
1.567406
-0.074353
-0.747323
-1.765820
0.435788
-0.237566
-1.077933
-0.851604
0.533304
-0.250175
0.581835
0.256306
-2.089590
-0.483411
1.310633
-0.495434
-0.135273
-0.405234
1.799495
0.779586
0.491474
0.978217
0.724029
0.025609
-0.272725
1.207847
1.383464
-0.447274
1.010610
0.234318
1.488491
0.912269
-0.889645
-0.123845
-1.067938
1.853983
-0.528108
0.649050
-1.210634
0.360193
-1.667808
1.605605
0.260267
2.816832
-2.717275
1.100735
0.997531
-0.586806
-0.034375
1.650078
-1.216555
-0.190901
0.637179
-0.030126
0.475617
0.137834
-0.528379
0.583765
1.345737
-1.780418
-1.961170
0.585998
1.344348
0.772845
-0.491469
-0.435399
0.178244
-0.095899
0.961006
0.725511
-1.672767
0.054385
0.839459
1.855164
-0.937298
-0.655695
0.451055
0.734665
0.607282
2.117817
-1.863741
-0.132202
0.909726
1.071843
-1.604711
0.460151
-1.020022
-0.420042
-0.689889
-0.750948
0.845706
0.368337
1.419936
0.695895
-0.678674
-0.067888
0.243048
1.179831
-1.084208
0.519208
-1.407518
-0.578703
0.256267
0.756215
2.413161
-0.416588
0.325032
-0.476997
0.145042
-0.439141
1.527405
0.843020
0.021240
0.241927
1.477367
0.474641
-0.730403
-0.640078
-0.862740
0.054800
-1.138283
0.445620
-0.681668
0.607784
1.987219
0.234197
-1.768747
1.173530
0.886100
-0.782651
-0.326853
1.135714
-1.443440
1.558020
0.435733
-0.072630
0.523715
1.211598
-1.002906
-0.470682
-1.621227
-0.150210
0.111279
-0.675400
1.306483
-0.436671
0.830025
1.520731
-1.495093
1.419531
0.895086
-1.376542
-0.644043
-0.027192
0.992108
0.408416
0.361709
-0.464556
1.584974
-0.975614
1.797013
-0.338292
1.950290
0.676129
-0.396201
-0.140177
0.743657
-0.194965
-1.872217
-0.408995
0.459800
-0.057536
0.299365
-1.292852
0.237326
-0.863175
-0.615290
0.312093
0.166190
-0.714385
0.707281
0.174981
-0.844244
0.814892
-1.718117
0.057596
-0.239839
0.701121
2.168745
1.239257
-0.353485
-1.075608
-0.905420
-0.808830
-0.384208
2.210718
1.444365
1.717754
1.295626
-0.517539
0.879471
1.148663
-0.696878
0.343656
0.001846
-2.190142
-0.240601
0.281186
0.196671
1.182734
-1.174536
-0.924355
-1.551445
-0.786058
-0.536145
1.658669
-0.639703
1.570044
0.989321
-0.067245
-1.343950
1.091015
-0.120668
-1.590414
0.198934
0.092950
-0.759680
-1.409601
-0.670910
1.828607
0.672810
0.092027
0.840084
-0.045163
-0.470107
-0.538941
-0.328403
-1.799394
-0.045280
0.770958
1.758080
2.205918
0.015218
-0.685523
-0.342085
0.860734
-1.572380
-0.914953
0.135559
0.023026
0.311926
-0.341285
-1.461980
0.284626
0.375899
0.084538
1.076176
1.108253
1.045586
0.136429
-0.029445
-0.809678
-0.443975
0.646336
-1.193174
0.343000
-0.131856
0.305963
0.655340
-1.722174
-0.167930
-0.243822
-0.037653
1.092532
0.709702
-0.829328
0.090094
-0.643910
-0.138647
0.847283
0.464987
-1.065138
-2.152630
0.800606
-0.006289
2.225208
-2.009373
0.151667
-1.298264
-0.281920
0.854669
0.768002
1.542549
-0.139403
0.038563
0.761686
1.451488
0.921949
2.100560
-0.887802
0.324620
1.242823
1.534666
1.316471
-0.573346
-1.138461
0.390662
-0.003885
0.104911
-0.742112
1.782308
0.297558
0.513916
-1.071704
-0.642073
0.724778
0.125623
1.907151
-0.398255
-0.968355
-1.035850
-0.458131
-0.761923
-0.432422
-1.356012
1.921868
0.057586
-1.249486
-1.143713
0.474750
0.741905
-0.283706
2.087539
0.572035
0.408584
0.592413
1.376788
-0.909435
0.055937
0.553846
1.361787
-1.033111
1.117030
-2.482953
0.119947
-0.557788
-1.000400
0.461448
-0.791195
0.709801
1.834019
1.791683
0.851681
0.305549
-0.132500
0.902020
-1.132709
0.140617
1.217703
0.566973
0.253369
-0.565927
-0.806306
1.853163
-0.547086
0.673935
-0.069755
-0.890281
2.129087
-1.179788
0.147638
0.759169
-1.629607
1.097645
-1.969835
-0.336939
-0.898674
0.957977
-1.156382
-2.168399
-0.432649
1.670947
-1.288872
-1.985398
0.640269
0.436820
-0.770191
-1.190306
0.573237
-0.539522
-0.271608
0.755209
0.300262
-0.662188
-1.453198
0.387551
-1.114583
0.041828
0.769997
1.253122
-1.719785
-0.452720
-0.569712
0.713327
-1.195602
-0.770407
1.161927
0.484535
-0.466399
0.396894
-0.275639
-0.432114
0.444804
0.645166
1.107160
-1.153563
-1.407359
-0.524304
0.415151
1.638827
-0.462551
0.260925
0.653776
0.418305
1.253732
1.398318
1.633848
-0.318595
-0.613258
-1.065549
3.562131
0.281372
1.176168
-1.807249
-0.934619
0.355295
0.263483
0.698475
-0.316387
1.328687
-1.642507
0.918763
0.120185
-0.377833
-0.922456
1.919113
0.659296
-0.686215
-0.358610
-2.389897
-1.665951
0.171570
-0.903995
1.678326
0.133988
1.850818
0.029181
-1.058992
0.144038
-0.533330
-0.574247
-0.372207
-0.069150
0.234071
-1.245060
-0.501470
0.512369
1.905970
-0.198817
1.022855
1.253967
-0.571394
-0.930952
0.489063
0.778000
-0.242003
0.063500
0.248661
-0.855934
0.026818
-0.358935
-2.215656
-0.254139
-0.159639
0.839181
0.231247
0.454842
-0.323226
0.517988
-0.009299
0.894111
-1.029254
0.147631
0.324616
2.292706
1.566337
-0.328583
0.992530
0.109433
-0.749152
0.262673
-1.345753
0.448910
-1.062629
0.426921
-0.463334
0.430681
1.077503
0.832431
-0.066791
0.328887
0.542200
-0.672538
1.163943
-2.430237
0.614163
-0.568780
0.196857
0.599842
-1.879187
-1.038211
0.128957
1.007204
0.904295
-0.839538
0.675449
0.510770
0.229954
0.620973
-0.530969
-0.386426
-1.171111
-0.658423
-0.770003
-0.494074
0.059724
1.887235
-0.451049
-0.201477
0.605550
0.803384
-0.303184
0.825794
-0.040865
-1.244486
0.986900
-1.976686
-0.632427
0.726116
-1.689322
0.562232
1.474918
-0.354077
-1.203843
-1.081628
0.040528
0.617970
0.334638
-0.354803
-0.879694
0.836105
1.148992
-0.929286
0.528711
0.128642
-1.416155
0.083613
0.124151
1.173874
-1.529195
-0.292004
0.123560
0.533612
0.452567
0.634575
0.866728
0.059027
-0.260345
1.270086
1.552256
0.075139
0.858251
1.383165
-1.134176
0.987943
1.114383
0.701136
1.527572
0.536266
1.100977
-0.491538
-0.414948
-0.339384
-1.391571
-0.848238
2.144999
0.502624
-1.448923
-0.010025
1.523786
-0.971398
0.163941
-0.183291
-1.016942
-0.134167
2.524100
1.469799
0.349772
-1.390771
-0.301172
0.279446
0.373895
-0.178711
0.797929
0.152781
-0.685021
-0.197702
0.046273
1.170504
-0.051674
-1.193775
-1.050330
2.940643
0.648478
-0.159385
-1.685544
-0.524840
-0.410836
-0.512644
-0.711124
0.079848
0.976299
-0.060702
1.443214
-1.523740
2.540864
-1.235461
-0.662265
0.561484
-0.656962
-2.733361
-0.566612
-1.313927
-1.551284
0.850023
-0.191061
0.695546
-0.239023
0.427706
0.772836
0.859340
-1.117320
0.067951
-1.389415
-0.666220
0.445922
-2.251060
-0.641686
0.189902
0.851815
0.409274
-0.401860
-0.328568
-0.757362
1.018353
-1.857205
-1.779806
-0.279102
-1.175204
-0.378239
1.690370
-0.453347
0.175694
-0.282065
-1.923494
0.106435
0.425051
1.159235
0.753478
0.642392
0.982965
0.269945
-0.148100
0.242231
-1.165282
1.113229
-0.616369
0.252395
-0.660207
-0.013015
-0.468654
1.006076
0.056758
1.107353
1.065967
0.238851
0.800822
-0.381016
-0.321739
0.687836
-0.115949
1.201621
-1.581223
-1.437080
0.355960
-0.420272
1.253465
0.019275
2.165434
-0.085035
0.197211
0.817308
0.263320
0.048469
2.906609
1.166746
-0.452292
1.310482
-0.584085
1.311693
-0.383442
-1.867194
-0.389620
1.437406
-0.587948
-1.169448
1.088784
-0.932244
0.801084
-1.330752
0.414333
0.830369
-1.054689
0.397559
-0.411586
-0.113141
0.685933
0.321184
-0.801623
0.265421
0.031000
0.291403
0.114700
0.468173
-1.637604
-0.515245
1.176025
-0.390684
-0.776035
-0.045338
-0.069707
-0.317004
-0.431929
-1.096630
-2.032967
-0.958901
-0.890527
-0.528326
1.535142
0.492804
-0.042974
-0.888405
-1.063493
-0.079152
0.825625
-2.121683
0.242532
-1.511723
-0.781063
-2.159294
0.525831
0.463234
0.735242
-0.423756
1.098358
-1.460505
-0.862651
-0.334915
-0.077026
0.060385
0.444705
0.611528
-0.063589
0.032561
1.798996
-0.919448
-0.218255
0.227837
-0.075054
1.407646
-0.463428
-0.467413
-0.921299
1.226704
0.297340
0.066583
1.292135
-0.087386
-1.225323
0.189157
-0.163594
-1.378770
0.193490
-0.225886
-0.771689
-0.168062
0.198210
1.189265
0.576097
1.009917
-0.319051
-0.443923
0.200760
2.089050
-1.094144
-0.824495
-0.100853
-0.412733
-0.355282
0.479378
0.515966
-0.285920
0.051772
-1.293637
0.218866
-0.288463
-0.643888
1.721053
1.638324
-0.884589
-1.250032
-1.325051
-0.669304
-1.418426
0.941876
2.371964
0.269337
-0.344880
1.571656
0.344496
-0.885913
-0.215999
0.219576
0.520926
0.457804
1.588540
-0.027350
0.482918
1.030984
0.293126
-2.061108
-1.611421
1.468715
1.458564
0.289888
-0.724340
-2.082486
-0.271496
-1.263002
0.483746
-1.164410
0.138715
0.356148
-0.368228
-0.708042
-0.607037
-0.468864
0.076912
-0.012759
-1.058459
0.414962
-0.862602
-1.008930
-1.740958
-1.636845
-0.522984
0.476638
0.814561
-0.468714
1.027266
-0.202248
1.418068
-0.158251
1.119238
0.648470
0.866630
0.196962
0.005654
-0.422707
0.022944
3.146549
-2.192682
-0.855188
0.594763
0.572787
-0.376410
1.432120
0.761830
0.841375
1.382469
-0.788451
0.377903
-0.437654
0.064983
0.535756
-0.535563
-0.291533
0.685922
0.166202
-1.232321
0.631225
-0.112790
-1.131126
0.311622
2.358797
1.013817
-1.304945
-0.771361
0.113910
-0.588662
1.212126
0.537313
1.841489
0.190594
0.753710
-0.238785
-1.099068
-1.042347
-0.052920
-2.150376
-0.104476
-0.186306
-0.450846
-0.658740
-0.333423
-1.208123
-0.590888
0.089596
-0.417257
0.888296
1.149590
-0.514201
-0.516394
0.569554
-2.430354
0.463274
-1.120663
0.344542
0.631029
0.468396
-0.534987
0.335079
-1.938311
1.572677
-1.617512
0.300189
-0.929723
-1.691997
0.634609
-0.337658
-1.159906
-1.309646
-0.456645
1.927293
-0.116527
0.631400
-0.587755
-1.412712
0.010337
1.503506
-0.947923
-0.447636
0.579661
1.223076
1.051420
-1.725392
0.624555
0.016703
0.312801
0.036620
-1.207989
0.738621
-0.376561
-0.369722
0.761428
0.257735
-1.433418
0.262460
-1.177806
-0.522858
-0.792282
0.510439
0.288751
1.553273
0.024542
0.785233
-0.183227
1.147071
0.658670
0.338223
-0.627118
1.353022
-0.373884
-0.403449
-0.443759
-0.164202
-1.592852
0.896403
-1.401621
-0.455929
1.220045
1.879991
-0.062614
0.020694
0.354198
-0.311091
1.193601
1.115231
0.965411
-0.173772
-0.328826
-0.830728
-0.190664
-0.527523
0.282284
0.662734
1.612118
-0.520275
0.032212
-0.345137
2.396632
0.948730
-0.074214
1.045212
-0.030188
-0.560686
0.595577
-0.713363
0.040526
-1.503104
0.093837
-1.569065
-0.580624
2.249919
0.794831
-1.496655
-1.404656
-0.142589
0.586822
-1.191003
2.049550
1.435043
-0.171208
1.450389
0.602219
-0.197362
-0.849726
0.825472
-1.507796
-1.596059
-0.391883
0.488167
0.151889
0.850958
-0.761613
-0.496573
-1.165410
-0.456931
-1.498259
1.100849
0.112004
0.120171
-0.194570
0.273825
-0.138379
-1.691260
-0.571972
-0.660179
0.002942
0.282630
0.962656
-0.290432
0.628173
0.583330
1.437455
-0.993090
-1.371798
-0.795764
-1.110417
1.758651
0.341321
0.671506
-0.497632
0.226506
-0.359931
1.274487
-1.150630
-0.360798
-1.087313
0.717085
0.223835
-0.096106
-0.642506
-0.107804
0.455388
1.382068
-0.841480
0.914839
0.643026
0.311606
-2.139901
0.594996
0.112680
-1.204360
0.822079
-2.169922
0.215942
-1.437563
0.199301
0.326915
-1.026081
0.372559
0.328307
-0.362249
0.724275
-0.617659
0.510735
-0.210812
0.336763
-0.226060
0.696170
0.079404
0.462490
0.853076
0.365215
1.864395
0.655860
-2.543138
1.381706
0.079819
-0.786674
-0.712287
-1.316550
-0.342206
-0.732350
-0.226114
-0.153515
-1.203438
-0.593899
0.613921
0.478105
0.490588
0.119025
0.188879
0.599042
-1.682018
0.393950
0.768049
1.900025
-0.991511
0.710867
0.947800
-0.094332
-0.614237
-1.595753
0.143173
-0.506527
0.903526
0.535167
-1.164301
0.403729
-0.344749
-0.814930
-1.132160
0.019659
-0.352601
-0.365817
0.827739
-1.679823
-1.339781
-0.942580
0.529474
0.160697
-0.928005
-0.701110
1.451265
0.032417
0.525399
-2.052831
-0.241925
-0.188046
-0.660415
0.382622
1.007809
-0.102523
-0.628500
-0.575518
0.916600
-1.052343
-0.068088
0.567908
-0.123765
-1.412156
0.334610
-0.112603
-0.441748
1.638305
-1.518321
-1.002817
-1.796657
0.991539
-0.313934
0.055598
0.017667
1.368470
0.224002
-1.055109
-3.051690
0.109250
0.330957
-0.017511
0.386280
0.606899
0.158208
0.214584
0.357324
1.004146
0.134730
0.542644
0.453501
-1.550407
-1.328331
0.031409
-0.093278
-0.028917
-0.085517
-0.261975
1.009353
0.972923
1.295214
0.333155
0.203927
-0.082135
0.383210
0.833950
-1.189659
-1.115062
0.447684
0.861480
0.119504
-0.082111
0.330122
0.484847
-0.150286
-0.149663
0.740180
0.448001
0.980227
1.229339
-0.065289
-0.104201
-0.829886
0.851193
1.578682
0.594043
1.220999
-0.360306
-0.060365
-1.447010
0.989074
-0.326301
-0.632096
-0.258756
-0.199577
-0.690754
1.648724
0.383810
-0.456670
-0.090706
-0.739291
-0.322751
-1.565685
1.004599
-0.578579
0.432161
0.099873
2.140996
-0.005048
-0.808304
-0.695091
-0.546199
0.273325
-0.808462
-0.335939
0.066625
2.616062
-1.396868
0.692715
-0.050170
-0.167194
-0.050539
0.870008
-0.274853
-0.755185
-0.127730
-0.013290
1.579815
1.137220
-1.322408
0.916730
-2.169805
0.267697
0.137694
-1.622613
-0.964711
0.921635
-0.539362
-0.625017
-1.182604
-1.423197
0.525187
0.370099
-1.019475
-0.863796
0.539614
0.104213
-0.860335
-0.053635
-0.712965
-0.484878
-0.232061
-0.968311
0.523049
1.042648
-1.152403
0.827181
-0.069165
-0.754606
0.343147
-0.707453
-0.582764
0.873637
0.996876
-1.412881
-1.582627
1.572829
1.591413
-0.917009
1.758259
-1.292091
-0.027343
1.543219
0.130057
1.048545
-0.591529
1.405926
0.033368
1.031909
-0.508435
-1.839088
0.947272
1.819597
-0.311393
1.083702
-0.402798
0.440057
-0.876667
-0.515693
-1.558790
0.833113
-1.330632
0.340641
-0.374454
-0.234416
0.765908
1.900335
1.610979
0.122050
1.506502
-0.369155
-1.006877
-1.507203
-0.960781
-0.006165
-0.745837
0.189772
-0.211074
1.045505
0.440328
-0.883606
0.949313
-1.691071
-0.170639
-0.062654
-0.399273
-0.677950
0.612657
-0.005127
-0.047907
-1.414858
-0.593983
-1.670406
1.155327
1.253168
-0.007711
-1.216779
-0.359293
-1.097088
-0.156532
0.059056
-1.361376
1.083365
0.839048
-0.458862
0.331764
-0.842298
-1.019156
-2.108483
0.609344
-1.577830
0.427376
-1.243348
1.764336
-0.116016
-0.410393
1.104487
0.385222
-0.003298
0.991605
-0.534935
0.149699
1.399969
0.967473
-1.108093
-0.815819
0.979201
-1.641521
-0.842479
0.470030
0.662693
-1.521746
-0.473057
0.507078
0.383745
-2.192522
0.317769
-0.394646
0.734493
1.206860
0.999640
0.799902
-0.345656
1.203769
0.095614
1.630202
-0.701533
1.983949
0.183033
-0.705508
-0.002545
2.594402
-1.474518
0.479649
1.232931
-0.277794
0.339665
1.222341
0.186914
0.296814
-1.848124
0.137676
-0.220628
0.496272
-0.296498
-1.060009
-0.104500
0.251914
0.498671
-0.153776
-1.749545
0.045909
0.816155
-0.073051
1.438956
-0.301679
-1.916615
0.301296
0.246206
1.020737
-0.929185
-0.345994
0.436892
-0.402883
-0.382920
-0.963494
1.041658
0.828542
-0.254079
-0.044957
-0.616250
1.715095
1.311660
-1.703921
0.512167
-1.703597
0.594198
0.153325
-0.031487
-1.472152
-0.092888
-0.882083
0.586281
0.866215
-1.107082
0.044248
0.068526
1.239727
-0.698979
-1.350965
1.462044
-0.178904
-2.764056
1.516065
1.663915
1.693680
-1.489650
0.056082
1.653933
-0.289945
-0.801006
-0.045957
-1.469472
1.257589
-0.779635
0.665219
0.628407
1.620924
-0.682341
-0.486530
0.923825
2.101554
0.237168
-1.369145
-0.357515
2.355430
0.986305
0.587980
-0.122973
-2.987413
0.203451
0.227372
-0.428508
1.734560
0.602776
-0.356056
-1.107972
-0.579619
-0.933220
-0.172264
-1.519757
-1.028239
-0.364548
1.238204
0.683561
0.863446
-0.485953
0.481117
-0.307207
0.471220
-0.765077
0.050034
0.545936
1.379322
0.613983
-1.888758
-0.645466
-1.256480
1.730508
-1.054181
-2.373357
0.167784
-0.448631
1.495806
-1.451256
-0.402576
0.596231
-1.338583
0.251999
-0.795196
-1.620359
0.356612
-1.614347
0.391063
-0.196628
-0.592185
-0.427872
-0.654547
-0.130600
1.978204
-1.143856
1.057619
0.718026
-0.815097
-0.060933
1.200760
0.741739
-2.061358
-3.369492
0.110987
0.774361
-0.439301
-0.117715
-0.079411
1.780189
-0.934632
0.842138
0.225160
-0.279059
-0.805488
2.056057
1.181507
0.701024
-0.549540
-0.715636
-0.802174
0.148460
-0.311628
0.777408
-1.773019
-0.783061
0.176730
-0.558545
-0.261302
1.848424
1.909479
0.253816
-1.640077
0.876142
-2.067616
0.771535
-1.198790
1.425787
-0.650131
0.066983
0.560216
0.004524
1.529296
0.750901
-0.249145
0.014152
-0.879662
-0.160143
2.321340
2.545473
-3.087423
0.255586
2.139098
0.726548
0.389292
-1.125688
0.644465
-0.206963
-1.597823
0.482813
-1.570388
0.812377
1.128928
0.243101
0.170297
0.719894
0.959109
-0.453376
-1.019884
-0.992585
-0.152858
-1.840169
0.898063
-0.023557
-0.233057
1.442448
0.088040
1.993349
-0.960462
1.053379
-2.654057
-2.514872
-0.582523
1.241906
0.999332
-0.238009
-0.387811
-0.741009
-1.159734
0.079730
-0.518455
-0.845352
-0.159170
-0.358543
-0.690035
0.044663
-1.989228
-0.611345
-1.787928
0.446059
-0.218696
-0.836534
-0.359331
0.162459
1.028028
-1.094850
0.473785
0.929637
-0.516691
1.045132
0.304458
-1.184023
-0.160061
-0.022685
0.605273
-0.846617
-0.085038
-0.722116
-0.938281
0.287592
0.147748
0.951291
1.473227
0.568835
-0.640822
-0.411603
-0.099901
-1.690705
-1.719140
-2.030612
1.034368
-1.652592
-0.383120
1.177876
0.303274
0.500831
1.029887
0.085004
-0.885822
-1.264145
0.128103
0.446791
0.758193
-0.952698
-1.285371
-0.756677
-0.146411
0.949008
-2.855895
0.910451
1.777609
-1.620373
-0.218684
-2.391607
1.103733
-1.146988
0.737936
-0.083034
0.173091
-0.745440
0.864114
-0.022163
0.127128
-0.471668
-0.888995
-0.389768
0.361552
0.543161
0.595525
-0.785548
0.724160
-1.766828
0.096989
-1.569460
-1.165603
0.531939
0.781290
0.658711
-1.688312
1.710424
-0.056326
1.764235
-0.228592
0.552304
1.086176
0.754470
-1.214500
0.296844
1.292429
1.325862
0.046771
0.936969
1.185401
-1.230644
0.896416
1.503829
0.059936
1.629354
0.382762
1.294549
-1.022564
0.687130
0.818892
1.246298
1.064148
-0.773916
0.418095
-0.721960
-0.017798
-1.307071
-0.558548
-0.258017
1.100548
1.641612
-1.383012
-0.762816
0.468817
0.401313
-2.422933
0.025881
0.623056
-0.161293
1.076824
0.414161
0.257298
-0.531734
-0.208088
-0.273972
0.222206
1.365915
0.036610
0.049287
0.815397
-0.683082
0.863809
0.305674
